"","Precentral_L","Precentral_R","Frontal_Sup_L","Frontal_Sup_R","Frontal_Sup_Orb_L","Frontal_Sup_Orb_R","Frontal_Mid_L","Frontal_Mid_R","Frontal_Mid_Orb_L","Frontal_Mid_Orb_R","Frontal_Inf_Oper_L","Frontal_Inf_Oper_R","Frontal_Inf_Tri_L","Frontal_Inf_Tri_R","Frontal_Inf_Orb_L","Frontal_Inf_Orb_R","Rolandic_Oper_L","Rolandic_Oper_R","Supp_Motor_Area_L","Supp_Motor_Area_R","Olfactory_L","Olfactory_R","Frontal_Sup_Medial_L","Frontal_Sup_Medial_R","Frontal_Med_Orb_L","Frontal_Med_Orb_R","Rectus_L","Rectus_R","Insula_L","Insula_R","Cingulum_Ant_L","Cingulum_Ant_R","Cingulum_Mid_L","Cingulum_Mid_R","Cingulum_Post_L","Cingulum_Post_R","Hippocampus_L","Hippocampus_R","ParaHippocampal_L","ParaHippocampal_R","Amygdala_L","Amygdala_R","Calcarine_L","Calcarine_R","Cuneus_L","Cuneus_R","Lingual_L","Lingual_R","Occipital_Sup_L","Occipital_Sup_R","Occipital_Mid_L","Occipital_Mid_R","Occipital_Inf_L","Occipital_Inf_R","Fusiform_L","Fusiform_R","Postcentral_L","Postcentral_R","Parietal_Sup_L","Parietal_Sup_R","Parietal_Inf_L","Parietal_Inf_R","SupraMarginal_L","SupraMarginal_R","Angular_L","Angular_R","Precuneus_L","Precuneus_R","Paracentral_Lobule_L","Paracentral_Lobule_R","Caudate_L","Caudate_R","Putamen_L","Putamen_R","Pallidum_L","Pallidum_R","Thalamus_L","Thalamus_R","Heschl_L","Heschl_R","Temporal_Sup_L","Temporal_Sup_R","Temporal_Pole_Sup_L","Temporal_Pole_Sup_R","Temporal_Mid_L","Temporal_Mid_R","Temporal_Pole_Mid_L","Temporal_Pole_Mid_R","Temporal_Inf_L","Temporal_Inf_R","Cerebelum_Crus1_L","Cerebelum_Crus1_R","Cerebelum_Crus2_L","Cerebelum_Crus2_R","Cerebelum_3_L","Cerebelum_3_R","Cerebelum_4_5_L","Cerebelum_4_5_R","Cerebelum_6_L","Cerebelum_6_R","Cerebelum_7b_L","Cerebelum_7b_R","Cerebelum_8_L","Cerebelum_8_R","Cerebelum_9_L","Cerebelum_9_R","Cerebelum_10_L","Cerebelum_10_R","Vermis_1_2","Vermis_3","Vermis_4_5","Vermis_6","Vermis_7","Vermis_8","Vermis_9","Vermis_10"
"Precentral_L",1,0.588978694647428,0.130753882107164,-0.121514185854224,0.0105961773327219,0.00451201409992813,0.0999870484118238,-0.0560417304937669,0.0958776604909407,0.0357568337940261,0.445882912440687,0.24442942345364,0.214596774567826,0.062030780376561,0.181738869397081,0.0571759258858554,0.441897029448243,0.375387964631617,0.520904748508605,0.487206993006003,-0.146160150175853,-0.151193973113814,-0.200502255651006,-0.268295368295421,-0.20961862804235,-0.169332359197461,-0.081400759313387,-0.0501246700927804,0.211850798092895,0.163573995908051,-0.282600698491855,-0.29224206150151,0.263988264029026,0.0823576264914585,-0.314832544056754,-0.383334096164553,-0.241442697513455,-0.387551094421504,-0.248445459647494,-0.245764125298983,-0.0489208181719651,0.096658003779418,-0.342276200490307,-0.191474561521824,-0.314910018896105,-0.239237430496657,-0.208419384179749,-0.128039201632591,-0.163690789878426,-0.0743362766733479,-0.060373747614775,-0.0149879904669509,0.079972990021202,0.249479225004164,-0.168762407710369,-0.0201496931315757,0.683804640315339,0.551359759635574,0.155158601898992,0.0466896720314655,0.290680040025128,-0.0275050480418161,0.488589964839646,0.205748262780025,-0.125340388211208,-0.284748471655269,-0.259489869294228,-0.329771570168429,0.411768786783264,0.292803994514721,-0.0750605110764109,-0.223304503676565,0.198453861875709,0.244794511641324,0.123944677793173,0.180146337373944,-0.146525961035995,-0.0890119896448177,0.297673848623654,0.347356353545989,0.338479760287824,0.362095310509149,-0.00249827883458438,0.0470309267971546,0.134187547878772,0.0568127936268125,-0.101068358590581,-0.0442126943130227,-0.0452402410888474,0.0668576671823232,-0.332243890037007,-0.0599500118737473,-0.286709643827867,0.00424729968111198,-0.176353876185266,-0.249185639776803,-0.248935096504602,-0.0916410413241622,-0.117716402224502,0.0946378606175986,-0.189395375961707,0.0273894743860726,-0.122083517194349,0.0966522507519105,-0.232796134582077,-0.15689489016388,-0.255375206282168,-0.056706609579578,0.0662253149123155,-0.0935852834153409,-0.27896698998491,-0.170686980139781,-0.147497301172157,0.065885254999686,-0.133800926015389,-0.231562684888748
"Precentral_R",0.588978694647428,1,-0.0856402395639357,-0.0568698376816292,-0.0618611293241265,0.0236393308499059,-0.178301418342747,-0.0353525995549877,-0.0874029269793201,0.0938152547088225,0.190153475030128,0.323506020002292,-0.0765974114139845,0.0967738200000692,-0.0705931630117288,0.0113551215310122,0.450214378232158,0.537395475982632,0.200507050715581,0.413405171289819,-0.0954021984186962,-0.136283123735727,-0.336482267909386,-0.27929370222304,-0.188865446612979,-0.0671508527841096,-0.0350296365838532,-0.0372889082245438,0.139283647135064,0.294575242314958,-0.289910632010365,-0.264213338029658,0.245686437764205,0.241674836832245,-0.246333359448368,-0.278823001022918,-0.320891566064936,-0.321963083452183,-0.223835647744381,-0.227565193837886,-0.115166115474904,0.0295288803762982,-0.206366811690715,-0.0834523398344311,-0.136712042590877,-0.0461442757224015,-0.0610843262839119,-0.0354942471018313,-0.0670308959440107,0.0467961814580948,0.0513167599617747,0.0763208268134043,0.11746390805613,0.260146395667092,0.0105644254976021,0.0191573834288457,0.726387776678281,0.804659509677682,0.0854446409471873,0.233437102505463,0.132363656797372,0.0266641089725852,0.279962069912216,0.206129741498374,-0.196297682972161,-0.152415112708485,-0.242714887499285,-0.204058270028336,0.410030427597287,0.451840927057884,-0.193758720754781,-0.274833912027037,-0.000250238562799795,0.235770662100025,0.00871042806993194,0.101602071199298,-0.315761684162503,-0.0922401132755704,0.428962480844325,0.390626044387788,0.436860552892786,0.426122664366916,-0.0982801832565619,0.0324299606243111,0.0591210836181269,0.0250820626530869,-0.111496640496474,-0.106205703575755,-0.109153764096922,0.110081805640643,-0.178710095477376,-0.218832314370169,-0.209787097528402,-0.16654785253118,-0.126858423267923,-0.177700391782344,-0.0349868784477153,0.00967754184504886,0.115122636278393,0.0462207853793128,-0.0550714128471079,-0.155674056950401,0.0899208948812874,0.00202131841627873,-0.221530588620844,-0.296292343192246,-0.0881803586602295,-0.189454362165442,-0.00504657701014306,-0.062313515505111,-0.21273300088829,-0.102079710703829,-0.0531050179299966,0.0944011381777493,-0.276748165278405,-0.211580942615073
"Frontal_Sup_L",0.130753882107164,-0.0856402395639357,1,0.259384826702405,0.582213227994014,0.169749171185254,0.725329311078986,-0.0125787593921752,0.518565983993292,0.129029146469127,0.311461757912323,-0.120432648777231,0.379845130442999,-0.0406431460913324,0.390841513953722,0.0775959452178768,-0.11594488018207,-0.0824713808254941,0.117122458819171,0.092948250658596,0.132306218859587,0.0862423105564345,0.658575960639694,0.384031623967527,0.316101735936498,0.163939736400123,0.291743423514654,0.270942596872728,-0.0910481184817934,-0.145005684270369,0.200615266432575,0.123067174621589,0.0926430594518513,-0.0613946374374495,0.216295426759059,-0.0839002660550897,-0.0486948441379043,-0.177038268838556,-0.0663289544559955,-0.0617898134743198,-0.00838552113339801,-0.00207382685092494,-0.1652720093809,-0.116305627147292,-0.126800920426308,-0.148071377935053,-0.226223349862581,-0.0760515525127738,-0.188146511122887,-0.162144153644529,-0.0194396198399021,-0.0635955610416486,0.0780946627601606,0.11908832527745,-0.1636840462518,-0.0833366153070583,-0.0697982199831875,-0.0541471839365481,0.0076195562460705,-0.315887584891962,0.217095731955136,-0.16545202340264,-0.0456735262763108,-0.14067925220445,0.617160260761845,0.0365646491836157,-0.00404926927262688,-0.178093678388044,-0.0164396999442631,-0.0939254717541999,0.0429129889277059,-0.116642820252845,0.0652200499513336,-0.0159794254422807,-0.0579631867133086,0.05878331870067,-0.13987039108965,-0.156615449816446,-0.0895765603012722,-0.0738291326109229,-0.209409960231339,0.0380823256445348,0.111862896848854,-0.175866054122907,0.258363031587783,0.202679221344166,0.0365353650112428,0.193831552360789,0.234144029061073,-0.00455557774327877,-0.327603238813297,0.0603703715764203,-0.0736535436122941,0.341488032262572,-0.290928995644992,-0.467516953902985,-0.408640923498684,-0.276510104718232,-0.377535507484932,-0.168988183459818,-0.156357333066133,0.133673326459776,-0.333509933604783,-0.125577214030427,-0.329544791499359,-0.0698863131747982,-0.393322668818149,-0.123547380818825,-0.125084099392041,-0.296862587814903,-0.262097435586254,-0.299385927553468,-0.118562868926008,-0.100759696523584,-0.0476379349055165,-0.26829233299287
"Frontal_Sup_R",-0.121514185854224,-0.0568698376816292,0.259384826702405,1,0.106429849154661,0.435162939988336,0.316330272329147,0.600415022741291,0.159182815549844,0.37005552866055,-0.0453349569036959,0.114360121412439,0.0457312439378267,0.276746662222028,-0.0798634481800494,0.138039302794143,-0.172143565244039,-0.156305624623914,-0.137960969594023,0.135828149916322,0.0139345327124813,0.207100195448026,0.366469953019244,0.521287673634707,0.276611813436095,0.357442038318946,0.0914000250916322,0.180574119006361,-0.0431103946749396,0.0571424830879717,0.329193974070206,0.519614607633701,0.234816981016402,0.48381573772815,0.10523829841373,0.117773821734453,-0.270247830869399,-0.24391220605645,-0.238538074126089,-0.0658242686791919,-0.306637182523474,-0.0745828839091944,-0.29302460230416,-0.344130800852255,-0.192851145748057,-0.115150874048099,-0.366693644366763,-0.383558811484865,-0.276731349081539,-0.190567085469258,-0.210822328035481,-0.113726814966065,-0.174909595519049,-0.158641152108788,-0.277415777762034,-0.397573863064103,-0.130802688237907,-0.109149619190611,-0.0198676255666673,0.0589769299196664,0.086854003748766,0.327524713272056,-0.193602619758381,-0.00357677241722293,0.231305762054715,0.491586402042097,0.127502911153029,0.273528631677343,-0.158657202343997,-0.121913275767523,0.0979277267599271,0.146999278805519,-0.0205087703380038,0.0593571704332406,0.0522936258671876,0.208692281273401,-0.121852784720362,0.0347237066623046,0.0586104779746477,-0.153571169660374,-0.117323782839234,-0.0535963596729874,-0.221403261520178,-0.245324291087523,-0.0787565022467386,0.136947980763976,-0.154111508363174,-0.0676161778298974,-0.107983639437712,-0.00677465675642398,-0.231478399819176,-0.195005567337211,0.00451592459144997,-0.0980676716211193,-0.163793020154972,-0.160214080280311,-0.24364110564583,-0.215259490581691,-0.270726773992727,-0.385258706896369,0.0837189844909764,-0.0813383206726545,-0.0366517491393694,-0.0450032183334665,-0.140798840093277,-0.0349779555068531,-0.186384543255634,-0.0400209518689195,-0.0117368656696413,-0.144330480739336,-0.179032470768192,-0.275837651878066,-0.159823777240503,-0.14983662675521,-0.123272762549141,-0.0521096538681157
"Frontal_Sup_Orb_L",0.0105961773327219,-0.0618611293241265,0.582213227994014,0.106429849154661,1,0.15055421841108,0.357253226927308,-0.118125806465195,0.584408352238495,0.144977414769871,0.1043924043444,-0.223797118058756,0.228139291052768,0.050584905767852,0.315386714540249,0.221725502544354,-0.0635269484592332,-0.00844596586192373,-0.188626890802339,-0.0997193837593736,0.454360458183209,0.251022631891848,0.495620299953072,0.470575886790724,0.694773660820577,0.520075632625996,0.788311240436284,0.49539627824352,-0.123566740559776,-0.132984996994677,0.20396748368686,0.191400737176557,-0.0667966539241142,-0.130789293738889,0.180023658126356,0.0600631461183809,0.0899435713976012,0.0611669025528234,0.0415319338128483,0.0438583947112023,-0.0185319038414741,0.0770746971090302,-0.175315834584513,-0.232682117528882,-0.204773678200188,-0.327797589732121,-0.145842348990095,-0.138433922570136,-0.266403790961647,-0.275531220857608,-0.141589398176532,-0.203195930959694,-0.0907455464066557,-0.158614067586373,-0.0852301986444951,-0.0986661790693449,0.0462829739277192,-0.0685615567492953,-0.119892166525205,-0.38329205648667,-0.108771027769001,-0.279256115714845,-0.172422541436602,-0.219190808001597,0.38137942033994,0.0326070631161462,-0.0690201698637653,-0.220740313051152,-0.109056042066814,-0.171766226055423,0.0411328813306703,0.0468139236040228,0.0400083416935806,-0.0125462823563883,-0.0610427227149121,0.0159221442641854,-0.0211810366972683,0.00355572183268394,-0.0645022549992862,-0.00119097804350063,-0.126469985794837,0.0478239500993678,0.108498165792149,-0.0100203412168841,0.138511498057436,0.216415131668447,-0.0191462753085005,0.188212189972649,0.0684834020303202,-0.0139540853816156,-0.264061277125953,-0.112156732425726,0.210316145614328,0.280471113235143,-0.113618371673806,-0.169261248796694,-0.119687732642283,-0.0167999856982602,-0.0909184904983069,-0.0759463302167882,0.0878638626556083,0.106460243053378,-0.0594920336360334,0.115818340917703,-0.00162025839133688,0.13508294297079,-0.167275205066586,0.0497069769408843,-0.147857867279361,-0.251987797649718,-0.116742228728453,-0.119244358128727,0.0402803211827953,0.0815507651012431,0.0709263367467,-0.268126145641474
"Frontal_Sup_Orb_R",0.00451201409992813,0.0236393308499059,0.169749171185254,0.435162939988336,0.15055421841108,1,0.383713989812238,0.521372849868879,0.397491587238139,0.763682792584294,-0.00789649506719801,0.128834010976288,0.140190555354864,0.267709054511848,0.162995697491632,0.209385298924677,-0.0921476222923072,-0.135174323429164,-0.0733917390718147,-0.0127464263669955,0.0455191705431438,0.331250591292214,0.103511460360062,0.164008122313284,0.186709716750302,0.531259679324475,0.020719373781454,0.473410189408387,-0.00232680391892713,0.0203880717352044,0.133506122739165,0.30172341243494,0.00668086165241686,0.200484649259207,0.115218192062642,0.0867884768059536,-0.271281027893478,-0.352868662541003,-0.244176644931155,-0.244481260515539,-0.215111617423201,-0.162289378359795,-0.318575340086717,-0.366556963633657,-0.0611846589580913,-0.0674188091155203,-0.355191059588118,-0.408626198261179,-0.1126023360565,-0.0788698406291711,0.0231539627364579,0.000783436899810954,-0.0309940034017624,0.0697276985839887,-0.130689039132974,-0.33273020557751,-0.0376154416106363,-0.057699362252979,0.0520490636200507,-0.00165675522083631,0.325972789483399,0.381773493297936,-0.109531085901226,0.043031431225871,0.268342788993079,0.214934587735534,0.0268085739664221,0.000701249578219584,-0.106303479813721,-0.126661371700555,0.157671256707056,0.0930826292803466,0.0556545346928674,-0.0408499004415417,0.0263487810064124,0.114624342024844,-0.0959255235512985,-0.0424897929985007,-0.111781656585959,-0.20720075767805,-0.172354634187755,-0.183082000160862,-0.0989469120134391,-0.156514504132604,-0.112174773796526,-0.0294588902123703,-0.288353366791136,-0.155290134933276,0.0385397347195444,0.113931638477544,-0.137910710313983,-0.0138369346224136,0.0944224909923982,0.0131475479333603,-0.167595514555186,-0.234707337113709,-0.179457182794789,-0.250287146761681,-0.200530893492554,-0.191312146615021,0.138566967530935,0.0219553545203639,0.00292571046153509,0.089016834232612,-0.138000505413066,-0.209864187965282,-0.135729255604088,-0.0182895994956198,0.000977723247568681,-0.223859399810825,-0.230661238038408,-0.223690357665802,0.0408623605673153,0.0486822756898616,-0.18801196725975,-0.237323217655818
"Frontal_Mid_L",0.0999870484118238,-0.178301418342747,0.725329311078986,0.316330272329147,0.357253226927308,0.383713989812238,1,0.289787017526506,0.632130241767056,0.334139486628549,0.337527504113206,-0.0556053335587945,0.572455895567681,0.106051852131994,0.468009541958911,0.145392911808228,-0.203647022170769,-0.246273322653484,0.0987413542727086,-0.0288127227682798,0.0154550687323046,0.0997070678759371,0.461193189573367,0.185654945210272,0.119524775687928,0.127125820969763,0.0616263677434898,0.193636173457217,0.0318971474525667,-0.0836539165149357,0.239573904876518,0.244913019022244,0.0673169955715694,-0.00514132980981577,0.189228417960387,-0.122572725443447,-0.103915868580433,-0.199912845416875,-0.200460388556306,-0.183332767593322,-0.060729682475197,-0.0865488087572407,-0.274350318773139,-0.311960780293313,-0.102916491899004,-0.167465361417703,-0.368123787538699,-0.332035099235683,-0.200852396239978,-0.199245331720829,-0.0725676720503133,-0.159023229083148,-0.0464038529497862,0.00824620123033004,-0.259160886410854,-0.259222698507133,-0.227016581047189,-0.186067710121872,0.0352746038210515,-0.192118071201185,0.480131699929706,0.103141020369529,0.0158813779688297,-0.0457903351867465,0.57767146073945,0.0865854144331461,0.125690664205647,-0.104768039380644,-0.152109182104403,-0.221891636153799,0.184501801025222,0.0694654195803094,0.16209692409787,-0.0421712321312355,0.0562831967000681,0.0757887992957699,-0.0517876313238853,-0.132051704764298,-0.244392844443987,-0.207150121673029,-0.311315825932241,-0.172638269179771,0.106990819592883,-0.26708061312504,0.028976836936628,0.0331776426635114,-0.156500582381567,-0.102464470056468,0.216552946089396,-0.101676172489516,-0.307624824654189,0.123012649467978,-0.0929135431945561,0.212674388731812,-0.319109447495958,-0.38401115599813,-0.435828549620639,-0.348756186146244,-0.481673860474912,-0.295652141733006,-0.0971692734111501,0.236878556669937,-0.355279639643529,-0.0434186627463275,-0.301285625046143,-0.0809043761794399,-0.285589520948422,-0.00535053020705739,-0.190061046823639,-0.410874510653511,-0.347873911781813,-0.417109462229574,-0.242918990057946,-0.306902865749748,-0.138083994818671,-0.16111270520827
"Frontal_Mid_R",-0.0560417304937669,-0.0353525995549877,-0.0125787593921752,0.600415022741291,-0.118125806465195,0.521372849868879,0.289787017526506,1,0.244345892078136,0.566428717692933,0.0627090031182582,0.507919299192508,0.217434948089231,0.568305149683406,0.17001466255459,0.260939946471092,-0.0747246194020769,-0.112096791940953,-0.0302856473793342,0.0245572812289893,-0.0849486099501772,0.159930868466864,0.165794258459519,0.203993827532987,0.0291236754455321,0.215285800808197,-0.251979438729858,0.0320742877615372,0.135101807803543,0.226925709707458,0.335784025555261,0.531937153825126,0.106630710049796,0.344608933111268,0.017731761589616,0.00137241017742223,-0.361071651494191,-0.321611247054777,-0.383987896067535,-0.313553223361596,-0.262523847899646,-0.184115849891004,-0.20741264794431,-0.279285969074852,-0.164745187403634,-0.19318018649559,-0.295417651092935,-0.373500763076379,-0.239095818812244,-0.114813194758704,-0.184006260343142,-0.133564486087041,-0.0721299641672824,-0.0895806700508358,-0.291515192417031,-0.367921209010298,-0.192667633960825,-0.0530915876774857,-0.0260358382885212,0.23606555820471,0.368242324764627,0.694814845734518,-0.0694205112159575,0.210152017365119,0.145787762945192,0.405070449772774,-0.0414093126227197,0.0813728048930617,-0.259823450801519,-0.262843519255449,0.120236881052781,0.21061561309963,0.111591759513011,0.17577431217984,0.0514093554961567,0.270601923182094,-0.0245766519618933,0.0708849795466596,-0.0178600909189396,-0.139606995146894,-0.110701081094108,-0.211157003389088,-0.0627857061785642,-0.211903012961984,-0.255574821112142,-0.0846145224785126,-0.313507238975346,-0.405577640613453,-0.170927659649703,0.0368382480988331,-0.130345382636209,-0.191896045418108,-0.0177208083530597,-0.22512106741538,-0.200461721320468,-0.121282290470833,-0.298009600601659,-0.303629071830421,-0.173986211807918,-0.381820563477061,0.101839180645342,-0.0870416648693812,-0.0407233521913928,-0.117826246050473,-0.133129794872971,-0.1522499342798,-0.0768356754431365,-0.115310969743706,0.021563589116473,-0.1451376009795,-0.275389072792452,-0.259515752162575,-0.169484356222667,-0.161285562856967,-0.158085850343173,-0.00868414921206615
"Frontal_Mid_Orb_L",0.0958776604909407,-0.0874029269793201,0.518565983993292,0.159182815549844,0.584408352238495,0.397491587238139,0.632130241767056,0.244345892078136,1,0.373075531670588,0.180604364535169,-0.0526853557735692,0.445934069048159,0.20223218356678,0.451948698470374,0.145211007228782,-0.149409321963144,-0.154295542151296,-0.0753053891185995,-0.0273628341671434,0.245713137405314,0.283046704869781,0.289728096627834,0.231103575562943,0.319854262807644,0.355818267352231,0.280516801058673,0.438961097777047,-0.117273060197253,-0.098678254271063,0.177577479469991,0.250217969011332,-0.0678809948627076,-0.0394647615648884,0.0856363017688008,-0.108227040235784,-0.177727048922313,-0.0884721543718779,-0.27250136624257,-0.254495349674678,-0.125013042755466,-0.18814202916744,-0.326274348571951,-0.320818799954901,-0.132161901326757,-0.225798648049348,-0.34959407614513,-0.311258921776719,-0.208576736050788,-0.169999735991953,-0.050685308739635,-0.178144141473851,0.049245004311125,-0.156400812691241,-0.25449893718968,-0.232742863743424,-0.068261652879252,-0.105699055617072,0.0324635401699343,-0.284716570437601,0.378793327049323,0.146439554465173,-0.039557040962453,-0.0290868147760646,0.422216443673963,0.0630142302178941,-0.0665795016639013,-0.246480894601263,-0.0834201768263162,-0.176026755626031,0.132136922591113,0.118589052759674,0.103756234131586,-0.0716055857651453,-0.044007425631274,0.0364071563190936,-0.0402755637124751,-0.019178910002831,-0.156019941998494,-0.0755617839623226,-0.163462677860839,-0.0217551750339219,-0.0529472323154885,-0.218325323346237,0.0507803392477557,0.0932470558169314,-0.353532087433954,-0.215616341631855,0.0866864932321868,-0.0508940682858361,-0.224326761069996,-0.0725482059537004,0.14478811681527,0.248407313033057,-0.21974499818007,-0.323597704288792,-0.328228301639113,-0.22241274757175,-0.230576058846485,-0.182043199394061,0.0877493137926163,0.218196176729694,-0.0823178122272586,0.167919642751808,-0.0642383468720902,-0.0262543215526398,-0.127116522110474,0.129960145233456,-0.119285741753604,-0.394141435716787,-0.349310074200005,-0.286689541465306,-0.0243349229392693,-0.0511945497288786,-0.0258229658430072,-0.218675142922723
"Frontal_Mid_Orb_R",0.0357568337940261,0.0938152547088225,0.129029146469127,0.37005552866055,0.144977414769871,0.763682792584294,0.334139486628549,0.566428717692933,0.373075531670588,1,0.113641337730361,0.193103141437988,0.20794316850995,0.388980747677095,0.313970054028421,0.340388457916392,-0.033833843364828,-0.1102828997073,-0.0734841754770721,-0.0689683474326369,-0.0762705832641146,0.262070482765499,0.231674587925922,0.268250679123846,0.17501178375286,0.449947380365976,-0.0770294701284758,0.21083923812768,0.0424748129546762,0.0488087222751195,0.112158820782449,0.271312583798442,-0.0409920779264042,0.0775910038907374,0.15186628454176,0.110307127327807,-0.216856215523341,-0.313441401369227,-0.226963663290333,-0.147778204893459,-0.0952087122099229,-0.105180490843252,-0.299952327948132,-0.327479153408277,-0.14831261198619,-0.107601312970641,-0.316198333303375,-0.356397584271693,-0.133558903375379,0.00222347715200387,-0.0305786343452436,-0.0467306479871632,-0.00282869669008157,0.00600138838757657,-0.0642541193016199,-0.255393807018963,-0.0191993915463875,-0.0211123267298963,0.0696910030612427,0.0673299208344927,0.327391490034672,0.411847271326734,-0.113527898297117,-0.0631023552376218,0.263339176696811,0.271042120873743,-0.0110654749390544,-0.0494942003549988,-0.0304594411712618,-0.0378845443866387,0.0931406359316246,0.0463405929434332,0.165882191382321,0.108539971243515,0.0158099146270378,0.210007620125908,-0.176445931263457,-0.0620086272302451,-0.0331632208140207,-0.0944106136191285,-0.0901550046670503,-0.0554395594240357,-0.0133260744064933,-0.139170526463794,0.0298345173752705,0.0997129138818764,-0.11207793141341,-0.111069997202128,0.128581109447108,0.226133514514795,-0.10991515958771,-0.0875334759064528,0.0857799188063927,0.00559927348779541,-0.258720506342802,-0.22590395533617,-0.183644529078586,-0.105183063692232,-0.1228214712908,-0.168139920663555,0.019643548903842,-0.0350637463540771,-0.163322067467694,-0.120742839697046,-0.283223644806526,-0.341023385598001,-0.0799177241731663,-0.0850723437592219,0.0255649467585728,-0.234257973010968,-0.203883415396667,-0.113561894969936,0.0234040863631087,-0.00673707060160987,-0.270994513091558,-0.345769304804764
"Frontal_Inf_Oper_L",0.445882912440687,0.190153475030128,0.311461757912323,-0.0453349569036959,0.1043924043444,-0.00789649506719801,0.337527504113206,0.0627090031182582,0.180604364535169,0.113641337730361,1,0.31334818741101,0.598106360686206,0.312774076192619,0.468585446469691,0.214189209333216,0.271002707237276,0.176716382818561,0.249273243936461,0.189370985924308,-0.259572569016965,-0.238734533667902,0.24088795521506,0.0486200668071,-0.0873829334566729,-0.160648121940987,-0.0749974589251556,-0.169848929771237,0.0686992949080381,0.08488899282646,-0.0663294157318998,-0.0869323797651061,0.143269016520059,-0.0195868741386164,-0.109306081886079,-0.218903893067938,-0.25848498487998,-0.194266691756747,-0.243039320118825,-0.24031575532418,-0.119837715593323,-0.124482509133057,-0.0637141916278534,0.00842424469416415,-0.12657754400234,-0.0984567640054121,-0.0995168034137359,-0.0617932901538644,-0.0553351002191559,-0.00865306564243141,-0.00643321511468263,0.0171751005921313,0.0182101533916623,0.153417591370846,-0.175014967192812,0.0494981253595069,0.117157658735235,0.160061800599359,0.0167302069207749,-0.0318769591440062,0.298597497395727,0.142192320616526,0.321151081772241,0.16624852754527,0.32420649823086,0.00387939784413536,-0.221893927589926,-0.265033817535711,0.0393344311401616,-0.0436197684869698,-0.193527585385168,-0.298150481202041,0.013666753146302,0.064824393670507,-0.113343983494618,-0.0183491863686363,-0.18849267408247,-0.189982694461282,0.167749932814455,0.19782352026506,0.119174257877012,0.248183965994941,0.155637709504036,-0.0194060123077718,0.213008999012061,0.193542198407579,-0.0863095850952054,0.0280608296615355,0.0528928579144741,0.0810662344923498,-0.298856578226471,-0.00983161472897894,-0.212554485704385,0.221001660712244,-0.406947219202217,-0.368200252383294,-0.421580558874299,-0.235062338592779,-0.339898787573075,-0.195515315589766,-0.229682967850475,0.121584518752052,-0.348109298071846,-0.188221949240591,-0.365742154695329,-0.183761990294837,-0.271558292487384,-0.232910164985918,-0.117352265582644,-0.347298201661518,-0.274325609148557,-0.259203636580101,-0.182039003153243,-0.0449705423207689,-0.110278077391343,-0.191916278315118
"Frontal_Inf_Oper_R",0.24442942345364,0.323506020002292,-0.120432648777231,0.114360121412439,-0.223797118058756,0.128834010976288,-0.0556053335587945,0.507919299192508,-0.0526853557735692,0.193103141437988,0.31334818741101,1,0.106525734479106,0.542412345811378,0.103713894585565,0.211833176324759,0.354994433342304,0.409536748546698,0.0973081014886005,0.187011283688248,-0.060631112407435,-0.0180443299729392,-0.114824982085944,-0.100881276529854,-0.213662743811625,-0.0940233487370903,-0.275616773373184,-0.15848347166226,0.338687081293363,0.503802319176118,0.154203590053854,0.129905675039975,0.192231041464531,0.20251410742989,-0.303333243410527,-0.242847626746971,-0.289898911945849,-0.28354038907099,-0.210454206295947,-0.390707104855277,-0.0395156657945137,-0.060614171825121,-0.0459859599953153,0.00232402634325464,-0.127330907677173,-0.127955806876221,-0.0664491506840915,-0.104991274553919,-0.112590903923244,-0.0919791836751824,-0.193560828841811,-0.1017346256596,-0.0445810672869943,-0.00806962117505697,-0.19351960833872,-0.136732682415404,0.16433598058167,0.363504327992751,-0.144675438134074,0.219519347439369,0.246037959729204,0.494323126210878,0.429430537098369,0.644887038353715,-0.144994378398238,-0.0503372651761506,-0.322567720503176,-0.157541379674375,-0.150536246248449,-0.0673235539988038,-0.0677777087485895,0.0260037667419478,0.204404517173154,0.349939290886505,0.0580370543519359,0.241337862746552,-0.0216224868469351,0.1346651604712,0.221530599573933,0.281269042905455,0.35778791250178,0.163973337238393,0.111378917299162,0.0177945223899647,-0.127410362810177,-0.12889665483261,-0.19772858205013,-0.451727359244252,-0.193092727350183,-0.0551915892429329,-0.212192876806364,-0.283474936891922,-0.18467281211405,-0.211206620228627,-0.199753797048336,-0.132871219060711,-0.359616463741588,-0.274024356549695,-0.0594411981587817,-0.196311412149468,0.0547093203975178,-0.131573349601347,0.081496145098589,-0.0440868169234122,-0.109251241778298,-0.195209078149932,-0.041460885215656,-0.208603950384957,0.0355778916335392,-0.168643905900747,-0.404922812441268,-0.244052843403151,-0.109472954526359,-0.0251121714181338,-0.122719598199056,0.036379374022104
"Frontal_Inf_Tri_L",0.214596774567826,-0.0765974114139845,0.379845130442999,0.0457312439378267,0.228139291052768,0.140190555354864,0.572455895567681,0.217434948089231,0.445934069048159,0.20794316850995,0.598106360686206,0.106525734479106,1,0.467259352242054,0.679176595224864,0.440028990012228,-0.0569313259727792,-0.148540689080396,0.0934970693300794,0.0410145583208344,-0.12768134104719,-0.025903948647548,0.343890956267388,0.168964080765117,0.0200093589755199,-0.0146547812372166,0.0345129548976264,-0.0127496210278405,0.148682392260653,0.0516742518460717,0.216487758358279,0.133761646980202,-0.0141014421642442,-0.0849414340010613,-0.0876764963659651,-0.254946344825356,-0.0706487831701606,-0.133115256788778,-0.0357271385517072,-0.0547083494115506,0.0886646986582864,0.0419571663280584,-0.0667342159536977,-0.0498948442639564,-0.144384259771414,-0.168533311518901,-0.105207554644366,-0.0736830462677774,-0.122833473464916,-0.0736613784437396,-0.0310476159615583,-0.109810156675718,0.0567798905395855,0.0781496343514442,-0.0209718442883122,0.0638092409003802,-0.0774552040840034,-0.09275366197818,0.0735411011725524,-0.0208979394863526,0.429931934745201,0.135558014101047,0.0891221168728245,-0.0612307170359018,0.389080637688711,0.0167462263931215,-0.157059404769774,-0.259262560867889,-0.0494723848044355,-0.171862816561864,-0.0712912304783782,-0.0497335459346283,0.259812038123431,0.0653875796019456,0.125957477787451,0.160304416900036,-0.10762020085591,-0.18456783291206,0.00293998652119922,0.0267331345562399,-0.0506518090697637,0.0631403439574024,0.313550205991755,0.000989764442266901,0.238481032979071,0.183107112631777,0.000852522387853386,0.0675468460961203,0.311592195302208,0.0559708567023239,-0.317375820492284,-0.0207183405468322,-0.23498904397701,0.152839645181802,-0.424784433964502,-0.438702605700322,-0.365030130942717,-0.213175615041299,-0.431076016108067,-0.302928236042625,-0.227908312361706,0.180623443057075,-0.39386844567779,-0.0905985845288099,-0.40182896739103,-0.194979878001742,-0.275628618434338,-0.191816655609047,-0.354786251661084,-0.426723796698761,-0.331398518723802,-0.406096154291924,-0.255098266982403,-0.237168542836714,-0.107337105889172,-0.296187474452383
"Frontal_Inf_Tri_R",0.062030780376561,0.0967738200000692,-0.0406431460913324,0.276746662222028,0.050584905767852,0.267709054511848,0.106051852131994,0.568305149683406,0.20223218356678,0.388980747677095,0.312774076192619,0.542412345811378,0.467259352242054,1,0.244825402768411,0.516208352747102,-0.00629865270587888,-0.0564813061504303,-0.0883638508316037,0.0188657359864466,-0.0111943401283857,0.147463771057956,0.187367850362412,0.311825620443066,0.124202109359245,0.144947135463707,0.0620973935089021,0.0942453017341809,0.105429031689709,0.202196784631254,0.209836196531619,0.27308535535217,0.0127266042269976,0.127647459164445,-0.106944343851559,-0.0517640829573848,-0.213006039922882,-0.235325392665808,-0.134656309675265,-0.121886703773969,0.0147241873012279,-0.0254895130696601,-0.02561855585391,-0.0422720452002118,-0.122198191484844,-0.15070036421879,-0.104434178037753,-0.0955395559647184,-0.172055615730852,-0.108361906069143,-0.0991883764832873,-0.0726940348150415,-0.0766612338816575,-0.0636072978095683,-0.043488711275523,-0.0319907295572581,-0.0709696079726777,0.0281896006618051,-0.13055820307558,0.18725773395477,0.202578768141792,0.465082307134967,-0.00363800785514065,0.117009976512297,0.132298929599734,0.293222641794637,-0.198183093460573,-0.0839540907924876,-0.137725297541827,-0.183729474387847,-0.0735152339259987,0.0153932501261062,0.220268744891628,0.178098694501955,0.140551727252335,0.318824394714256,-0.0840117169098235,0.0610630706120776,0.0921542684025386,0.132128701580198,0.0655593203414184,0.0794360553566226,0.0618036216711687,-0.154119794730012,0.0361033165657398,0.226952195500702,-0.145603516050151,-0.112522837622823,-0.0170281454496753,0.122075467977061,-0.241708142481015,-0.200260385476595,0.0306528390910788,-0.0487672898470401,-0.292845718431251,-0.104898615864865,-0.226477987092855,-0.104424569708765,-0.190421215305725,-0.292853798583843,0.0235463222487012,-0.0031713811638892,-0.126423920531051,-0.0616504518561086,-0.122768988179535,-0.118385935806414,-0.0319869143383761,-0.218491816701087,-0.209231211401986,-0.261079052925161,-0.198645372837027,-0.298119224704769,-0.101975597643257,-0.0773022393179843,-0.0788236038101558,-0.110015682458546
"Frontal_Inf_Orb_L",0.181738869397081,-0.0705931630117288,0.390841513953722,-0.0798634481800494,0.315386714540249,0.162995697491632,0.468009541958911,0.17001466255459,0.451948698470374,0.313970054028421,0.468585446469691,0.103713894585565,0.679176595224864,0.244825402768411,1,0.55070445898859,0.0452609029607614,-0.00959531166907131,0.10825568040505,-0.0323174074560518,0.00115646033145235,0.069711456549345,0.390432095349055,0.142144947083323,0.123455324092346,0.13320717868234,-0.0331598836507083,-0.0568446386164513,0.245810568320231,0.150063816876768,0.265773802090349,0.208107812315328,-0.0784631518784855,-0.208275827286668,-0.0344235060133593,-0.197019056970176,-0.0256429747277977,-0.120464894930941,0.00313670798238273,-0.159372313713106,0.114682096402524,-0.0112714748133742,-0.195938100432876,-0.182319618049552,-0.206570145771945,-0.292084324279297,-0.196896286729655,-0.157044190987219,-0.234820504304833,-0.16948199984263,-0.0933045004716596,-0.158398474656041,0.0969461621451673,0.167590155879279,-0.154011992154732,0.00293101943645534,-0.0632784486554889,-0.0956538179915546,-0.0663749858887209,-0.259167129966402,0.2637069042527,0.0418492351042253,0.0767357777539017,0.0242521099494216,0.350827297324294,-0.0409437621059402,-0.367912171487,-0.441479697812341,-0.181320517305647,-0.281157902091865,0.0947602178321709,-0.00374748253065449,0.28095256889513,0.114736099127784,0.075549357266013,0.0850091691496008,-0.052191375338402,-0.180317658475837,-0.0160205754053144,0.0478408252333584,0.0114553435559289,0.163540211505877,0.558634839943176,0.200613558064862,0.279024989789843,0.198516009887446,0.0387032577556745,0.0295961314626869,0.212889490704999,-0.00629096390259987,-0.179612376017836,0.0325087149687863,-0.0685478231341215,0.180834076006849,-0.40015851397269,-0.386249941928297,-0.319203592731604,-0.21514120620014,-0.216632900479166,-0.113663452225559,-0.0299190572479163,0.1877628315,-0.240450658171124,0.0452136499357232,-0.282245797840439,-0.106748865333452,-0.231431514756742,-0.142998388125647,-0.190896669708944,-0.317988857045794,-0.348123488396671,-0.267304297304054,-0.169669153521996,-0.0724856347869258,-0.0534909677345324,-0.247090712938928
"Frontal_Inf_Orb_R",0.0571759258858554,0.0113551215310122,0.0775959452178768,0.138039302794143,0.221725502544354,0.209385298924677,0.145392911808228,0.260939946471092,0.145211007228782,0.340388457916392,0.214189209333216,0.211833176324759,0.440028990012228,0.516208352747102,0.55070445898859,1,0.000917313523310432,-0.00545975738760525,0.0514265588427657,0.102511591559533,-0.0108783318007017,0.211593432133819,0.330025933295884,0.366241036970948,0.170241778211818,0.18006299017157,0.0980185547649507,0.0437352182490618,0.237253987508103,0.300553194395582,0.383356658964554,0.337704681044463,0.0188050212739299,0.012486128871463,-0.250775850495287,-0.210219219529811,0.0835353131169394,-0.0290698957350735,0.0916572111081234,0.0648561045325717,0.232848850179863,0.27112996631507,-0.112153037807968,-0.0911553364155352,-0.278017923553635,-0.245486838498368,-0.149773764169938,-0.0962545424149806,-0.250728224758131,-0.185178107297757,-0.135914304525021,-0.161331969043738,-0.00912893242804746,0.0724978753856351,-0.0582265691245221,-0.00455218122075411,0.0107251569930986,-0.0631098631533623,-0.101051941918555,-0.122401103198213,-9.82415286954714e-05,0.0451123990479419,0.0394656521171635,0.0879926021722941,0.0529607493796398,0.0191885352741818,-0.426107832372688,-0.372380045032948,-0.192354710418009,-0.282262854769706,0.00147530145231079,0.0570282985923556,0.329159024915817,0.254592025192647,0.291574971128338,0.306189151747208,0.0240156931450625,0.0168674379886872,0.0662715625958684,0.0830434115403969,0.0809302046988251,0.202983269772125,0.553480995916274,0.370128772691017,0.205250048103542,0.354184975968589,0.138632137735086,0.123049911697101,0.0263050301375989,0.0571514592826056,-0.176946452735033,-0.0944836472138348,0.0188075112196499,-0.0454660252942733,-0.278314734505815,-0.159175303279341,-0.168084367427926,-0.0629571716195705,-0.086154533687731,-0.120466988712975,0.0834539582207012,0.0205135248945311,-0.148852970123789,-0.0287804789654208,-0.221072197397904,-0.0931290835398965,-0.161719492051404,-0.16870242104652,-0.219201220469982,-0.197981935825279,-0.202835397859775,-0.171984460204846,-0.111020873704588,-0.0848408583787931,-0.115845461486987,-0.280547436423185
"Rolandic_Oper_L",0.441897029448243,0.450214378232158,-0.11594488018207,-0.172143565244039,-0.0635269484592332,-0.0921476222923072,-0.203647022170769,-0.0747246194020769,-0.149409321963144,-0.033833843364828,0.271002707237276,0.354994433342304,-0.0569313259727792,-0.00629865270587888,0.0452609029607614,0.000917313523310432,1,0.840259687119268,0.310258011427138,0.261293447058239,-0.076052076831633,-0.114179095002177,-0.178971833359285,-0.217695699915029,-0.137946061755718,-0.154505478654621,-0.0937922728420791,-0.260998253486368,0.509605865515636,0.637547689557815,-0.107386112583031,-0.165115935078835,0.331166603716539,0.191337711318357,-0.357260989730512,-0.340927540540937,-0.0715897568897931,-0.0641002970831447,-0.098509204922883,-0.089999466615899,0.086745394534737,0.283979678734344,-0.246227093853656,-0.212972637059126,-0.310377850396353,-0.323530444625145,-0.0504162392254033,-0.0439487832218555,-0.246523352830107,-0.246533526337312,-0.230082916064492,-0.210844492390048,-0.0795109401394341,0.0478058334264964,0.030237175380759,-0.0163645411916552,0.640134146366908,0.563849581037105,-0.195254214852702,-0.139383911523094,-0.0368706881854974,-0.0722809969609764,0.602105188424923,0.465768596224601,-0.26437087281738,-0.350879218394111,-0.352907820486168,-0.377417107465158,0.206932321360552,0.183613825364172,-0.182175615593484,-0.132598205052124,0.146968056767503,0.52226091100304,0.00110442433987473,0.12680830505041,-0.107277698968985,-0.0792672227663711,0.795720789923426,0.697719721718173,0.7637908178617,0.589144892632417,0.0738284322935835,0.257419035210403,0.171129577380307,-0.0289143929597623,-0.142148361766541,-0.133315906618724,-0.121159983529548,-0.0352663684671446,-0.134398204459482,-0.210509051972049,-0.188056333169572,-0.184707234835396,0.0424453975641212,-0.0245068055767119,0.0505561212083326,0.0810971785844083,0.199774064411343,0.164540296994584,-0.0176844312316759,-0.183635369895645,0.144903008209902,0.0387772091487454,-0.0474705177892764,-0.103717158980579,-0.137534316284751,-0.0409878726464706,0.100476434672834,0.0406633661295913,-0.0985807579121288,0.0550748117323419,-0.092193283048766,0.0919372249595951,-0.210003165676972,0.0520309008350003
