"","Precentral_L","Precentral_R","Frontal_Sup_L","Frontal_Sup_R","Frontal_Sup_Orb_L","Frontal_Sup_Orb_R","Frontal_Mid_L","Frontal_Mid_R","Frontal_Mid_Orb_L","Frontal_Mid_Orb_R","Frontal_Inf_Oper_L","Frontal_Inf_Oper_R","Frontal_Inf_Tri_L","Frontal_Inf_Tri_R","Frontal_Inf_Orb_L","Frontal_Inf_Orb_R","Rolandic_Oper_L","Rolandic_Oper_R","Supp_Motor_Area_L","Supp_Motor_Area_R","Olfactory_L","Olfactory_R","Frontal_Sup_Medial_L","Frontal_Sup_Medial_R","Frontal_Med_Orb_L","Frontal_Med_Orb_R","Rectus_L","Rectus_R","Insula_L","Insula_R","Cingulum_Ant_L","Cingulum_Ant_R","Cingulum_Mid_L","Cingulum_Mid_R","Cingulum_Post_L","Cingulum_Post_R","Hippocampus_L","Hippocampus_R","ParaHippocampal_L","ParaHippocampal_R","Amygdala_L","Amygdala_R","Calcarine_L","Calcarine_R","Cuneus_L","Cuneus_R","Lingual_L","Lingual_R","Occipital_Sup_L","Occipital_Sup_R","Occipital_Mid_L","Occipital_Mid_R","Occipital_Inf_L","Occipital_Inf_R","Fusiform_L","Fusiform_R","Postcentral_L","Postcentral_R","Parietal_Sup_L","Parietal_Sup_R","Parietal_Inf_L","Parietal_Inf_R","SupraMarginal_L","SupraMarginal_R","Angular_L","Angular_R","Precuneus_L","Precuneus_R","Paracentral_Lobule_L","Paracentral_Lobule_R","Caudate_L","Caudate_R","Putamen_L","Putamen_R","Pallidum_L","Pallidum_R","Thalamus_L","Thalamus_R","Heschl_L","Heschl_R","Temporal_Sup_L","Temporal_Sup_R","Temporal_Pole_Sup_L","Temporal_Pole_Sup_R","Temporal_Mid_L","Temporal_Mid_R","Temporal_Pole_Mid_L","Temporal_Pole_Mid_R","Temporal_Inf_L","Temporal_Inf_R","Cerebelum_Crus1_L","Cerebelum_Crus1_R","Cerebelum_Crus2_L","Cerebelum_Crus2_R","Cerebelum_3_L","Cerebelum_3_R","Cerebelum_4_5_L","Cerebelum_4_5_R","Cerebelum_6_L","Cerebelum_6_R","Cerebelum_7b_L","Cerebelum_7b_R","Cerebelum_8_L","Cerebelum_8_R","Cerebelum_9_L","Cerebelum_9_R","Cerebelum_10_L","Cerebelum_10_R","Vermis_1_2","Vermis_3","Vermis_4_5","Vermis_6","Vermis_7","Vermis_8","Vermis_9","Vermis_10"
"Precentral_L",1,0.419350213710092,-0.0476383690220108,-0.181766947680423,-0.160958262975501,-0.252500846561405,0.133073574435365,-0.0642829888631217,0.140316850207706,-0.171783030629396,0.318977569794416,0.253407589222063,0.312635253383746,-0.0367067344735318,0.022977408764011,-0.173478022845855,0.408084641617243,0.254051466171845,0.473186086305407,0.314590074228438,-0.104986813857537,-0.12907780793048,-0.361169598109805,-0.491789741442133,-0.267917706151345,-0.196598672274146,-0.147630628239822,-0.0480600086087127,0.199010734448832,0.14536330900679,-0.343067669343441,-0.302897645362686,0.282391384357927,0.217679581702602,-0.0971940246409832,-0.0684705898128828,-0.250840816958454,-0.0342175480151741,-0.224498421359419,-0.107035833773379,-0.0642968327634661,0.002332410063504,-0.185575507016758,-0.109566292054867,-0.176422708599404,-0.039498156420337,-0.0792184786795752,-0.016422300236358,-0.111437148785208,-0.020809272591261,-0.0884958941568011,0.0403061175229064,-0.092710643747009,-0.0772382619278355,-0.167093708572548,-0.050024625729745,0.559677421471852,0.367244450483639,0.375944363520399,0.181149675032881,0.377715425927458,0.0283261817569085,0.37117536408781,0.182756597928032,-0.0886298439786574,-0.0395936493055889,0.130934319430814,0.0674887449510418,0.419374886213029,0.291850678687995,-0.00644509666385456,-0.0259506683986021,0.112571639889266,0.11820467115503,0.0198866881320958,0.0504067656386636,-0.0972875264234814,-0.0659233108499003,0.233196222358416,0.0593575559731034,0.235057165554358,0.12880734852462,-0.137340364937518,-0.0446775650217267,0.154659543057478,0.017478516406452,-0.034206148712107,-0.194691032470273,0.131938130166485,0.073414888075902,-0.138860599057187,-0.054733220704556,-0.314736638634856,-0.190340309996002,-0.191370686397621,-0.0565125969542504,-0.0801479774088793,0.119361920730176,-0.0751882391957144,0.0492452164017951,-0.079110609245162,-0.0192803201263853,-0.0399086366891593,0.0816986544215982,-0.400992126895403,-0.117468618387825,-0.139349338741076,0.066001462840779,-0.25689395906062,-0.142821694551039,0.0389479752977854,-0.086510038304281,0.0905399459059428,-0.0208243876517805,-0.231312805495198,-0.167007008172504
"Precentral_R",0.419350213710092,1,-0.173604283349897,-0.226602480889525,-0.286041811105689,-0.391397178115478,-0.276783539207304,-0.277402971616113,-0.209870448968053,-0.248258552296201,0.0165869798430027,0.100275037423991,-0.119688481674431,-0.172833635402024,-0.089197573682444,-0.209143479957198,0.536591841658661,0.580739569663631,0.496743293813319,0.5260644538826,-0.192210266043473,-0.246050273794535,-0.26536831784891,-0.27758353917369,-0.382153015087583,-0.309524422469542,-0.165491367372781,-0.170735649655213,0.15903993910377,0.231796546101771,-0.397783359249678,-0.297746515888999,0.0213341343529581,0.146666671822077,-0.21282533680773,-0.230388454234097,-0.0491110153400146,0.108101092060104,-0.173163879973418,0.00232229976336904,0.139897454050338,0.273520572427167,-0.0584883143545,0.0961609664281134,-0.0407328641776447,0.0309157617289958,0.119369637837627,0.179113503043558,0.0328468933979141,0.0408364080729845,-0.138647680063715,-0.0574655107226621,-0.167450655688133,0.0799980090409533,-0.116708519524936,0.0906252573268308,0.719138488492566,0.590173808999153,-0.0342122951101275,0.0255413876397951,-0.173907822877488,-0.293653723287802,0.212288117660002,0.142177671081082,-0.340506362090765,-0.336579487355606,-0.187666172525038,-0.195799794932825,0.491607919143466,0.479635025172385,-0.105817809932777,-0.0555739781413134,0.126123797493898,0.411771787152441,0.0122753744564476,0.357683467821665,-0.176060341156844,0.00998420866729295,0.463164259195699,0.501697056860627,0.479125891309622,0.313990018208591,-0.0461614514381929,0.0265133971736876,0.0420530086145656,-0.131617513732489,0.0823818227501485,0.00653673340261985,-0.0770678304165012,-0.0863971001000449,-0.20371862863907,-0.099587117022857,-0.275627278885434,-0.122579312995927,0.05003712874717,0.0174546022917519,0.140757644585573,0.20540024908015,0.166486354552942,0.181431043127885,-0.0838541178877308,-0.110195936255785,0.00234223945405901,0.0483136917315518,-0.212549363872968,-0.19400100471439,-0.031507503494932,-0.0531497017684058,0.0935655058615368,0.157242241066105,0.161304539802815,0.16717571650039,0.0880144134532512,0.237620980920315,0.156547509564212,-0.00229159012363717
"Frontal_Sup_L",-0.0476383690220108,-0.173604283349897,1,0.355712058827679,0.544334100499592,0.0254083067304213,0.720103165956303,-0.0447675198169045,0.307021312444975,-0.14369401112082,-0.0340274897381486,-0.360663697229867,0.140390659033261,-0.246404571175374,0.158269652805094,-0.111985986024177,-0.186292767868774,-0.204785034914149,0.00476804153478236,-0.105046247658719,0.035841283087229,0.0841337724449543,0.667545455845205,0.506789877257489,0.566412531367374,0.420733799116394,0.402438295421068,0.197821525650826,-0.104144108724435,-0.350138574338643,0.440715588647165,0.478526932800575,0.233945052842324,0.0889875160865408,0.433185434092736,0.278044550897278,0.00349162802277682,-0.249587749583066,-0.0875882047427229,-0.118988590293296,0.0549172062694909,-0.11124702035657,-0.315186178948986,-0.329800623122533,-0.181160961180357,-0.281151291367764,-0.36807174624078,-0.299240121110567,-0.246260389605814,-0.258121941321078,-0.135207784136385,-0.179473556496709,-0.242411844149554,-0.229397658273239,-0.283092774409444,-0.361142532106528,-0.0751148179677971,-0.166953661114827,-0.0472680935435571,-0.294056672425734,0.0868244410569433,-0.178009262567657,-0.203524140381025,-0.383876023899449,0.471102559568101,0.062609669737155,0.155933205398634,-0.027712243920179,-0.117096401935824,-0.211055551447844,0.256161305894396,0.129987583051984,0.00589751216146096,-0.231128715371913,0.15943347465116,-0.0711083017583332,0.0549979672881014,-0.153010397234997,-0.0737659749697513,-0.168487455443752,-0.176426393533444,-0.154109032970979,0.0335003458050329,-0.194794677502434,0.228620530766685,0.0172263157387312,0.189462910566043,0.113549556395207,0.0428268150377864,-0.113378379310984,-0.379907114824473,0.0787570279456895,-0.00943514411779119,0.362349476481295,-0.169090304023949,-0.216763506302456,-0.247069020464901,-0.357331313863598,-0.427725436092951,-0.326301802265116,-0.269941537081461,0.25751447716193,-0.280302974250596,-0.0863473431536549,-0.0330044273258368,0.0332908144526258,-0.214113904985689,-0.190000637588604,-0.0367705799812958,-0.28795405642859,-0.200961106030818,-0.272199098195707,-0.230279253690634,-0.143899221273089,-0.047544964830873,-0.0393117954578554
"Frontal_Sup_R",-0.181766947680423,-0.226602480889525,0.355712058827679,1,0.133619503309402,0.351873247720012,0.261770707429594,0.564184205169637,0.0562414226196121,0.18986640528264,-0.183971886142505,0.0289599737804329,-0.0704680782390177,0.190401750591535,0.0679369011240081,0.17538990586754,-0.393569932384972,-0.38134599615196,-0.00748975886358341,0.175788971858746,0.0891274509605277,0.122546629307583,0.358917407854652,0.596202401805034,0.251316580064245,0.233061131053795,0.084351190540019,0.0459156536779091,-0.0872891008120486,-0.227352989096866,0.316511334383279,0.423253447072157,0.203601131003904,0.232636445670655,0.18781106150462,0.151736371472133,-0.24932242307282,-0.332694491137482,-0.112922552887519,-0.147365150883214,-0.0210062757135907,-0.139769906753259,-0.2129083149313,-0.216202305267327,-0.0597350266868828,-0.191081154774545,-0.300279317565453,-0.217247009777175,-0.139366868145609,-0.13923221307769,-0.190458913682615,-0.0883523024428448,-0.174990402963834,-0.328270676834496,-0.195172876115464,-0.272686060002742,-0.358840051763027,-0.144028401930898,-0.034764367436466,0.118571395363298,0.0331097382163396,0.288911895435143,-0.246013908799005,0.0240123771850912,0.209069036096416,0.451073656857544,0.0435389836457945,0.134589293201122,-0.150529952528842,-0.230575944734989,0.0940438635809088,0.237984887639545,0.0444213718647221,-0.0969561456632463,0.193876123028991,0.0246316996640027,0.0736877303129401,0.148225072001049,-0.32185271775975,-0.22712233450504,-0.283133741794404,-0.181657747263367,0.0152741608966857,-0.113162260231873,-0.0793791161675662,0.264111276123041,-0.094330265604589,0.0615597170447066,-0.124730790430235,0.111026302830722,-0.168970751094862,-0.269199164551721,0.082199891894279,-0.0370425616991598,-0.24104916068774,-0.259557519740342,-0.233257566482725,-0.28463415159273,-0.246569800410945,-0.349286451873585,-0.069670037469328,-0.0398403459661669,-0.125259933344472,-0.227079816838852,0.0158760049379552,-0.0503367096782955,-0.151949771792955,0.0372399946860908,-0.0304493683779974,-0.0602087631914217,-0.127567882421237,-0.268050817996263,-0.19684713110454,-0.0528168820002831,0.0135622577229958,0.00780018227941192
"Frontal_Sup_Orb_L",-0.160958262975501,-0.286041811105689,0.544334100499592,0.133619503309402,1,0.264791433945276,0.415361454201142,-0.104513386232089,0.64482649574521,-0.128847732028897,-0.189867032213991,-0.439976561566283,-0.0358756109001999,-0.201111739573869,0.118839770862565,-0.0959211426838805,-0.397513288357215,-0.261595447103025,-0.319724092400922,-0.436001350966636,0.409838590503747,0.354187833340464,0.361509469129453,0.243040769010723,0.8192610511587,0.780149231911883,0.812581284415946,0.70581473635235,-0.355102707434607,-0.328365089185728,0.344338951570158,0.308236368103062,-0.0962343957417429,-0.151302750462495,0.407330283131089,0.339808398346008,0.0166462855248153,-0.111092250607372,0.106069685101734,0.0795930917092602,0.0474021904652474,-0.0758313381075068,-0.0162121668791578,-0.0479974983537564,0.097148308822198,-0.00524366388365891,-0.058808621518542,-0.0643499922467004,-0.0237886334931007,-0.15574363563419,0.00176764928306225,-0.0804195819313009,-0.0649557416939056,-0.0570970754419015,-0.0127557337091152,-0.0885235606199681,-0.290959069702512,-0.342196184761592,0.0168976433854641,-0.269763423851685,-0.0785076149472174,-0.159473770084751,-0.303463743333198,-0.442897489002393,0.324587988639765,0.074543360362185,0.332775659317718,0.143597603546621,-0.236849084542913,-0.262372139501676,-0.0210283746648634,-0.0882325924918475,-0.171201850294869,-0.303111715147107,-0.233987768176641,-0.210592202046373,-0.330407751490324,-0.359727423956918,-0.234493770725691,-0.221974139615639,-0.292908342675941,-0.109183387180932,-0.0500934685776619,0.0196612833164582,0.206911945775131,0.0551905698604692,0.12235178582577,0.312792224490599,0.122398683896851,0.00863391666639707,-0.198815304610357,0.0784885375574039,0.131791321928775,0.364390367573393,-0.100570213971292,-0.0170061704494074,-0.100870182049793,-0.174958598042035,-0.277502255794223,-0.238484100305781,-0.152945876812132,0.268562118143675,-0.218959169051068,-0.0293993155616915,0.0320019233057149,0.091576581485994,-0.17634575586583,-0.243324342908463,-0.119507115289579,-0.290212821533341,-0.0329998800171652,-0.146777453426851,-0.00160447199007645,-0.17792024943631,-0.128256031274124,-0.0822865329009401
"Frontal_Sup_Orb_R",-0.252500846561405,-0.391397178115478,0.0254083067304213,0.351873247720012,0.264791433945276,1,0.0830053087873475,0.54228061262978,0.249902371239178,0.728967381154949,0.0662006562299978,0.0103953863012406,0.244998878348126,0.307494721005811,0.446381387451097,0.50144191075504,-0.285125624974153,-0.2952653019693,-0.319332343527969,-0.348011202321605,0.166522823212801,0.265410796367252,0.255807217080005,0.365219709678848,0.319583079205411,0.316348800708919,0.206572752140288,0.342881475628766,-0.00848406191398496,-0.0771438144778972,0.237195805668904,0.301885608631084,-0.278411877182623,-0.240555485246124,-0.0448236296153128,0.0438751842660438,-0.0214695157948812,0.00511682517481156,0.0994371001486276,0.156197097141712,0.06064883570183,0.042920239317592,-0.101724022261483,-0.185337852501753,-0.18252851179751,-0.227783877658289,-0.125093569297753,-0.163825735302237,-0.262173183968083,-0.307652465191216,-0.126857662590393,-0.199044773830745,0.121177161184322,-0.211356720643448,0.0781462335137427,-0.00695869094369299,-0.416438904445101,-0.354181720357341,-0.219392961286174,-0.240824955086542,0.0501962504713603,0.241272737653644,-0.0925990580105737,-0.0900795006914768,0.158191297144124,0.321418550542407,-0.187590746805095,-0.110155998136022,-0.345964978035246,-0.383165032571296,0.0316576168400192,0.0726417338112671,0.0613683124861025,-0.0793137088893408,0.0348147644164483,0.0613380921715081,0.0132620442196443,0.084001139864049,-0.231718332893939,-0.126215583686415,-0.175133068475492,-0.0577956882015022,0.0651277489489235,0.0532818364923754,0.0174471754078386,0.145194402323343,-0.0238978851275743,0.09362175995163,0.197908450820502,0.188976592255613,-0.0282047787206983,-0.200301098918571,0.120782209438525,-0.0956032873168556,-0.103033423295081,0.0606493450677746,-0.0251433867996006,-0.103148161220589,-0.122591366993469,-0.280959679109521,0.0275564169436259,-0.122561909319496,-0.0826178449187544,-0.20642122812144,-0.0571440527015661,-0.0596787422425671,-0.0413632875656115,-0.113787640474045,-0.129304518584713,-0.118447867198013,-0.213585794139569,-0.16401667445444,-0.0737969438293739,-0.140272095138394,-0.115696515453655,-0.114782430763797
"Frontal_Mid_L",0.133073574435365,-0.276783539207304,0.720103165956303,0.261770707429594,0.415361454201142,0.0830053087873475,1,0.200339338487514,0.443310494841783,-0.00684668917755468,0.14372822970553,-0.299955146615513,0.366757745521549,-0.126019454313413,0.187312945309806,-0.0759104763250707,-0.186382888925356,-0.218804856927037,-0.0771099884222859,-0.187266864757269,0.0941404828018566,0.151294862773832,0.422704688678744,0.23241544162123,0.380808118579597,0.356165989893767,0.227469360575929,0.161375363235022,-0.0403851574303262,-0.290642405241623,0.328576948788721,0.314272058717272,0.25726755140605,0.0813778909098218,0.308887134555934,0.251441251044467,-0.067444813853122,-0.284813661847465,-0.106899819656661,-0.201522434252352,-0.137391891266354,-0.180004272262022,-0.286846609666238,-0.290710739251196,-0.148859603182615,-0.233021166637077,-0.387567124614144,-0.327962947232154,-0.237255444553023,-0.296090965930993,-0.108210096344386,-0.174041321181492,-0.278580521426354,-0.351919621908354,-0.321431132035584,-0.441356780220267,-0.162503737926995,-0.228806104405388,0.088714186632158,-0.292540630397575,0.32433327597458,-0.0173166478160833,-0.129731020903127,-0.263143684151837,0.513534267222097,0.212734252822697,0.270862821115854,0.106375740061887,-0.134376427367022,-0.245082442722672,0.217905328173167,0.101899526541595,-0.0153209846226555,-0.244268866294453,0.065042373601112,-0.1642226003236,0.0122255967211076,-0.170106539063546,-0.14080871010722,-0.248099661362307,-0.225996783307782,-0.163198018884392,-0.00971736980556422,-0.215220561334291,0.091283219279507,0.066097226708212,-0.141474183268477,-0.153987447263819,0.0422432433317694,-0.112621976972796,-0.233551942346055,0.110500946307364,0.00539267749248589,0.251392636793566,-0.118797802022521,-0.144393606595741,-0.171306950627062,-0.362069042859219,-0.417217361945139,-0.322389966944269,-0.230510967283376,0.267678109333156,-0.216329954934241,-0.0568431865185402,0.0342641944649192,0.120601145007891,-0.107991351671274,-0.0341741418289544,-0.04960270480288,-0.267724959809701,-0.236166909028871,-0.266830559552035,-0.158372870776373,-0.219883782087662,-0.194673576622968,0.00531294648093174
"Frontal_Mid_R",-0.0642829888631217,-0.277402971616113,-0.0447675198169045,0.564184205169637,-0.104513386232089,0.54228061262978,0.200339338487514,1,0.118432775038712,0.473099812371771,0.117809259359843,0.385437808239251,0.315372261205527,0.506728509278381,0.280912663403836,0.343702301311872,-0.192439081675177,-0.20242607217624,-0.134327916618372,-0.0883576392693296,-0.0531951389033012,0.134915887571855,0.174062608263438,0.298293802599447,-0.0207804032066651,0.0804771895623562,-0.170511760915169,0.0592799237125747,0.122339909967627,0.0406535318002751,0.181312304534594,0.224267745980532,-0.0523674027293783,0.031274272269505,-0.155250959762686,-0.0766932412392223,-0.196401980822667,-0.17108289521498,-0.0634718951337765,-0.0997517554099125,-0.07385017474823,-0.0632120787038304,-0.174122075078475,-0.269048996649479,-0.150720240084208,-0.255377551242979,-0.318586373221741,-0.288599134536433,-0.261710823072487,-0.224173071831614,-0.237685220707777,-0.119711792189224,-0.117818808386819,-0.259765420195338,-0.221549707358709,-0.248084207314355,-0.340159336775389,-0.147792845424363,-0.0834997125011029,0.0701710534371845,0.308645816374672,0.547663579342983,-0.0256943478050978,0.25578845697255,0.174264649411832,0.507893895020311,-0.182903022703328,-0.0371168277083846,-0.282565071093127,-0.304166749393999,0.00529587596258578,0.248876995317935,0.110278683702047,0.0436089035036321,0.121535322016544,0.140156525949193,0.150737985151221,0.279601329367084,-0.144661869275162,-0.0738705126225995,-0.0919853229077799,-0.0346689884211152,0.0414771236509089,-0.111033235324174,-0.108086241777759,0.184354133440671,-0.221370904077445,-0.154471467581874,0.00297035591075207,0.246873506179829,0.0752964409246876,-0.322821297385378,0.1747473695822,-0.18986062508813,-0.169821950936003,-0.0513857022676015,-0.0990922960848923,-0.262027226265675,-0.118199191797983,-0.262579468528485,0.123369837008489,-0.0928382605640322,0.0306700324012203,-0.219000229409274,0.0266472447151761,-0.0180498309292475,0.0202184470627594,0.0468282936636385,-0.00944406491900199,-0.0152365929106917,-0.196614792973641,-0.200799447456361,-0.0372031173782775,-0.0886781504446417,-0.0207199084702553,0.0467187424002157
"Frontal_Mid_Orb_L",0.140316850207706,-0.209870448968053,0.307021312444975,0.0562414226196121,0.64482649574521,0.249902371239178,0.443310494841783,0.118432775038712,1,-0.0157691283249482,-0.0426213324777842,-0.337859087913817,0.137313554428281,-0.185898102800193,0.145532700799713,-0.167245789855514,-0.154500731793912,-0.0974797549212295,-0.129662781613389,-0.251882578543517,0.259438945446344,0.246768620531159,-0.0140520374302653,-0.165303868896666,0.406793061021364,0.598489968181412,0.382083683610948,0.568119881801934,-0.242862144084872,-0.121443291158308,0.161088804170674,0.116825280411253,0.0214066053150543,-0.00634868416401639,0.0946123888570918,0.159661977746725,-0.102513874692869,-0.120591369595657,0.104192696420622,0.0142091063159311,-0.0447717649438791,-0.0855617469004398,-0.0882440831887438,-0.0162143249339331,0.0848499939311588,0.0517439518050061,-0.120887324117359,-0.132620829309708,-0.084475547696569,-0.136639763451125,-0.0930972509164953,0.00417972296442469,-0.253557275621742,-0.0932569590776573,-0.137686012859283,-0.200280187002123,-0.123678648052201,-0.27433881657998,0.073514776082211,-0.21093769500851,0.0613364828904803,-0.0210356460585011,-0.148995927206671,-0.222477319524596,0.147670223747848,0.0947777366709881,0.249919319180561,0.168798084031153,-0.172205886208501,-0.13778774818718,-0.0868568109334453,-0.113443052671183,-0.196067979302188,-0.284225015228735,-0.27416416269037,-0.279870144755465,-0.286636562703075,-0.318953567580432,-0.133344558848017,-0.215104192426565,-0.188465926394206,-0.0863744540123735,-0.108493966113838,-0.0275910986041541,0.0509309150283727,-0.065361265537549,-0.0522701296564554,-0.0139669043122175,-0.00929626085992464,-0.0489351873847545,-0.200436780805248,0.0202890434556077,-0.0346094347497988,0.218208791019652,-0.0754917580557766,0.057702619136131,-0.0509135401066145,-0.188952232391633,-0.329347820423672,-0.260745240181595,-0.270593793811522,0.164654269782935,-0.321707090876431,-0.0576244258751456,-0.043601346714375,0.059819154328214,-0.0992951472863695,-0.256490809245668,-0.143289191660955,-0.27052660205828,-0.128065053265982,-0.132142193319607,0.0498312093924296,-0.188003043855866,-0.227846945647824,-0.0564454576765201
"Frontal_Mid_Orb_R",-0.171783030629396,-0.248258552296201,-0.14369401112082,0.18986640528264,-0.128847732028897,0.728967381154949,-0.00684668917755468,0.473099812371771,-0.0157691283249482,1,0.285749222835084,0.101398998904512,0.459075060539526,0.412307355559108,0.58553546201292,0.620952948196159,-0.0675727651006256,-0.119639869421909,-0.244607796997457,-0.177559044351415,-0.100471861793522,0.0303713640376277,0.196694656592902,0.245641639008712,-0.03833228352944,-0.148727959927539,-0.158709417144961,-0.106290786114384,0.129541650077464,0.0379339156400522,0.0106808012908683,0.0995757939590781,-0.26055469954954,-0.201192150461709,-0.127380114608956,-0.15578214470506,0.0411271340802369,0.108163469736307,0.0121571536606527,0.091488571373123,0.124376005673346,0.130406934068363,-0.142202037657687,-0.205123611508522,-0.264117031476362,-0.31499492261336,-0.140147978016886,-0.171582140363852,-0.280848379090409,-0.278614287214005,-0.0353741034554436,-0.143034476741572,0.190302790935625,-0.13628647818722,0.0852757950978544,-0.00354876658966086,-0.22986192728275,-0.0912112744910649,-0.16857371789405,-0.0898230001216076,0.197145804422164,0.344590228834359,0.0422466706349372,0.0496365242880844,0.128000348005655,0.295653071175277,-0.290065910317159,-0.254003737089917,-0.115497782099438,-0.135287810000723,-0.0112553284738486,0.0430743881697407,0.208227923032591,0.113431677806443,0.154481471079921,0.228442899609888,0.131789973611387,0.235816493043272,-0.0585040321234676,0.0205878631052361,0.00246891412299746,0.068998213313047,0.151501663122106,0.0508634572280534,0.101490873918109,0.208381740906877,0.0465490909646141,0.0403402246634059,0.251691609760612,0.169224043205072,0.0494396072159539,-0.172985051673255,0.0334667981613723,-0.174689105471315,-0.149339783068288,0.0110291926810737,-0.0333721752942701,-0.0939321311301834,-0.0651145834080881,-0.139819448901436,0.0139415673725944,-0.192463462536656,-0.0972236148049506,-0.220625593689095,-0.112974445724676,-0.135586707374195,0.0725589011543931,-0.039811997275057,-0.117359019112093,-0.0241042286374453,-0.26705520621988,-0.155490692366996,-0.0608330517675849,-0.13281184665252,0.00866963578728006,-0.118638735926856
"Frontal_Inf_Oper_L",0.318977569794416,0.0165869798430027,-0.0340274897381486,-0.183971886142505,-0.189867032213991,0.0662006562299978,0.14372822970553,0.117809259359843,-0.0426213324777842,0.285749222835084,1,0.338637691304271,0.662830761417376,0.36547028977597,0.438422562409045,0.186239837342525,0.334373872112846,0.136887069887554,0.187557045583152,-0.000933694201934608,-0.15271806479126,-0.0385685350082469,0.103075176482954,-0.0217264130681605,-0.219822150144299,-0.161646634700657,-0.193231286409799,-0.174701557552021,0.338630400484018,0.180049852850487,-0.0478407392389699,-0.0536496652707616,0.0155391727650255,-0.0496021980043224,-0.151596022892903,-0.169118725898355,0.0100150730009438,0.130321352634343,-0.256565080041323,-0.134124866158846,0.151295400943991,0.0706781137716365,-0.195970043845916,-0.250876595403419,-0.411087919862624,-0.379451408158313,-0.172994312843108,-0.163064128910859,-0.341200870284713,-0.304640117320825,-0.138500071662239,-0.162728712076065,0.0709524520495466,-0.0934115525990277,-0.168008311788299,-0.229645980435158,0.0138691430671769,0.0487276477928936,-0.127193926781213,-0.21133989183863,0.348820941291872,0.102297438188783,0.452532528948544,0.206982009300696,0.0974064965280234,0.0504624910637527,-0.25514949382585,-0.383807030557712,0.029499663299411,-0.097765649354306,0.170595268915734,0.095829163353954,0.315845342318978,0.259624675275604,0.311804261341202,0.2602359779496,0.139771569410829,0.0790309347382724,0.178015242897084,-0.00441516600428849,0.188592465011311,0.224903934148189,0.183464870705165,-0.0134583965238951,0.305500680031434,0.07421299895003,0.108745362128839,-0.0746764212441012,0.317810361781333,0.185452478651125,0.0535212811492402,0.078779945524219,-0.0531566127217727,-0.0400161318573307,-0.014372942080349,-0.150184471184336,-0.204656794420023,-0.194202967260685,-0.00852367775591073,0.00612303584574359,-0.0228129258122399,0.0414203625994896,-0.0306303115280422,-0.00317481055789161,-0.166176021803158,-0.0704082979113671,-0.0969894325543881,-0.0201456086326357,-0.0654671678509545,-0.123907590739586,-0.231616992400607,-0.0781785260968906,0.0112870181319956,-0.0455471381800245,-0.0319889763727041,0.0200370974382499
"Frontal_Inf_Oper_R",0.253407589222063,0.100275037423991,-0.360663697229867,0.0289599737804329,-0.439976561566283,0.0103953863012406,-0.299955146615513,0.385437808239251,-0.337859087913817,0.101398998904512,0.338637691304271,1,0.17847580657133,0.643473107085998,0.0999703672328116,0.322750771898175,0.271982275119857,0.283908032757323,0.212568193578285,0.195666710570646,-0.15355667216201,0.0116983460481974,-0.180549384370563,-0.0345226245204488,-0.41543481815813,-0.346473474982003,-0.34120658231863,-0.17682668086185,0.386282436688357,0.429477749730092,-0.145563026180451,-0.208250229648058,-0.0833997777577798,-0.0456345019518031,-0.408267156074017,-0.390731657488541,-0.0388366696251603,0.198626570977971,-0.13311443924265,-0.00575381428966193,0.13756066389511,0.17034230940122,-0.10866112077965,-0.163841639073372,-0.28833108117946,-0.212332951497093,-0.117115831213571,-0.0913516915088003,-0.251887333014022,-0.0417153327944988,-0.209285255784518,-0.0453948712444606,0.0824020090047386,0.0364344518565442,-0.0407331694337877,0.0942493663646197,0.0540330174359197,0.217713315910686,-0.0494707121069358,0.249548467313408,0.194459000917675,0.346569357082609,0.361930850750799,0.526478015811952,-0.220775009966332,0.0940546498261791,-0.377383775052901,-0.254679546397698,-0.00963187803278457,-0.0604512962970827,0.0516475111098241,0.280467411874233,0.299828425980446,0.356803504657811,0.270518145053338,0.345974583273223,0.195808268265631,0.344807986726799,0.157927476766376,0.128674342098286,0.272062247420982,0.28457488539204,0.170205728840764,0.161152883780698,0.0200748778004108,0.152135360155582,0.00776055443415439,-0.0769458813840982,0.0057241609765171,0.272893367419116,0.251215291079803,-0.169259309430969,0.0548171408830308,-0.3417274685672,-0.225923846148399,-0.142011266671391,-0.183575631167523,-0.0196047335773719,0.181154302093437,0.146630217756263,0.245671523295601,-0.156509312383309,0.229378746931579,0.024117941439425,-0.185326738591865,-0.137884093163719,-0.115910546247139,0.136522648846689,-0.138938752385452,-0.0216091916009299,-0.154475211559537,-0.0782922000485069,-0.0151268650538246,-0.0194850058043374,-0.0304057232861743,-0.085466594633541
"Frontal_Inf_Tri_L",0.312635253383746,-0.119688481674431,0.140390659033261,-0.0704680782390177,-0.0358756109001999,0.244998878348126,0.366757745521549,0.315372261205527,0.137313554428281,0.459075060539526,0.662830761417376,0.17847580657133,1,0.398102070388537,0.59851458553114,0.265677765027232,0.0913375032998691,-0.0330349763229909,0.0119359805654852,-0.120613306975808,-0.117645400677931,-0.0445743354779508,0.167817737045326,0.0116782384430303,-0.0831506411719703,-0.0965704604490387,-0.0814732297661838,-0.0780730916247613,0.21003475516659,0.00323811174919809,-0.0742642154960908,-0.076656393353387,0.0423403772819361,-0.0406828570632992,0.0147116669537968,-0.0878625385663621,0.00736290392127197,0.0720082903907486,-0.109978144336019,-0.0417945234925986,0.0984265235957773,0.0838370661606616,-0.263134653415966,-0.363460560265305,-0.344507887844314,-0.340292765464295,-0.308328346611666,-0.2737575702993,-0.312925335787653,-0.292828975168344,-0.0741739269381264,-0.132493695641891,-0.027081021560176,-0.256522510251813,-0.121934009891582,-0.210025217705845,-0.0470804574672049,-0.025475376192348,0.0591640073404173,-0.117854843834735,0.570400716148008,0.282361643695488,0.22556132184236,0.051964996761027,0.35883756050015,0.257691932533137,-0.0743863252166944,-0.214839278808668,0.00824759854193769,-0.0874360842817363,0.0869304229819531,0.023036006546739,0.25319612534783,0.117682921300679,0.209437031449403,0.192583235409041,0.126482861074549,-0.00881554931158716,0.0614463944634589,-0.09599654356486,0.0693701798341416,0.0749839049257906,0.0876910112914915,-0.142162577312946,0.271033406235575,0.144495719755809,0.0516308543541765,-0.10533847622569,0.395189692784642,0.159197096770402,-0.103237604671196,-0.0904712126507357,-0.104258433977535,-0.0116267818585653,-0.134430112970828,0.0388618147777149,-0.14894260705799,-0.13557928221725,-0.194923153718815,-0.178450096657974,-0.0939465076170702,0.0739508838442425,-0.138031711282332,-0.0672221811174649,-0.177580819337541,-0.00488277803177003,0.0267679795226356,0.0035006328039323,-0.150544094127166,-0.258454291329022,-0.308047224683548,-0.246823242491852,0.00709829515445044,-0.159990320516203,-0.130069444501182,-0.0396307531686553
"Frontal_Inf_Tri_R",-0.0367067344735318,-0.172833635402024,-0.246404571175374,0.190401750591535,-0.201111739573869,0.307494721005811,-0.126019454313413,0.506728509278381,-0.185898102800193,0.412307355559108,0.36547028977597,0.643473107085998,0.398102070388537,1,0.305717005530718,0.598803927954373,-0.0934552635219505,-0.108527396112361,-0.11514039688516,-0.0199137362528828,-0.00151105871208116,0.0147958922832034,0.122568417028793,0.31147752528953,-0.139617053298873,-0.0909977029665031,-0.076380971042155,-0.0345666218127475,0.112729626031957,0.171755885972723,-0.00767073212364691,-0.100528545875599,-0.150211116299259,-0.145954932869238,-0.233472104915963,-0.249804470362595,0.0484341710855563,0.181884416602693,0.0219673304918728,0.13857419736722,0.146123739989681,0.214065845974783,-0.0482599325214251,-0.111675776440429,-0.17696435312521,-0.17506044812804,-0.115461079958465,-0.0605957945657705,-0.168673136603997,-0.0752044230976504,-0.0864200203871266,0.0116716093823077,0.0824857862930487,-0.0553077786347977,0.163569575488267,0.173692509019984,-0.278315440777442,-0.0869338259188857,-0.153199418981009,0.103337978248912,0.178089009679475,0.464229369209681,0.120235891690107,0.329496254909228,0.0754882307276894,0.347198137432153,-0.305339180317604,-0.193870272003559,-0.158947565865796,-0.153011909053289,-0.108529493124363,0.0281039762143868,0.142329332429937,0.170459037260186,0.156530794582986,0.287222005210531,0.0558363813857948,0.248168244855341,-0.0717704410891231,0.00471355751801709,0.0478672555759027,0.233084718966884,0.214595917506734,0.107196440880701,0.119283313698733,0.409000378681569,0.147410559337525,0.114995953842692,0.161476523556867,0.27552915570694,0.142930147072017,-0.319208964277202,0.0386392597656453,-0.317646500014073,-0.229305570636356,-0.0595148931751528,-0.162134731716454,-0.0329068584339275,0.0136433741211404,-0.0722705048785379,0.12221972299866,-0.221529382614338,0.00339586273966553,-0.205341146047427,-0.108758490709515,-0.0846802396680934,0.0836074163908474,0.0169541214306925,-0.056992503767746,-0.118993454235578,-0.195685380321097,-0.233432772498045,-0.20151645415771,-0.178191473738768,-0.0832814983852609,-0.072695803756064
"Frontal_Inf_Orb_L",0.022977408764011,-0.089197573682444,0.158269652805094,0.0679369011240081,0.118839770862565,0.446381387451097,0.187312945309806,0.280912663403836,0.145532700799713,0.58553546201292,0.438422562409045,0.0999703672328116,0.59851458553114,0.305717005530718,1,0.596105138616774,0.0896344288932373,-0.00104874973566499,-0.0883673145806699,-0.0391928668319837,-0.11974985912583,0.101419218153738,0.347559414444314,0.250790238529665,0.177316908425503,0.0376760479511973,0.0240961378598748,0.0811914993651934,0.356289728688897,0.160515628220938,0.161796850384568,0.181630134919576,-0.102543219652584,-0.107994176155938,-0.0574206937631619,-0.193419153687441,0.0428321402184784,0.1497156365938,0.0248376046843194,0.121781927166502,0.253325481373024,0.239208534807956,-0.373165865350988,-0.428999426157,-0.356005805164995,-0.46577173768506,-0.319965898004271,-0.32760085991636,-0.460134210489544,-0.44474062904099,-0.220969479804788,-0.326748089379022,-0.0232914947962353,-0.205270052560943,0.00469279355162799,-0.140579180806915,-0.151689816324072,-0.0278413940200562,-0.218273950778811,-0.269896941691146,0.178039161460596,0.114724441002998,0.169924776015157,0.127511550483756,0.201909823853222,0.0965138468080942,-0.261190428676717,-0.360241830701396,0.0857159617487799,-0.0330176655926717,0.0280598961831294,0.0981393618086122,0.355690883219426,0.244386011202928,0.234157923615671,0.323611637771045,0.020674860829888,0.0284889707191623,0.100353380284419,0.0550870440643999,0.155332672533999,0.208434706917633,0.505062403504801,0.200032614637514,0.354887961125874,0.123765504279909,0.286728001560667,0.163560311040122,0.359688536111609,0.128274486217489,-0.18155642145979,-0.183019725842322,0.0242145399542198,0.0869878845064729,-0.0119735755955383,0.100499576892047,-0.0345402475250366,-0.0966732360136448,-0.150770933688993,-0.195390757562492,-0.0270075125612242,0.0789513370816089,0.00164249087893797,-0.000118226521586671,-0.185488808061395,-0.0741872972564986,-0.016267446124514,-0.0910096266059252,-0.0393685713700214,-0.0970567083653341,-0.30287468993048,-0.272577827215261,-0.0777274906753466,-0.0325857486871706,0.130783025877211,-0.177134179591381
"Frontal_Inf_Orb_R",-0.173478022845855,-0.209143479957198,-0.111985986024177,0.17538990586754,-0.0959211426838805,0.50144191075504,-0.0759104763250707,0.343702301311872,-0.167245789855514,0.620952948196159,0.186239837342525,0.322750771898175,0.265677765027232,0.598803927954373,0.596105138616774,1,-0.0818225810116619,-0.160481316604868,-0.207598870703492,0.00402060157241633,-0.0200266266193218,0.0959639127984708,0.203373571015296,0.384044653800155,0.0203327176598475,-0.0710713584658943,-0.0173355037444611,0.0291066067780303,0.314918744386645,0.304710994630591,0.125379469787525,0.098928311704405,-0.231123604982011,-0.168427548108352,-0.236112514193029,-0.308242315195838,0.0600840418661546,0.328841906928764,0.0506416974849379,0.265524280707463,0.174279912912938,0.34613226568,-0.215622196602139,-0.288101478900345,-0.345748803427507,-0.403063927871287,-0.166879501633228,-0.208669498854401,-0.339698648485984,-0.323131297890758,-0.150878856560409,-0.181643763472459,0.192970446787244,-0.0601617598987645,0.192953758873823,0.100098418501773,-0.263797957264973,-0.0384239097408864,-0.251227859918519,-0.116836799864316,0.0277070957028747,0.228632887703522,0.11689054702788,0.276106092839615,-0.0283455096863771,0.105027496485516,-0.407978628437499,-0.370626373098311,-0.0645844263799586,-0.0734146369000143,-0.0709791505758101,0.145443230532053,0.279179432993497,0.299362670031463,0.222032346634719,0.380113189901872,0.0893647853749249,0.331129260235718,0.0111011223668988,0.0211903101846849,0.0274327276440857,0.192706685346794,0.414152354431674,0.368131146406047,0.200719960808699,0.349092498522872,0.188876727438449,0.22788581370263,0.194536716417999,0.179021107581045,0.0465484384922032,-0.257789516804217,0.00667399679123532,-0.168464618691161,-0.128361102733621,0.0712125248805445,-0.0528766488842444,0.0122578024525546,-0.0445647573161762,-0.121142315665345,0.0765794231409856,-0.182503642234773,0.0448623666139025,-0.10636320910427,-0.155082337914362,-0.183928292285717,0.118638278455024,-0.0608796698802223,-0.0636562833797951,0.0113382619217273,-0.288523316160088,-0.224541033667711,-0.318440902312011,-0.141274362329272,-0.0699763167262217,-0.208954202660829
"Rolandic_Oper_L",0.408084641617243,0.536591841658661,-0.186292767868774,-0.393569932384972,-0.397513288357215,-0.285125624974153,-0.186382888925356,-0.192439081675177,-0.154500731793912,-0.0675727651006256,0.334373872112846,0.271982275119857,0.0913375032998691,-0.0934552635219505,0.0896344288932373,-0.0818225810116619,1,0.793284977556069,0.487752454332807,0.316444459596489,-0.256044021177039,-0.160802999922153,-0.242922406546419,-0.353240845881775,-0.387416813795888,-0.333225421422589,-0.408715672692891,-0.296787608254324,0.613643290073002,0.630924597651442,-0.127798594110285,-0.170945556524904,0.0842606082195835,0.0299445283271028,-0.311922333464611,-0.352630079683121,-0.100927547097718,0.0831937587106234,-0.243492747302028,-0.0583255420037642,0.226737475089717,0.296457911426413,-0.0961939191693092,-0.0404992083777441,-0.188318093067449,-0.0790185546070852,0.0860214912942703,0.0679850941975723,-0.138133232656297,-0.084828462320416,-0.28173077436862,-0.146040163891847,-0.0461792236019718,0.0544072790164419,-0.0985565078778733,0.0163729347348832,0.700282949495723,0.381555036668307,-0.149090754464736,-0.123389172558954,-0.0529556627321005,-0.240678420061339,0.62860245087909,0.267249206710158,-0.390928446352163,-0.366051117221404,-0.354614368210131,-0.376193559246005,0.281369400297445,0.178511447817705,-0.0441996339662229,-0.0642915461504091,0.319364810102461,0.500934986770889,0.180281526893083,0.328315199026999,-0.0212526734816197,-0.035567867203494,0.758774793257888,0.560551159425103,0.804581581651227,0.502402730427863,0.272261398550203,0.312613081644641,0.166259434023992,-0.118026679003784,0.079022275491926,-0.0909262788202236,-0.0242430121761678,-0.069190340831833,-0.00559274377580742,0.0752092444303733,-0.245222656452744,-0.184233279548624,-0.0253707580243535,-0.0310352463616957,0.036073622819852,0.186768034220076,0.276543695564293,0.352177226993184,-0.0456204648414696,-0.112070362722289,0.0166527153443264,0.0725547882900186,-0.355025192124411,-0.233723532653156,-0.17070553414793,-0.125928711804745,0.00653142690180963,0.0399780911646523,0.00847563148263398,0.247990984582791,0.10884430716569,0.16133312061875,0.112428639541931,-0.0551439304296773
