"","Precentral_L","Precentral_R","Frontal_Sup_L","Frontal_Sup_R","Frontal_Sup_Orb_L","Frontal_Sup_Orb_R","Frontal_Mid_L","Frontal_Mid_R","Frontal_Mid_Orb_L","Frontal_Mid_Orb_R","Frontal_Inf_Oper_L","Frontal_Inf_Oper_R","Frontal_Inf_Tri_L","Frontal_Inf_Tri_R","Frontal_Inf_Orb_L","Frontal_Inf_Orb_R","Rolandic_Oper_L","Rolandic_Oper_R","Supp_Motor_Area_L","Supp_Motor_Area_R","Olfactory_L","Olfactory_R","Frontal_Sup_Medial_L","Frontal_Sup_Medial_R","Frontal_Med_Orb_L","Frontal_Med_Orb_R","Rectus_L","Rectus_R","Insula_L","Insula_R","Cingulum_Ant_L","Cingulum_Ant_R","Cingulum_Mid_L","Cingulum_Mid_R","Cingulum_Post_L","Cingulum_Post_R","Hippocampus_L","Hippocampus_R","ParaHippocampal_L","ParaHippocampal_R","Amygdala_L","Amygdala_R","Calcarine_L","Calcarine_R","Cuneus_L","Cuneus_R","Lingual_L","Lingual_R","Occipital_Sup_L","Occipital_Sup_R","Occipital_Mid_L","Occipital_Mid_R","Occipital_Inf_L","Occipital_Inf_R","Fusiform_L","Fusiform_R","Postcentral_L","Postcentral_R","Parietal_Sup_L","Parietal_Sup_R","Parietal_Inf_L","Parietal_Inf_R","SupraMarginal_L","SupraMarginal_R","Angular_L","Angular_R","Precuneus_L","Precuneus_R","Paracentral_Lobule_L","Paracentral_Lobule_R","Caudate_L","Caudate_R","Putamen_L","Putamen_R","Pallidum_L","Pallidum_R","Thalamus_L","Thalamus_R","Heschl_L","Heschl_R","Temporal_Sup_L","Temporal_Sup_R","Temporal_Pole_Sup_L","Temporal_Pole_Sup_R","Temporal_Mid_L","Temporal_Mid_R","Temporal_Pole_Mid_L","Temporal_Pole_Mid_R","Temporal_Inf_L","Temporal_Inf_R","Cerebelum_Crus1_L","Cerebelum_Crus1_R","Cerebelum_Crus2_L","Cerebelum_Crus2_R","Cerebelum_3_L","Cerebelum_3_R","Cerebelum_4_5_L","Cerebelum_4_5_R","Cerebelum_6_L","Cerebelum_6_R","Cerebelum_7b_L","Cerebelum_7b_R","Cerebelum_8_L","Cerebelum_8_R","Cerebelum_9_L","Cerebelum_9_R","Cerebelum_10_L","Cerebelum_10_R","Vermis_1_2","Vermis_3","Vermis_4_5","Vermis_6","Vermis_7","Vermis_8","Vermis_9","Vermis_10"
"Precentral_L",1,0.470216884244765,0.00860146890884491,-0.202371152682591,-0.322002860541099,-0.215240682853561,-0.161909100441008,-0.0820208472209304,-0.372963737594822,-0.250745922669766,0.495311927283855,0.228945153945216,0.15056543298342,0.0541988539094925,-0.0324068580984158,-0.0152658672097397,0.299067492700366,0.19924524560737,0.352089891111619,0.183107444008584,-0.22621528081726,-0.12110213643989,-0.0773702946142495,-0.22488512675902,-0.201568353075351,-0.303077300363962,-0.108022470542102,-0.122959277195406,0.145981703233924,0.117785366932516,-0.156905060367069,-0.0206905532619858,0.12962899890505,0.0703318486984499,-0.053868797098496,-0.0618648150307127,-0.0466702075316751,-0.114320279633156,-0.100445303124006,-0.194291219733011,0.223943361460789,0.0196576093263048,-0.0970669753659473,-0.129374462591685,-0.0510024478790242,-0.172397074569901,-0.156759788576378,-0.180014618647733,-0.188810426383574,-0.220151106895837,-0.0407622627420434,-0.242477920641824,0.0125413893405836,-0.0634079031870799,-0.125162871602747,-0.155650416494519,0.644744171046835,0.331185135299583,0.232483618879718,-0.0572041585153568,0.197984799813659,-0.138013271291181,0.365474402257362,0.0813951083332487,-0.0992453986387322,-0.221145521039241,-0.00601694900059636,-0.141527739421351,0.471314982510477,0.30559465591215,-0.0529769091033454,-0.100536577593302,0.107596284339884,0.0746174521785856,0.0737660793697384,0.0189451873351446,0.117009584760399,-0.110888183717673,0.307623896110183,0.0397388803998147,0.255415040823122,0.132266067325499,0.0143935139920666,0.0798387478619646,0.101073596968331,0.00600059029583745,0.106509435633312,0.0126603994148705,0.153487303602063,0.00575853201474319,-0.0607937413677065,0.12196351022071,-0.197771980540983,-0.136155794723198,0.11006421070395,-0.0488851334718725,0.251619303218276,0.159352292021306,-0.0421153789748945,0.0611799570450399,-0.0366080204625398,-0.214483538531281,0.150308726610788,0.143361521238624,-0.0323692124842164,0.0544341288573448,-0.135413128669854,0.038148059428589,0.138660521707475,0.293594679816229,0.190907918427005,0.155005225167566,0.113971764224482,0.304292701534362,0.151320738640031,0.125239719646967
"Precentral_R",0.470216884244765,1,-0.0587432637334291,0.0248948654380422,-0.272132775048373,-0.159184049909608,-0.244632471827298,0.0844115098664279,-0.24674084960554,-0.204387608912616,0.173156626622564,0.237753768225485,-0.0384047813281239,0.00749503670822467,-0.170119234848215,-0.00271715635959968,0.420377041880716,0.56929417980592,0.383180722325123,0.434248421110391,-0.249685689030773,-0.127544366901035,-0.0841039118376076,-0.0814764064523356,-0.221885076104533,-0.243955115202918,-0.212732996320176,-0.201864034136915,0.204675352977506,0.258132286189993,-0.0144993678810855,0.0316837086086988,0.121823937637875,0.16603927800738,-0.226622401033399,-0.26422617241184,-0.104353159077376,-0.0262201710622743,-0.105102846491613,-0.199370214032482,0.139589471513629,0.0754916437089012,-0.0511703866784435,-0.105484332948892,-0.173847330824481,-0.171240682423403,-0.0544207525118613,-0.0852838032396404,-0.121511704463441,-0.138931026660547,-0.148885713229,-0.28109531624097,0.00761107711697702,0.0589459100509907,-0.111673445797496,-0.0499460647820862,0.531405660338511,0.500286789927029,-0.0772092547343292,-0.0967205441108515,-0.139510354837243,-0.0895947377046576,0.24263998880225,0.182134327739299,-0.247481686971896,-0.191190638241928,-0.237992103735683,-0.310558189678393,0.385408353952353,0.358965980057157,-0.0917793592697262,-0.0247629287447926,0.165735812150491,0.315859114375273,0.101149391264407,0.264130410783248,0.0970846881325744,0.177604428830835,0.425240497340487,0.273765563881734,0.385924158147371,0.326667040122731,-0.0130815639404288,0.191716911635499,-0.0162306262252392,-0.0537314223191264,-0.0534782922306826,-0.0584380898655375,-0.0746372302073516,0.0195173071279133,0.0676266435408665,0.0692418182383939,-0.0862215700574796,-0.0288965494110734,0.0499066675172395,-0.0156959933312969,0.153423432332992,0.0331610808612205,0.140526515256604,0.0744292969672323,0.016584446718866,-0.0858078940784171,0.207845526001192,0.081305134296075,-0.00556277499667316,-0.0420414036595865,-0.0429906239050348,-0.0722199369656477,0.133664670145811,0.250935587372799,0.100086668881176,0.241058223980369,0.0936184962873855,0.272052887468875,0.0622575375028902,-0.0312314681082542
"Frontal_Sup_L",0.00860146890884491,-0.0587432637334291,1,0.163446575824402,0.595058660713794,-0.124889109258749,0.620267042534718,-0.30521461744259,0.0921646759479653,-0.22986994660913,0.00711081536733841,-0.35202882221086,0.112090349024069,-0.200128512184645,0.215342177001375,0.0428637366834732,-0.14910136798946,-0.213189880572607,0.110176297702074,0.0259589042541157,0.294428084925591,0.202055845467932,0.728687295656171,0.471544663000356,0.623884097656674,0.374554756345659,0.518919264248802,0.37095329371256,-0.0943493574611704,-0.248694198282935,0.361782848516818,0.206142156178638,0.138367654783499,-0.100295884936517,0.38162679877888,0.168505023426934,0.0150268816083566,-0.218817446455072,0.0448569254523729,-0.08482636514218,0.0702657103880833,-0.256307771718901,0.0074118664134035,-0.125975256404005,-0.0799781022208441,-0.23652207807557,-0.0888013945782615,-0.11029303048584,-0.276744078523468,-0.226737030684225,-0.0653135916322723,-0.104397813561443,-0.235097691097829,0.051761829331754,-0.0941857731501791,-0.104440823071293,-0.0737978632774621,-0.279756230931481,-0.244188897278018,-0.438321091167933,-0.141825543004972,-0.305782359865435,-0.153056303241022,-0.341611349851672,0.588095823654049,0.0727898053314051,0.0923885041602188,-0.153519357095146,0.0642766954002999,-0.0242272904033782,0.258902363337849,0.147832782475423,0.0877301796336936,-0.188265532054812,0.258452170935924,-0.0478148853971395,-0.0307191660109822,-0.28800247236633,0.0668024371926559,-0.0294970376755405,-0.0265698489748556,0.18824469822365,0.224263672976192,-0.0388265078815868,0.571432679135665,0.400049488897055,0.301058572626541,0.317986656430196,0.0578521344099537,-0.0362658021332075,-0.119960034375599,0.220882598601871,0.0471921941131286,0.326640137712382,0.0314825334670949,-0.0629739514539171,-0.133004206858272,-0.131374277262718,-0.339436589732594,-0.00814149671815876,-0.321724459596112,0.1788584695911,-0.234180199474063,0.0265927546797637,-0.0884606590285002,0.236035420806169,-0.321733403992457,-0.182599054422872,0.0927516305433579,-0.0892951111993181,0.0137708738692602,-0.181469852717882,-0.0701650793738836,-0.15911916660612,0.056446362602393,-0.100122559736579
"Frontal_Sup_R",-0.202371152682591,0.0248948654380422,0.163446575824402,1,0.238873532668272,0.321358178900127,0.283656062309769,0.648760233355528,0.261019137752522,0.268998271413307,-0.226715337204281,0.0645548596530615,-0.161695191026277,0.0579200619686215,-0.114667370874113,0.14199169130427,-0.130905531889312,-0.149352659851476,-0.0666897427337368,0.172715255016503,-0.0315497624766844,0.0772810176844862,0.260370608583093,0.566962329888458,0.181416515611336,0.41112751221572,0.114650330598973,0.205859902522414,0.063007536983186,-0.0563411929678606,0.216011180642806,0.422907697640243,0.0198229840353529,0.20722552170653,0.0468226212063897,-0.00877403250201647,-0.307758031035754,-0.0814300796650533,-0.270254287843014,-0.184202467823755,-0.291844230146381,-0.214671789846818,-0.0955660760747741,-0.113000647774218,-0.170673490269701,-0.154409795510108,-0.0569882449075847,-0.184522021116889,-0.223765727906939,-0.0529152590850571,-0.272992135885092,-0.175735133339791,-0.254025860089852,-0.108032798674244,-0.225797503073983,-0.219105855446932,-0.139450598663833,0.00955658450302396,-0.330771584621005,0.049144015303786,-0.131722043681184,0.313870318695157,-0.130777049445879,0.134430439563741,0.0470084597799053,0.481842878410131,-0.154896362537807,-0.0795030758554147,-0.173305566524917,-0.208823654191534,-0.0216242555279198,0.111900794548871,0.0144028191183292,0.0303961922717566,0.131405194822233,0.125903201819959,-0.0886931122371769,0.168948800545046,-0.129989383575562,-0.0309103652945301,-0.149009495519707,0.000893564129865817,-0.104233846713959,-0.300172977929714,-0.0176614279053437,0.286417395354115,-0.122396790527267,-0.0418747696890928,-0.30791246285969,0.130293140791552,-0.00768371649447645,-0.240663600536602,0.282860518204272,-0.224598646662751,-0.170824598589431,-0.299973760104594,-0.306584617187997,-0.263927531546331,-0.0402553888307042,-0.290024365077235,0.15912878623394,-0.178392744235473,-0.08613954682289,-0.197279371335871,-0.0798062973742467,-0.142415388149321,-0.237114295169822,-0.384765646736605,-0.0559572968314199,-0.289602630352226,-0.183480648610766,-0.156950909033669,-0.165494534086077,0.0350613567998267,-0.0210018682229019,-0.138943605741612
"Frontal_Sup_Orb_L",-0.322002860541099,-0.272132775048373,0.595058660713794,0.238873532668272,1,0.197440120108115,0.543646446304317,-0.0601656572883441,0.560974376010227,0.0856691512877453,-0.238849966789245,-0.326589448935702,-0.0288219567681251,-0.156055694618702,0.112364066139279,-0.0357786801303386,-0.156630568789635,-0.165890609818011,-0.130693253017545,-0.11491949403409,0.508637654952109,0.301325133887249,0.489006096151552,0.339800298998317,0.725857405026819,0.591651105433811,0.709192339572461,0.56258669629553,-0.111533096174654,-0.179393578223991,0.405952533118589,0.139800810567352,0.0725634663242581,-0.0558877286553059,0.278504906305483,0.196116220264591,0.0316607770225932,-0.0675375962252896,0.218509514016678,0.0957725983464036,-0.0604660975851692,-0.260622305862995,-0.000315060311290077,-0.0369270711135693,-0.110922827501651,-0.175639642894373,-0.0476764475586974,-0.0909037905779541,-0.268667666423612,-0.161429387144358,-0.0936143436740544,0.00767037957263317,-0.256961593290437,0.0333230254755512,-0.0852999766316471,-0.135631025416626,-0.194488657083307,-0.356292196142095,-0.289046812869699,-0.243735380295412,-0.19143608958782,-0.148534734115144,-0.127620798339123,-0.25867924960571,0.391449158765438,0.118755586584049,0.0633429912897038,-0.035024305872308,-0.0982087436854891,-0.170925676214266,0.266487934725508,0.163047635157909,0.0682398037670801,-0.266902954311959,0.0602558678789667,-0.133216350977753,-0.0614445436910505,-0.191786497799834,-0.0153156328387577,0.0444671571012683,-0.0367579934805828,0.0956403616196248,0.182787632360135,-0.0484941056436686,0.323583696334293,0.251412681661088,0.0125316795907992,0.159881851585102,-0.0240833042332823,0.00365978455381204,-0.234253276489865,0.0392098012839915,0.03921018695645,0.164399828517528,0.0958940873007766,0.00820200840867517,-0.13781736506298,-0.107397129238429,-0.303351050742666,-0.134654981429114,-0.149160362186223,0.16196720808529,-0.190404250913088,-0.0473120360455479,-0.0292273727751246,0.174220761294792,-0.307129040874766,-0.0735895162697398,0.0794651592227725,-0.146006261962705,-0.0544482249654506,-0.183704623950696,-0.0987970141602341,-0.172039898645244,0.0268849304325239,-0.124639265203484
"Frontal_Sup_Orb_R",-0.215240682853561,-0.159184049909608,-0.124889109258749,0.321358178900127,0.197440120108115,1,-0.0720425304134501,0.461117452741923,0.347326440944409,0.688227521803999,-0.154832546510414,0.151848272289918,0.116248587611986,0.356072137901205,0.185119318314629,0.331261917716843,-0.0436020031845873,-0.0353252533316167,-0.0226393690427339,0.0868236192892732,0.0214233235282504,0.14455782330617,0.0690915689153291,0.236178839976572,0.0272642947425554,0.234663464134501,0.114576749137919,0.318953427921254,0.125107483645476,0.165021874183511,0.0600948586412035,0.194371085763891,-0.321195907726462,-0.000946509417554125,-0.162920339151119,-0.0544268627425558,-0.144702134939882,-0.0358793034114712,-0.0319353740002072,0.0765152844866291,-0.0289302250406354,0.0605232595393291,-0.185903807207035,-0.101603433900092,-0.190936849295046,-0.113709011746977,-0.0994537857700693,-0.15268609090706,-0.144606856930725,-0.0521770590818353,-0.218984481276034,-0.113508691221339,-0.183538486358974,-0.00284370615272512,-0.05176103641449,-0.0604547738891678,-0.184519258307335,-0.144605242626126,-0.234026603017199,0.0726094167010578,0.0752585787860584,0.334128060435696,-0.162901670620716,0.0200968491588701,-0.0298546595893909,0.167019802607828,-0.361604091562467,-0.242172739616781,-0.117128993882056,-0.107468093020011,-0.00491983870277176,0.0337285549266543,0.106797594242799,0.151044043228149,0.0296945862919415,0.0513922512691654,-0.0959405212189238,-0.00465658016839221,-0.194640506822351,-0.0249306296886474,-0.0706933687736603,-0.0767388947215612,0.106154860015644,0.0863333557371659,-0.183610626158362,-0.0539818912548179,-0.112422474506236,-0.0764185526258335,-0.108139986062983,-0.0697833785104164,-0.249590648635005,-0.343673111312776,0.0203815577671045,-0.171779666674125,0.000627893745233463,-0.128839688715562,-0.26502364160193,-0.177453391420201,-0.261601798667625,-0.315407968346876,-0.0222590755573616,-0.0768389648693233,-0.220369692245551,-0.274777445187031,-0.205471527685738,-0.258806484034792,-0.177205093852386,-0.283929223535698,-0.171714072394597,-0.248483395786114,-0.372299693628004,-0.354849783252861,-0.228565328703783,-0.150383204213013,-0.000541804189075176,-0.0875983412518625
"Frontal_Mid_L",-0.161909100441008,-0.244632471827298,0.620267042534718,0.283656062309769,0.543646446304317,-0.0720425304134501,1,0.0644184449670687,0.37887423555971,-0.0657148155342348,-0.00718087297016801,-0.246446265005375,0.235797672585662,-0.114761234925676,0.106506994823691,-0.0715097753146173,-0.269174763857923,-0.330659888865493,-0.191952380230717,-0.160004828793333,0.319174600126166,0.0961910238351913,0.50843081053224,0.326089553143883,0.491302740619007,0.390567922773394,0.400949255460763,0.328230505993785,-0.0848043914469865,-0.337017160473584,0.280990529146393,0.158828066869341,0.138771715469983,-0.142669624223408,0.342580994288304,0.170486082718112,-0.0192060715849908,-0.176271671170664,0.00161307489781128,-0.0829351087594555,-0.0261689764898268,-0.273296169074962,-0.0342939283637123,-0.125503211134654,-0.0948475570628325,-0.216622922990319,-0.109289956907155,-0.143590449454143,-0.216850853698833,-0.169462189760575,-0.0211098683502107,-0.0565350545359,-0.264248869976218,0.00919307853273336,-0.150644802838237,-0.11043181832639,-0.280696279902376,-0.294225423818499,-0.111680791151343,-0.160632168511426,0.168639501605841,-0.0416884443718691,-0.091919281814434,-0.132510595736611,0.493331533365208,0.231895876382077,0.209885982614325,0.0576720180806324,-0.0803890974750818,-0.105402481345788,0.232449546257093,0.0668905761484707,0.10487805998899,-0.23748483240858,0.249284366157667,-0.0856438783779263,-0.052216884164608,-0.222818325753941,-0.0988110289412581,-0.0797593390738782,-0.213935479605477,-0.0161789964459258,-0.0284755728900561,-0.135081464553483,0.288382921002855,0.227062905523259,-0.00172048337846293,0.0744456261198693,-0.00427001789969869,-0.0427575231665761,-0.00363366462353756,0.189546743173938,0.191236730733541,0.206341456750949,-0.0289214069662243,-0.0923387619625516,-0.262627337350515,-0.194053987146045,-0.235968545398409,-0.119111121776989,-0.217798250279722,0.0698712189158041,-0.275922024239435,-0.158540381425779,0.00322070496708401,0.104027810207465,-0.196568162828552,-0.242398531851529,0.0706922998573257,-0.1508711140736,-0.12168621696264,-0.231660106217124,-0.0540472715322657,-0.171496030769113,-0.0380167242633525,-0.0879627130010846
"Frontal_Mid_R",-0.0820208472209304,0.0844115098664279,-0.30521461744259,0.648760233355528,-0.0601656572883441,0.461117452741923,0.0644184449670687,1,0.275287157474156,0.591421201485748,0.0539122683302356,0.458891699355855,0.158599481973798,0.485652221203466,-0.0257703445678639,0.319163229473751,0.0424597494741911,0.0269501687704362,-0.0358388232782649,0.210440690359981,-0.192806090644697,-0.0435899841056694,-0.0480337454248466,0.241806788473041,-0.15671143946923,0.143000925707386,-0.137636633152501,-0.049402534652185,0.17816379195335,0.206647682927066,0.0543941016662124,0.27824033843918,-0.0851813285327706,0.158651756160001,-0.170885607839496,-0.166420377337943,-0.286192720402035,-0.0918921073019848,-0.294167489844019,-0.163743502997031,-0.161702840169107,-0.028941033645331,-0.208584757295043,-0.122677619065844,-0.197602597852397,-0.0969493662865949,-0.068600530845392,-0.153307713145317,-0.12686313456416,0.0683701230360221,-0.129983888036157,-0.0567237073359853,-0.049760892710513,0.0970380418416402,-0.166075836277468,-0.0550726782921545,-0.127669013644116,0.116422451206833,-0.149640308972079,0.369680031770194,0.222774275003028,0.663069028075905,-0.00351879950970383,0.234098903367818,-0.173484620849016,0.438735681415119,-0.306791061556381,-0.127612465564726,-0.0968809919508784,-0.0878042160733915,-0.247822811572727,-0.0613024837045582,0.0528761556687784,0.277937042059293,0.0177886747404459,0.223817400874323,-0.238544844820871,0.136885066462659,-0.0922546379750956,0.0142225011966734,-0.0743303376529295,-0.0880329012604097,-0.109953307428958,-0.0928885150562506,-0.161496254677017,0.0749983765861799,-0.242875179014989,-0.218087342236837,-0.171548816420352,0.201787323088314,0.03344450928238,-0.299009882138484,0.237850680174057,-0.30613229724137,-0.208695669623625,-0.315475058970793,-0.243513369062129,-0.192539349894197,0.0346906203032071,-0.297025700344124,0.230845479848219,-0.241815268798327,-0.074354620275882,-0.327567269507689,-0.119419136581274,-0.356155791152836,-0.13495337543078,-0.370210914908763,-0.0944777602112706,-0.198497252216386,-0.307046710402381,-0.191594339447331,-0.0604087466539792,0.136152682682127,0.00283297592379966,-0.109791282524486
"Frontal_Mid_Orb_L",-0.372963737594822,-0.24674084960554,0.0921646759479653,0.261019137752522,0.560974376010227,0.347326440944409,0.37887423555971,0.275287157474156,1,0.386309975674183,-0.149541076892932,0.0642113480647193,0.148587357176578,0.0395968603745348,0.201829091884943,-0.0561036628033236,-0.0249243311181116,-0.0885907451041122,-0.196651979101197,-0.144126426126729,0.196229654052323,-0.0547587497729334,0.102969833097548,0.126518735557757,0.241677673072382,0.310021522832317,0.12660418600156,0.20356648174411,0.156906236849204,-0.00674668851691212,0.0638945385897871,-0.0810661337975262,-0.19548837912651,-0.174425112380216,-0.116363212283892,-0.165981157251181,-0.0334252002901164,-0.0730640167620802,0.00881898451975038,-0.0824977651377152,-0.0827406712645813,-0.207027668318759,-0.0470063993464898,0.0542123413727878,-0.156074194683557,-0.0497939768656169,0.0371370980194522,-0.0145322570845229,-0.160781448856183,0.0325943204371095,-0.0146148731373672,0.0480549869455894,-0.195066645223732,0.146503731836864,-0.11484333381095,-0.091658278085351,-0.192476672349642,-0.165568097882392,-0.178016322601447,0.040251595697981,0.0344282437363724,0.230111781326872,-0.0522761763108417,0.00498877287753035,0.129557148611886,0.184435446631301,-0.152488465269677,-0.13235116050356,-0.141739686833613,-0.238070986124767,0.112282353809794,0.00545600763577312,0.183562262227889,-0.0191772336283645,-0.0296050213472389,0.0511635793930673,-0.156041897412514,-0.0665829467703898,-0.0252729410842236,-0.0257307954255236,-0.0516471887867169,-0.0780403585590931,0.0193059756388433,-0.0888175790149828,0.0255508506958965,0.0443934289913775,-0.290506102555948,-0.141638980105271,-0.146129830132645,0.0381562278611516,-0.143087110689941,-0.138779163948024,-0.0478154174194048,-0.0498801008262474,-0.00326517347116848,0.0259161880813572,-0.216888381593795,-0.128405185801451,-0.161404490447795,-0.193982946169172,-0.0364867269763344,-0.111646201203996,-0.175724846931203,-0.197169757371856,-0.0960144423665535,-0.211475083051221,-0.243329447084137,-0.0824820918951853,0.00693429823757091,-0.132445096816987,-0.287732823616377,-0.18018369591858,-0.173733470731567,-0.0255628735777619,0.0603719017217786,-0.0367759560102822
"Frontal_Mid_Orb_R",-0.250745922669766,-0.204387608912616,-0.22986994660913,0.268998271413307,0.0856691512877453,0.688227521803999,-0.0657148155342348,0.591421201485748,0.386309975674183,1,-0.00325265562276907,0.258549559240791,0.231182289236207,0.414902459768684,0.353584219683013,0.424067991021325,-0.021007776050542,-0.0978797861570404,-0.0490008605312116,0.131677027158078,-0.16330124949326,-0.0251344601887109,-0.0152052465316421,0.104238377635846,-0.0828742514070211,0.103994362696077,-0.0385016403443492,-0.0135369974850403,0.160926436451834,0.216483613966311,-0.0467515091954477,0.0732578406635073,-0.282459063777022,-0.0664857801708757,-0.210282881985658,-0.179696045545481,-0.0519721201207984,0.0254178551122578,-0.0457798196026,0.0475471775183889,-0.0518192594540292,0.059576069430601,-0.111216734673113,-0.00870860624717406,-0.15004888408087,-0.0739228428448753,0.0362180152653891,-0.0416073814519653,-0.0850248105126567,0.00551105853594053,-0.0965322396637217,-0.00557233024014928,-0.0358988845590388,0.133636285547406,0.00989231820726731,0.00652802715645695,-0.280610089630155,-0.116060448082252,-0.218184065755188,0.195930278808769,0.111476715965954,0.520970900647857,-0.138418633872641,0.0197194105324472,-0.0704933458688185,0.232572780885734,-0.384659665402385,-0.270536014645054,-0.171355866623821,-0.115594808686831,-0.210613662301986,-0.0364899331988825,0.12561735575842,0.222696822828343,-0.0284731304411236,0.119234326064547,-0.189155675017242,0.0784812799086908,-0.183669447485536,-0.0568633070882084,-0.100858735458213,-0.223019343797578,0.176614970227863,0.0344674001563508,-0.051010107035915,-0.0562739898138462,-0.0669399240573574,-0.0488013678886613,-0.0541711098097023,0.158361133995366,-0.0848919159954872,-0.215570863514953,0.0897542084326188,-0.164513815981861,-0.00914805865092198,-0.151931783294733,-0.142860325617664,-0.106574699297989,-0.133341173296158,-0.238131809281134,0.100428015250101,-0.135574311766379,-0.0900433335985013,-0.214851913815533,-0.180326434121388,-0.229616447118061,-0.0758602086340585,-0.163657778274375,-0.177813209861255,-0.227600517141435,-0.302989186409871,-0.25566925414255,-0.101967262419068,0.00737901839540282,0.0911018879315286,-0.116231249911377
"Frontal_Inf_Oper_L",0.495311927283855,0.173156626622564,0.00711081536733841,-0.226715337204281,-0.238849966789245,-0.154832546510414,-0.00718087297016801,0.0539122683302356,-0.149541076892932,-0.00325265562276907,1,0.384470553656995,0.578940372029374,0.365552260245703,0.20387247448856,0.151833271700112,0.302145148404308,0.0314402906797809,0.139831987529011,0.0828650399915154,-0.263109874479839,-0.162451789217408,-0.00434234703002299,-0.0800699775846581,-0.248386973359836,-0.291747147309955,-0.141377413766439,-0.222410668479269,0.30026648840658,0.233728575114492,-0.128131047588155,-0.0586230263590597,-0.0532155672643637,-0.139947266061997,-0.290332942717111,-0.284842955139599,0.0661343200942649,-0.0139281598531125,-0.187436431974951,-0.11874322159081,0.168665202746702,0.140769519708449,-0.214437007973461,-0.198915057892478,-0.100895244223855,-0.152834109078191,-0.100602816708115,-0.105959614568652,-0.0440795584610574,-0.0653917088323764,0.0311624412687942,-0.0909301905283128,0.0308619317058866,0.144361310437733,0.0667656690441794,0.0786417973407876,0.136695234370077,0.0865382705651948,0.117497985812253,-0.0353108871691774,0.276712001716635,0.0666420225553704,0.300075631938111,0.0181310610370714,-0.0170527698453471,-0.170158944221305,-0.194600881923133,-0.239680506879366,0.281354206275542,0.197496571036182,-0.110776974390988,-0.0658240131444267,0.239124062658034,0.268955467627042,0.193336636032838,0.180694169675112,0.0688127307044503,-0.0425660632304909,0.19483925713936,0.036932121072887,0.128381944175419,0.0759918623699037,0.133308460981781,0.13945475589367,0.232178007417726,-0.0650693909397199,0.181793708729206,0.0350572419306895,0.190193220771937,0.0486055976208544,-0.0612929040379392,-0.0738527173531927,-0.19128502087929,-0.16793720169878,0.07482691579194,-0.103289804018201,0.144149856880876,0.0554550138479554,0.0295498009737475,0.0320367222830317,-0.135298967206506,-0.191151512488318,0.00352364891888359,-0.11803506400549,-0.0819844576926127,0.00730699079805671,0.0248786087164591,-0.115305079546053,0.106040223142515,0.185657940341169,-0.163423530098035,-0.0495617590442136,0.0745866346549612,0.165979305288129,0.110568015175364,0.150203398059738
"Frontal_Inf_Oper_R",0.228945153945216,0.237753768225485,-0.35202882221086,0.0645548596530615,-0.326589448935702,0.151848272289918,-0.246446265005375,0.458891699355855,0.0642113480647193,0.258549559240791,0.384470553656995,1,0.225079332817233,0.590995303883882,0.0281500527025691,0.277168036790118,0.343818652733576,0.340211398949998,0.182556747047883,0.374354630030228,-0.225369020969852,-0.176154891887958,-0.223550784859701,-0.0683518018569486,-0.388432222514977,-0.200037657558246,-0.326335788715673,-0.17161269431871,0.345779719387125,0.526727942238781,-0.121428549529838,0.0142283446362851,-0.0550681335264317,0.0716445489169296,-0.493580126191618,-0.518662036702374,-0.290502508082102,-0.137600388764881,-0.219630929742916,-0.228954358464398,0.0262897219511315,0.170292146558864,-0.261013286082644,-0.157763275066556,-0.210912681756513,-0.124538933374987,-0.0442719108677108,-0.0545675575579218,-0.101859702297771,0.0545142019544211,-0.0318702562841529,-0.017189196992979,0.160135113608114,0.220866264256814,0.00803404960564908,0.0999726386927172,0.138985166402549,0.399205973864582,0.0553696098449271,0.274578878477097,0.289009477029929,0.417450085293908,0.379979625319255,0.590647724942772,-0.38729874234169,-0.0160749427031994,-0.447353972814773,-0.3756051314478,0.097341898398044,-0.0397282199289041,-0.182556297060891,-0.0162229378215368,0.173356992501289,0.437574179082945,0.0981507938816691,0.274578886286661,-0.199648647225707,0.0699015636074151,0.0806173417670506,0.0846010995864727,0.196865181165295,0.130838503848813,-0.0611609614178358,0.173980129036756,-0.244805803521252,-0.0755575929913443,-0.227425699899153,-0.310421305191251,0.0378363647283832,0.21506073935168,0.167293398664951,-0.248449635767862,-0.0646490517170212,-0.283168335890593,-0.0122595796341341,-0.0373256822026753,0.0922495476335573,0.123156571559671,0.192606260491175,-0.0322310118750145,0.178803761023827,-0.262124683715303,0.151599865707406,-0.157968291233578,-0.100287182127289,-0.29294535027348,0.153830380979577,-0.136792824088874,0.0507787886525459,0.140659258925811,-0.263041521862116,-0.0327785880970273,0.0472933714315426,0.253060209959509,-0.0320232766774265,0.0931142282225208
"Frontal_Inf_Tri_L",0.15056543298342,-0.0384047813281239,0.112090349024069,-0.161695191026277,-0.0288219567681251,0.116248587611986,0.235797672585662,0.158599481973798,0.148587357176578,0.231182289236207,0.578940372029374,0.225079332817233,1,0.488080121986201,0.479981712331814,0.287376253668367,0.0146485354878137,-0.0786193633580846,-0.029088095972389,-0.0549336190907511,-0.130001333587066,-0.146942268089803,0.0876285142052794,0.001748298581133,-0.104014689049448,-0.173631217772491,-0.0188832469262235,-0.0813229344008616,0.0813021859085986,0.0347784768631486,-0.149605756129783,-0.135940117489838,-0.244005044246253,-0.295607569094271,-0.137838350311723,-0.222929738619944,0.112862998541608,-0.0866234953950087,-0.121125336613034,-0.0920772842281785,-0.0147383299344345,-0.00512533280675955,-0.194976680668486,-0.149870398007922,-0.136276691356603,-0.162479134137672,-0.128242105319982,-0.0858628383103571,-0.131077378697674,-0.10004010119305,0.0106139609449119,-0.0869474486258457,0.0538329905440164,0.214262397130141,0.0578771342543921,0.102724986488364,-0.159803493847936,-0.0489183393957397,-0.0430350125923752,-0.0698433426840184,0.379791103552205,0.123199166478471,0.101624224640242,-0.041138568298831,0.257977272080828,0.0266756990252858,-0.168023926531822,-0.260482926270435,0.169292689772641,0.0591154184650822,-0.0305739325467098,-0.045260606006059,0.107105542602075,0.171215087791796,0.125343612842358,0.102103248723341,-0.108601924627065,-0.172387013358897,0.0072469383643711,-0.0116765658498283,-0.0549241310820011,-0.0395177269365198,0.146750851773224,0.216079600497318,0.291391092844863,0.00882187877490579,0.274657855785844,0.0927439544988461,0.270758889137966,-0.0748301307580196,-0.112587796510176,-0.0200569748339986,-0.18210038242245,0.076109164935009,-0.0354627341414105,-0.0242616591494503,-0.000667661422940091,-0.0205353746481864,-0.163180781393831,-0.0938520869878318,-0.239686530989083,-0.141608866871449,-0.204070801276844,-0.271835149548017,-0.146507748964831,-0.174657963583744,-0.0202640275716395,-0.176407721314122,0.0148847408042136,-0.0107501715890711,-0.26354031781927,-0.201604918472677,-0.115967422478169,-0.0435493573784395,0.13140696689827,0.0565121327007122
"Frontal_Inf_Tri_R",0.0541988539094925,0.00749503670822467,-0.200128512184645,0.0579200619686215,-0.156055694618702,0.356072137901205,-0.114761234925676,0.485652221203466,0.0395968603745348,0.414902459768684,0.365552260245703,0.590995303883882,0.488080121986201,1,0.354338186205334,0.667631549230231,0.0511975985594646,0.0879669137711721,0.0929188455759833,0.176583597649191,-0.194875481525849,-0.105299254296614,-0.0169584179536534,0.16725812132619,-0.13050314827075,-0.0958400459892872,-0.103617270401203,-0.0715515272435749,0.148543126169322,0.354433397379391,-0.0164452956407912,0.0683993439071344,-0.178245507106016,-0.0460736875581408,-0.329258105278124,-0.268029721873759,-0.0801496534064124,-0.118368275093299,-0.076201448667347,0.0815372016159098,-0.0203458388051025,0.216099898558494,-0.347511535832436,-0.246834786393716,-0.254506863146692,-0.163291081900777,-0.223079342153435,-0.169586000335031,-0.112543357014902,0.0209156000333525,-0.0568468285745339,-0.0157308221007843,0.0692494962212017,0.175754448240656,0.0473440748697928,0.169304138507122,-0.186870588343501,-0.00724784555727675,-0.130594265201979,0.0914441165878684,0.29478970296852,0.355875276463023,0.0756802794986965,0.200767128880698,-0.0803362533296061,0.127572099583127,-0.38237974199687,-0.29186077068347,0.0404055147906402,-0.0658542685567509,-0.155706692952426,-0.0610683632827978,-0.0189925488828656,0.250553378647615,0.0535620836987267,0.185733143506293,-0.258316733985422,-0.0627985257015847,-0.167527551095198,0.0687587304182784,-0.0634589659236721,0.0652270607518755,0.171231452367421,0.344367953099198,-0.0186773815602626,0.084496531613051,0.0264394486189699,-0.000144953963689475,0.158170796006586,0.124332881103237,-0.158762152348299,-0.414642627118141,-0.0798072392310371,-0.281605700408393,0.0185947992731388,0.0485073623534071,-0.0894325136548871,0.0570717616472195,-0.138251757031184,-0.312820341232865,-0.027153279581965,-0.291453697558418,-0.189264745085081,-0.377006699435578,-0.248283196393342,-0.364919967266883,-0.0481395622718204,-0.276779407373695,0.0233224706901933,-0.0474310837340187,-0.359530139770353,-0.311699608098407,-0.143848139291293,0.00486050042225269,-0.0653174094405824,0.0462853962713098
"Frontal_Inf_Orb_L",-0.0324068580984158,-0.170119234848215,0.215342177001375,-0.114667370874113,0.112364066139279,0.185119318314629,0.106506994823691,-0.0257703445678639,0.201829091884943,0.353584219683013,0.20387247448856,0.0281500527025691,0.479981712331814,0.354338186205334,1,0.479895521582748,-0.0483536891730352,-0.131753808303872,0.0222501029536052,-0.0558150015579305,-0.12726997440504,-0.182416548203785,0.238248989681424,0.0779854468635025,0.10554242572665,-0.05412016729946,0.0317707620081957,-0.051984289698687,0.258057568162497,0.136837748625621,0.0547242967720964,-0.0195964577949019,-0.0931020479469003,-0.150149113772115,-0.162638728044673,-0.212837100714121,0.19991282233201,-0.0216769462067137,0.052085476177623,0.0841337095690347,0.0784218632187194,0.0871268774895311,-0.278019423141854,-0.217873675812757,-0.230715369332513,-0.241572212144042,-0.227650030400847,-0.183481659431114,-0.143490480544419,-0.153102113096518,-0.129707273208992,-0.0973830842811149,-0.0224002089552087,0.086203731422678,0.0355316490639426,0.0665972289151535,-0.171812195781242,-0.169114285289383,-0.178642449560809,-0.247459251481415,0.104745555384368,-0.00703330732105323,0.0391175226641912,-0.0668306166789556,0.267737012113795,-0.0220543521641182,-0.209957480542975,-0.305672924457062,-0.0745186442671352,-0.102357269593896,0.0267912358455808,0.00112276174938686,0.148627603576978,0.177566176376874,0.21907518101418,0.130292081842901,-0.0713051929947356,-0.102847639523388,-8.82649113260227e-05,0.0406494277063336,-0.0198711674421772,0.0489639324043766,0.629678241145788,0.278348883644552,0.38825866612843,0.0341038481970419,0.338719073483297,0.232333117582733,0.276041972242638,-0.045738603103978,-0.300157008451307,-0.0134137091856478,-0.209843034171805,0.0725923288034497,-0.0250609528462315,0.0437826956207486,-0.0909526108716217,0.0183401489915565,-0.324208104251959,-0.0567853420260917,-0.174755201647732,-0.0138821981493663,-0.162537316729639,-0.0625546634165592,-0.239123930875997,-0.0681753535214709,-0.160862935322603,0.00710005088753698,-0.0745688320947418,-0.173764545951617,-0.345054637849163,-0.213188339645478,-0.209935339853525,-0.0316788292253869,0.271448310252781,0.0229959076893891
"Frontal_Inf_Orb_R",-0.0152658672097397,-0.00271715635959968,0.0428637366834732,0.14199169130427,-0.0357786801303386,0.331261917716843,-0.0715097753146173,0.319163229473751,-0.0561036628033236,0.424067991021325,0.151833271700112,0.277168036790118,0.287376253668367,0.667631549230231,0.479895521582748,1,0.0305899488607192,0.0271737672676926,0.181459361421336,0.275643803065275,-0.0392907091406832,0.119701612544753,0.272172352530282,0.319108158937867,0.12458215855017,0.0762387151895752,0.0395050301108682,-0.0378027019345362,0.139778422608899,0.418672144171246,0.306348321879247,0.270864145453094,-0.050080740080522,0.0166158850697944,-0.20219109468974,-0.159859836179646,-0.0348148702973771,-0.113933285489054,0.0609822821175547,0.163426994723867,0.05494343476839,0.0322790831853471,-0.236202797642048,-0.223330125401807,-0.184477925523784,-0.219617009056079,-0.168702439057795,-0.153364236635712,-0.125386251110419,-0.120000132750363,-0.176597841969724,-0.194546759367245,0.0223248939969108,0.0621842684590112,0.0616260305950068,0.0207149161797617,-0.22752657901435,-0.0704511666708508,-0.320687370481184,-0.160829943059808,-0.0171017422995008,0.147159344891331,0.0405481227707512,0.0475838694955182,-0.030914860198589,-0.0333470878802158,-0.341646534459054,-0.38103067707921,-0.0297381673561886,0.000860816477632244,-0.0270135687030547,0.0554747190207659,0.00807369153860701,0.193477248805631,0.216727118476117,0.0880701947053797,-0.0998403917396253,0.0246628130355499,-0.0623306961936748,0.0441230124130201,0.0384797800360244,0.131850115547789,0.45007312079675,0.544745384108804,0.137204444615519,0.147478534122719,0.228440613892411,0.26292983161314,0.0924135586299784,-0.0333474028304842,-0.126082922006676,-0.237997920731953,-0.0109374256357055,-0.118811156926339,0.0160110844335556,-0.0258948952826417,-0.128350287669424,0.0241017789429575,-0.162111340857567,-0.309264371061561,-0.0744221331985562,-0.173000133306237,-0.273830178701755,-0.360698231398204,-0.339463094949515,-0.310071790182615,-0.139095453361199,-0.350817516822637,-0.0908068780947111,-0.149210382962522,-0.225632903657955,-0.159463004618916,-0.131614419231781,-0.006321685039289,0.00830178744374856,-0.11683009821903
"Rolandic_Oper_L",0.299067492700366,0.420377041880716,-0.14910136798946,-0.130905531889312,-0.156630568789635,-0.0436020031845873,-0.269174763857923,0.0424597494741911,-0.0249243311181116,-0.021007776050542,0.302145148404308,0.343818652733576,0.0146485354878137,0.0511975985594646,-0.0483536891730352,0.0305899488607192,1,0.694151745083272,0.385752460598622,0.353357605512802,-0.0724613486100235,-0.0775429002658765,-0.207944088035841,-0.202716952845334,-0.199314975176103,-0.110917936481202,-0.164309494524241,-0.0985776027887264,0.587329729989761,0.672411705210577,0.0728289165919511,0.0284574123959234,0.244285663848272,0.205592587767395,-0.393887047990661,-0.385538825667918,0.105118377082897,0.0732134049700563,-0.108216262034664,-0.18080388765447,0.184892292797345,0.126435516291095,-0.190968484731518,-0.100623592326561,-0.34609635773019,-0.29601725780949,-0.0908806753047037,-0.0569608528168993,-0.280020224709672,-0.359878738396046,-0.246383883249043,-0.28144602193564,-0.0759216564217068,0.0740229451825337,-0.206503548205055,-0.253142980920685,0.53116887321491,0.286872674386301,-0.109777355569846,-0.200813116956896,-0.112996243817148,-0.0947126975660211,0.59657199695803,0.318878033866546,-0.415047296843439,-0.388687254672652,-0.401889009670274,-0.423267123174697,0.153007932826925,0.0515857689589997,-0.150771988447246,0.00605762732615267,0.277675103926744,0.417628123525686,0.0854751113225,0.289395861498571,0.118051968936082,0.324318458388677,0.706707039277154,0.495831556793116,0.780446813726792,0.393390069747034,0.128596497137961,0.263260223884225,-0.0126558642197857,-0.167920906427126,-0.170809914470682,-0.16050619818069,-0.187376045333237,-0.194766495752765,-0.108247142710776,-0.13061882720566,-0.153154113319563,-0.234372268107607,-0.0261896010000718,-0.00891541489883086,0.0624762591122203,-0.0195251211332337,0.0217891247209995,-0.0169617930154046,0.12396815968557,-0.11669216834198,0.242771123038845,0.112884496770878,-0.165671707491448,-0.0730841524732817,0.0139111834558456,-0.0553798673069846,-0.0163081185971353,0.227509741354909,-0.0851342662549162,0.13413636195057,-0.00356966965519186,0.424320599004654,0.228901969530995,0.181063762741655
