"","Precentral_L","Precentral_R","Frontal_Sup_L","Frontal_Sup_R","Frontal_Sup_Orb_L","Frontal_Sup_Orb_R","Frontal_Mid_L","Frontal_Mid_R","Frontal_Mid_Orb_L","Frontal_Mid_Orb_R","Frontal_Inf_Oper_L","Frontal_Inf_Oper_R","Frontal_Inf_Tri_L","Frontal_Inf_Tri_R","Frontal_Inf_Orb_L","Frontal_Inf_Orb_R","Rolandic_Oper_L","Rolandic_Oper_R","Supp_Motor_Area_L","Supp_Motor_Area_R","Olfactory_L","Olfactory_R","Frontal_Sup_Medial_L","Frontal_Sup_Medial_R","Frontal_Med_Orb_L","Frontal_Med_Orb_R","Rectus_L","Rectus_R","Insula_L","Insula_R","Cingulum_Ant_L","Cingulum_Ant_R","Cingulum_Mid_L","Cingulum_Mid_R","Cingulum_Post_L","Cingulum_Post_R","Hippocampus_L","Hippocampus_R","ParaHippocampal_L","ParaHippocampal_R","Amygdala_L","Amygdala_R","Calcarine_L","Calcarine_R","Cuneus_L","Cuneus_R","Lingual_L","Lingual_R","Occipital_Sup_L","Occipital_Sup_R","Occipital_Mid_L","Occipital_Mid_R","Occipital_Inf_L","Occipital_Inf_R","Fusiform_L","Fusiform_R","Postcentral_L","Postcentral_R","Parietal_Sup_L","Parietal_Sup_R","Parietal_Inf_L","Parietal_Inf_R","SupraMarginal_L","SupraMarginal_R","Angular_L","Angular_R","Precuneus_L","Precuneus_R","Paracentral_Lobule_L","Paracentral_Lobule_R","Caudate_L","Caudate_R","Putamen_L","Putamen_R","Pallidum_L","Pallidum_R","Thalamus_L","Thalamus_R","Heschl_L","Heschl_R","Temporal_Sup_L","Temporal_Sup_R","Temporal_Pole_Sup_L","Temporal_Pole_Sup_R","Temporal_Mid_L","Temporal_Mid_R","Temporal_Pole_Mid_L","Temporal_Pole_Mid_R","Temporal_Inf_L","Temporal_Inf_R","Cerebelum_Crus1_L","Cerebelum_Crus1_R","Cerebelum_Crus2_L","Cerebelum_Crus2_R","Cerebelum_3_L","Cerebelum_3_R","Cerebelum_4_5_L","Cerebelum_4_5_R","Cerebelum_6_L","Cerebelum_6_R","Cerebelum_7b_L","Cerebelum_7b_R","Cerebelum_8_L","Cerebelum_8_R","Cerebelum_9_L","Cerebelum_9_R","Cerebelum_10_L","Cerebelum_10_R","Vermis_1_2","Vermis_3","Vermis_4_5","Vermis_6","Vermis_7","Vermis_8","Vermis_9","Vermis_10"
"Precentral_L",1,0.610954309820947,0.1633820442514,-0.28546827157084,-0.139909254766784,-0.264436025385078,-0.0114083085701764,-0.204263545368958,-0.125849417542469,-0.12886294197481,0.609734956372935,0.239059990035267,0.324724684534916,0.141249340409427,0.197835002949136,-0.0318625255244611,0.46803822322551,0.371064932141994,0.589090021193492,0.300439903134095,-0.201727504871994,-0.150659026778181,-0.0875314509294992,-0.218375612895477,-0.227207200896008,-0.208185394530118,-0.124436065765413,-0.137602656389373,0.206257490960453,0.181099297916991,-0.152191086502553,-0.295055065862328,0.0746238002185584,-0.13561636012535,-0.286081302084335,-0.337011414834547,-0.113753920628802,-0.336796195655475,0.0291307643717259,-0.108531637825089,0.225694298018646,0.0867055358983642,-0.141507070958605,-0.224147077875363,-0.162031658739652,-0.13677692983973,-0.0871586400320732,-0.111015234425145,-0.0701866607760767,-0.032457405040432,0.00937325258450917,-0.0900842508292977,0.0854916936226095,0.0780982231365173,-0.0773635849444461,0.100964183791214,0.754751392201896,0.485982876571585,0.314268972286752,-0.0160890062950472,0.479429693590073,-0.0538925482899884,0.487649182183644,0.103299248929537,-0.149391190274909,-0.261356137670691,-0.27904807372153,-0.363783908405526,0.282162949829211,0.231489572063396,-0.211717930274896,-0.248911346739407,0.150806175982515,0.234132354515747,-0.0854856488498085,-0.00512916567732071,-0.0447501768875278,-0.0986362661440856,0.337976112383665,0.434056876454453,0.440526955182179,0.313843955625629,0.220570046079516,0.0340633700392409,0.21504433716403,-0.0193387837869734,0.0751255246339478,0.033900039957697,0.131440757986686,0.147372810683315,-0.112795566701058,0.0114134391118127,-0.290716582738323,-0.221280564154799,-0.0469535818290957,-0.0900332497274459,0.0679246664188469,0.109830209441408,0.03537548320026,0.184163027469214,-0.201556270245078,-0.0757044185611315,-0.0758211549100477,-0.0436241354036855,-0.301838126531456,-0.207139667262914,-0.109934253917025,-0.0881448942675413,0.0303130283573694,-0.0248475320219704,-0.144371196467386,-0.00356681944848018,0.0289636301519662,-0.0279708608931782,-0.233595522479995,-0.267665577676909
"Precentral_R",0.610954309820947,1,0.0120264734873869,-0.285631239396704,-0.0537333810709254,-0.172539616641393,-0.115469517303873,-0.335743414100959,-0.0686549291846734,-0.287758437555455,0.269823165269337,0.23737795680098,0.0393893529978745,-0.108606227883382,0.0860132405142301,-0.177874779950866,0.584335521342041,0.672258854006655,0.472742139496398,0.470487671317027,-0.203208137232007,-0.0683764782048869,-0.22137984500942,-0.306449437251809,-0.140755880249553,-0.126305037184945,-0.0662107893809453,-0.0684351288152402,0.226031583375446,0.335358578698735,-0.0753568181498089,-0.218032991308184,0.110928615756193,-0.0763967346702044,-0.328644215469717,-0.359569024219535,-0.1929689973235,-0.29729208544195,0.153968547236165,0.0505060548523294,0.183352566173982,0.106218289730682,-0.162838860218042,-0.130352399546068,-0.0399575869512769,0.0287171640962498,-0.0258343239891972,0.00789052366100963,0.0291690086172341,0.0225577030064887,-0.0788898123580777,-0.104632871162131,-0.0041783709247983,0.00679433529773721,-0.097789788899622,0.0217887032327703,0.802485481107998,0.753267401698643,0.243841719390489,-0.111657144735382,0.170578728672731,-0.2815293475328,0.339018685084177,0.163915810819381,-0.370307045919271,-0.393799677868414,-0.269935761768906,-0.260260936220706,0.4091835438251,0.402421560065614,-0.232592169762169,-0.245010702747091,0.0796820096036369,0.3308739302444,-0.0823022213223348,0.0274198829878384,-0.230123906285143,-0.231695078553945,0.39813677366576,0.476823001057172,0.502501932795824,0.4144547817212,0.219663293772203,0.166361527371346,0.0154277498247878,-0.21406583788393,-0.0964853068784927,-0.113507728738526,-0.0908192458435435,-0.0550737188954517,-0.143993974664857,-0.0526015640861207,-0.232147187893755,-0.15670724526514,0.0721749175612864,0.0570542722660296,0.183229909592318,0.191275259323269,0.170607979310944,0.099562372244526,-0.14416642906172,-0.137827845079277,0.0927961631056584,-0.0648772393564607,-0.199059952809917,-0.162874050804281,-0.0932160129633159,0.058123218518284,0.0489794917826982,0.118307241408219,-0.0750091729351627,0.0694094745763061,0.157934177656144,-0.0636746690353804,-0.314725790275071,-0.178517116318574
"Frontal_Sup_L",0.1633820442514,0.0120264734873869,1,0.323795218093225,0.539127588946662,0.159526797919778,0.687226315237987,-0.0266037418014089,0.386805406451201,0.193858274209164,0.150396941271331,-0.239889941782383,0.238743142332257,-0.0501893376646838,0.4565316663,0.157763485802022,-0.0652971566420356,-0.0339217675640187,0.0249658228875909,-0.0212959399687132,0.12951444531698,-0.0628986828905623,0.723786686528625,0.630697357728067,0.477957504716144,0.427215173804605,0.363038913537822,0.161203972467999,-0.122074081089555,-0.14868494142843,0.267752441821638,0.359449308759333,0.140213685682173,-0.0200400658270917,0.256477037950542,0.00538366896963229,-0.30982680257303,-0.387261134827008,-0.0223765373377168,-0.0568205444012117,-0.0261375699565785,-0.134711290008112,-0.282642833228064,-0.288555799053741,-0.188294491398856,-0.153402937662124,-0.228959417072978,-0.187919852182017,-0.235801826180234,-0.231369818307619,0.0898913048045798,-0.0338153052605051,0.0925890315670565,0.0791573934355478,-0.106227769651948,-0.10767541071851,-0.0154847932423874,-0.0665634896742847,-0.0943341457043953,-0.393406723295637,0.0891309967544381,-0.260465147656479,0.0342058973147951,-0.263034117288225,0.512631311662562,0.123968127729275,-0.0279412858954204,-0.240794417790566,-0.0319999155448114,-0.101551147201173,0.10866945354191,0.0154264423275884,0.179214266842858,0.110600654145263,-0.038074966743768,0.0218732217974998,-0.203959224569778,-0.290937332524115,-0.0429947324499458,0.0267840026314343,-0.0772613217019446,-0.00636784259479079,0.121453032468371,-0.151413416747668,0.451869578353455,0.148469257923424,0.259024080851156,0.11736316979656,0.09009146155195,0.018219218738396,-0.402373860388302,-0.0911230706949817,-0.26287103738342,0.173172451021281,-0.205306573031452,-0.105966612285901,-0.265800954238861,-0.161774262564729,-0.411231005809322,-0.189770045273183,-0.375978724552234,0.0142279283249662,-0.411120328822493,-0.20003329080818,-0.284711115092274,-0.0677144478163947,-0.313552163362963,-0.038524064581942,-0.0763939978454903,-0.163176028438363,-0.181957737290502,-0.430846211994855,-0.462968454155479,-0.205740281055053,-0.177348688458943,-0.263922996114387
"Frontal_Sup_R",-0.28546827157084,-0.285631239396704,0.323795218093225,1,0.110834765487733,0.232396406105237,0.502156796044423,0.636755890752508,0.120148232503499,0.220586683713099,-0.194411499383927,-0.180319602278966,0.0327909328978927,-0.108941842017848,-0.0407785454907988,0.0983096558873513,-0.377743862935047,-0.29777883286096,-0.32889478207804,0.00667906622926362,-0.0196889654686458,-0.0556191591892325,0.370934173085138,0.568225372380018,0.302875444681869,0.321527267547888,0.0702254306856248,0.0286146195004572,-0.213870287034673,-0.290648899672439,0.13269469071482,0.369373271033619,0.0296307650918076,0.276952347285332,0.323095833601324,0.298931834779301,-0.320434678526295,-0.300198115759469,-0.327442847837755,-0.1347559643807,-0.325785039087731,-0.271763665788686,-0.167079986757429,-0.0595965642230807,-0.00311084444011956,0.0323039208774678,-0.118606277110924,-0.0530435979374387,-0.148351498906842,-0.140811628912648,0.0363681261921103,-0.0505175004248871,-0.195481078709142,-0.207859036988639,-0.106918542941208,-0.231820223220854,-0.348402731291826,-0.11465519754635,-0.129243404130672,0.04168035424588,-0.0067245669461664,0.261361136075282,-0.311329593812438,-0.118651957330233,0.349335472860651,0.513556424558098,0.206593496206471,0.307616107339454,-0.182895648736481,-0.125624426875171,0.00444801432498028,0.200842602850047,-0.135170076984883,-0.131855930041289,-0.0594905063096473,-0.121964652254272,-0.136865479567707,-0.0597707472110058,-0.305647479809136,-0.280878138129967,-0.422961035949095,-0.218337157645223,-0.192655341828009,-0.0913178735965401,0.0415064265526382,0.206351654617996,-0.012355891790817,0.0962017579905618,-0.129601628349832,0.0554122980333783,-0.0635912083073356,-0.0842262070116305,0.156046717945029,0.012472326352769,-0.213594172789868,-0.167846531324161,-0.19395105451567,-0.0877523578703861,-0.222892057335591,-0.234058032877536,0.0103511319072378,0.0584603413968295,-0.208028403709696,-0.160209340553358,-0.189280231882485,-0.117433461571701,-0.109281225480725,-0.222394021012362,-0.251732624361727,-0.148477832595897,0.104794159830181,-0.255340665421236,-0.223867958203362,-0.110175800571321,-0.00058775340322933,-0.19919961369945
"Frontal_Sup_Orb_L",-0.139909254766784,-0.0537333810709254,0.539127588946662,0.110834765487733,1,0.419279717721563,0.353386314114889,-0.136047668577315,0.67323002506865,0.186670599133177,-0.137151579286531,-0.308590080989106,-0.0196141628009344,-0.122383538421275,0.305961163737232,0.277583272118657,-0.145091046657316,-0.0985215031776293,-0.207186275044977,-0.098122512355043,0.407653258778319,0.233170595357859,0.437154099540451,0.359343149001274,0.774168646500099,0.675800726871229,0.811714590684646,0.600398872131304,-0.205000021418127,-0.119121812859349,0.291060894567035,0.314739720204382,-0.0973932235482171,-0.178411000622624,0.289248897282863,0.167084040545482,-0.0777816546503497,-0.155102075919521,0.143529391678653,0.0585162776660021,-0.0942269375480943,-0.00644663520317121,-0.0829305892548591,-0.11758691307075,0.0174804854431629,-0.00769784138398946,-0.00119436277802841,-0.0752589214629435,0.033107371665289,-0.0558025563726269,0.0745897517052734,-0.0316887388076435,0.0748587965999925,0.0211580934497674,0.017126230533881,-0.11043898846027,-0.155131661835746,-0.208110431776133,-0.10625760523616,-0.163712433728971,-0.0966714379834411,-0.24244361918829,-0.199230331706618,-0.316787172633245,0.316516929764584,0.032064460459974,0.020389211441197,-0.0123396691921824,-0.094615132599773,-0.118216090813434,0.110965546318153,0.0194337072299165,0.0392771585891948,-0.0562545340746188,-0.173555658396782,0.0255032405724863,-0.22462575903168,-0.294411590161337,-0.193230264622471,-0.0908558782582771,-0.20754442996845,-0.121210464280322,0.0845192463854524,0.0144673173835199,0.25822549679571,0.0161928492754786,0.101932931620282,0.0288676642256723,0.0243263960380798,-0.155974660150732,-0.294597187507433,-0.0854537583620212,-0.135948730048804,0.159079626095593,-0.0916346605498985,-0.0122624427376482,-0.116477240490707,-0.0936310558025732,-0.196377610895023,-0.169949609907269,-0.165664991385356,-0.0268546361370359,-0.238099419503404,-0.0373634602352036,-0.0945991785663647,-0.0465353456697943,-0.27657852077118,-0.0643831108724351,-0.0726429564791294,-0.135244076026469,-0.0842988045562746,-0.306653737385119,-0.336463290001097,-0.166076436730453,-0.156106345988227,-0.173082488769146
"Frontal_Sup_Orb_R",-0.264436025385078,-0.172539616641393,0.159526797919778,0.232396406105237,0.419279717721563,1,0.189430753174826,0.304510820071834,0.569650133481555,0.723089852754886,-0.011786925095263,0.0218303482905502,0.196739538238272,0.106541614276156,0.280330010180846,0.304365738993922,-0.177801595928127,-0.164556784370104,-0.423383825222983,-0.369455709645457,0.177993134127822,0.176231694348245,0.116033735919985,0.209001865552256,0.228394043861733,0.593811326382296,0.290346174368777,0.566462504443482,-0.0377828821088866,-0.0810610318416391,0.0430556538826685,0.249644355264811,-0.332118363894032,-0.166873287953205,0.071408533612561,0.0993729026901143,-0.132118097157965,-0.119925990467535,-0.201886392638709,-0.0844223845960611,-0.143287989244407,0.0496602741512691,-0.0890546672551096,-0.0107569836724489,-0.0685549096060575,0.0034907500179605,0.0091056638091511,-0.01563831089717,-0.0596870178136257,-0.0615921839526549,-0.00467807171420179,-0.103041873230237,0.0785673835085869,-0.0884224155306279,-0.0263030777014551,-0.162844789207687,-0.295801126753332,-0.268855091762845,-0.19310826456773,0.0272132992957231,0.00498244422606457,0.271093982583142,-0.25053264961995,-0.19793090152565,0.194447033381716,0.25768396414505,-0.205058663228413,-0.0263580900218363,-0.201639673300346,-0.266940044556427,0.0776180414906283,0.155183325330475,0.0503625378001831,0.0284858275520106,-0.0118528499390673,0.0889906789142876,-0.117826056807173,-0.0929965363558387,-0.237382698940248,-0.177204879436044,-0.297887295019775,-0.229771104633961,-0.144598177245512,-0.0666442179535767,-0.0484032778404262,-0.190491825511219,-0.214882433506595,-0.146546029012056,-0.0419329836594686,-0.0866622580317785,-0.0455326992246187,-0.0363938518610084,0.177194505739548,0.10661697518656,-0.106726460207673,-0.220400716344414,-0.106119476791224,-0.164942898020642,-0.0273615465560254,-0.134489818616296,0.0571188343252212,0.098672852907094,-0.0422800004099389,0.0663883925411259,-0.064366775019368,-0.0521768196841398,-0.210247200964547,-0.182548539050763,-0.211666907288141,-0.0904826133221662,-0.0121687044970369,-0.109343558928301,-0.00335915380175245,-0.0169336404747463,0.0446535562620064,-0.174897676836222
"Frontal_Mid_L",-0.0114083085701764,-0.115469517303873,0.687226315237987,0.502156796044423,0.353386314114889,0.189430753174826,1,0.294922065771506,0.405544748584444,0.189968783945752,0.170279297733448,-0.0993082779014522,0.368288589639387,-0.136798466479332,0.352443354383708,0.147891969677513,-0.144516195979686,-0.116105291532803,-0.120679736428967,-0.0777309124852095,-0.0544739156702356,-0.133472116717259,0.495711820379748,0.433591394204587,0.301295829125504,0.2332377422983,0.206223515911228,0.129452214674298,-0.0854327264951179,-0.115690945603441,0.248048234921026,0.319398305045522,0.0708582706591758,0.0161844507964284,0.0782177989079084,-0.0961693969472061,-0.464986414019778,-0.419697443808217,-0.0950831999357966,-0.144565775490143,-0.219440018624928,-0.241341131544544,-0.123975900572044,-0.107029030135428,-0.0102131154545604,0.00715325459735549,-0.0945767791031275,-0.079211190869305,-0.11590106521373,-0.190376050411761,0.0779138933124739,-0.155200907146835,0.0185270540394328,0.00551338200431368,-0.0850044584903119,-0.179624108268604,-0.174155782231135,-0.020335730172944,0.0543310335074827,-0.159254115685487,0.300767327150797,0.0512638380266087,0.041367227775177,-0.00988985883323535,0.417019405250114,0.0950871189141744,-0.0412372870276569,-0.182958459841387,-0.195895392899332,-0.257527000591837,0.0557716069815113,0.0550589281132771,0.0555487887786792,0.0708734209137252,0.0315709866754077,0.0206870005228059,-0.290676501527648,-0.308178060413768,-0.183096715331074,-0.142335444947568,-0.165938441875694,-0.138629792309984,0.0400114658513295,-0.100458512910631,0.269681385539796,0.0676048156671561,0.0944303269224439,-0.0226408843813968,-0.0120855170572063,-0.0493260642932663,-0.315673543905942,0.043398881107918,-0.112564986452181,0.183305446590254,-0.188091453048175,-0.168852160154389,-0.244710585817089,-0.128084522054602,-0.296118249160175,-0.218454013790488,-0.185066665658181,0.128133628930074,-0.332612078974358,-0.163596773576208,-0.31002884527348,-0.116935677067008,-0.224084534694468,-0.0319065027927261,-0.226499944793702,-0.183170557757274,-0.167746208687184,-0.406319717041245,-0.332936352930962,-0.145419348670519,-0.16410960992314,-0.20108656811936
"Frontal_Mid_R",-0.204263545368958,-0.335743414100959,-0.0266037418014089,0.636755890752508,-0.136047668577315,0.304510820071834,0.294922065771506,1,0.0956778167774666,0.429836325207294,0.0280954226922814,0.1753939488702,0.306585464186064,0.29214959284545,0.0937543422815313,0.297016742429182,-0.308983387265926,-0.314807133281415,-0.186188387381775,-0.162505923372643,-0.169823797953656,-0.114231101390714,0.134719382325656,0.264762610122707,-0.0953450476578461,0.0414242906303976,-0.227588497750338,-0.108675074563125,0.0475727056429979,-0.0867760213807351,0.112149928617921,0.335073042379221,-0.125857364015376,0.0882974190999479,-0.0421166699786654,0.0913786268056159,-0.19244582182408,-0.148526086712542,-0.279100571310861,-0.12145476884339,-0.189947300737156,-0.161143517441086,-0.173756144164047,-0.0708400192348963,-0.0750231288887815,-0.0311867010319149,-0.119012913098206,-0.113850294575876,-0.13971547429151,-0.102713942232367,-0.0286160490733086,-0.0809528587976615,-0.124755320931796,-0.0809458658973224,-0.136938510119412,-0.173901948668529,-0.368342727858923,-0.226930613234291,-0.173296910421123,0.234669581123452,0.1035190842461,0.549758564264694,-0.179578835040364,0.041550663118774,0.115869822768401,0.445090172359007,-0.10489898568016,0.143670493362945,-0.34758284005812,-0.291427771324209,0.0375938941822562,0.242085679918301,-0.0859229392006964,-0.0251173203591106,0.0570951610568806,-0.0627560513217448,0.0659466701078657,0.12385159663746,-0.328151079148466,-0.312089761560447,-0.398260223083537,-0.242647081068778,-0.0269251205148905,-0.0257486298748631,-0.106430883333747,0.109594277432588,-0.0323198872205622,0.0335731985521367,-0.118393779193386,-0.0112016443064618,0.0205098022287238,-0.0877013644079798,0.268405683245127,-0.00517815410622038,-0.153292108976836,-0.27377021309321,-0.252621370429392,-0.247394234623625,-0.177704974115838,-0.228272286611708,0.151893869905065,0.089502455647909,-0.143449299251048,-0.111016373414432,-0.14763472882656,-0.137363974090477,0.0286748659855401,-0.344993516980618,-0.251186822150537,-0.0960458831939309,-0.108138846021769,-0.220525416609917,0.0283040052542185,0.00691489266141755,0.0753060908296629,-0.115191745472357
"Frontal_Mid_Orb_L",-0.125849417542469,-0.0686549291846734,0.386805406451201,0.120148232503499,0.67323002506865,0.569650133481555,0.405544748584444,0.0956778167774666,1,0.445043450959693,0.1469005841769,-0.017603010592675,0.284980964572004,0.0347776814223291,0.464204098512941,0.341162859337377,-0.092823251296027,-0.0203923396464929,-0.294825973134647,-0.29995582766717,0.150347255217665,0.0253453016772993,0.218363142240938,0.23957083550444,0.350217740304688,0.505025411523621,0.403475914594892,0.423864519625381,-0.0809061056942934,0.0210455257056393,0.147591425558344,0.229550397905769,-0.273239055825532,-0.236873606354201,0.0418385276013725,0.030778817927165,-0.220825137490961,-0.103415109287401,0.0262601275619815,0.00291463489202136,-0.118955451743428,-0.0403508146735909,-0.142986115969296,-0.119752714074874,-0.000280947061376804,0.0342215159915322,-0.0136682848827088,-0.116184737899406,0.0277281227878709,-0.065710379186439,-0.0271783594504532,-0.121608500308821,-0.00678022606264565,-0.15725825192364,-0.00921631427966843,-0.173136398299181,-0.141392994622924,-0.16142804165961,-0.10684433038202,-0.0821668739091807,0.0778022813303889,0.032765361501867,-0.0744715525123802,-0.164389817263993,0.258553565073588,0.0207359016104235,-0.204087150869578,-0.121379992429304,-0.277678004147641,-0.269212993943543,0.0960426032943719,-0.0143298251299793,-0.0264932294731098,-0.0309990822347188,-0.0404379299121078,-0.0108560751542489,-0.261181580166286,-0.292257772550084,-0.171640407114384,-0.0708325140853443,-0.178026367657309,-0.0694762267145882,0.0460892580093146,-0.0450801198307809,0.176503208202846,-0.088027328531518,-0.0281210799287275,-0.116792326770603,0.012981713640047,-0.238800236465861,-0.257348411102139,-0.0647213488504898,-0.0558177433116915,0.119712270023222,-0.10692146054786,-0.0130404117259198,-0.149360631844429,-0.0861869165126043,-0.102413924574957,-0.171760793996456,-0.0982331812517613,-0.00196349103118236,-0.263618759392761,-0.0632851496356215,-0.198978660253311,-0.113503000352979,-0.260420804573541,0.00758297922546621,-0.0728987328514906,-0.0948188602387753,-0.0920956433501167,-0.237438454928445,-0.190759758862791,-0.240441103993474,-0.116791336968625,-0.0904415093748469
"Frontal_Mid_Orb_R",-0.12886294197481,-0.287758437555455,0.193858274209164,0.220586683713099,0.186670599133177,0.723089852754886,0.189968783945752,0.429836325207294,0.445043450959693,1,0.203238598203109,0.0337381896191934,0.406790819027803,0.280742388366724,0.401332921003187,0.412545016470996,-0.177749240509191,-0.248234385909806,-0.26602165147187,-0.349444466567778,0.0662144172705731,-0.0469457232773858,0.2267253712992,0.322322983287864,0.0875426133197205,0.373737646040292,0.0355574560678959,0.165521999581571,0.0151174242869553,-0.0998295519111266,-0.0029439222468766,0.172205670877416,-0.308417714550311,-0.18772809567365,0.0242190711072159,0.00598290727141841,-0.103235100788166,-0.0729600344931583,-0.165521588195662,-0.0581025822657909,-0.0388552862670176,0.0445025560837974,-0.0812767786378666,-0.102694816812803,-0.167307600907438,-0.13748555041586,-0.0132972187641996,-0.117573068113559,-0.160845688219025,-0.135232086649502,-0.0143105235855061,-0.114712514937484,0.054660785473299,-0.0400385423555503,-0.0219453739574834,-0.10010101618385,-0.323554098730833,-0.316211827327691,-0.3220121906751,-0.0648473628001342,0.109403965022464,0.37774746785434,-0.159330181748821,-0.14854551580929,0.254362573243904,0.315031768986184,-0.243269212926617,-0.106090583818487,-0.186310344174497,-0.241654931418949,0.0937379794896851,0.105090934402505,0.0672557298620698,-0.00575983643731573,0.107883797200844,-0.022158423666597,0.0202339993789905,0.000415148212171858,-0.260018838751004,-0.19924137684447,-0.329496200614315,-0.150451642642821,-0.0341477128852226,-0.0131504843767734,0.102323507920535,0.0341266950089744,-0.0834729792889434,0.0248193390425674,0.105838750761499,0.0329183595516912,-0.101842422717516,-0.0578535202797651,0.12865320339525,0.0648148843786399,-0.118764198523513,-0.19266443266478,-0.0796722934334252,-0.132538469219657,-0.105033554432055,-0.117299438671969,-0.0182529924758697,0.13674220014671,-0.160193849995606,-0.00188727236746507,-0.186032674948324,-0.121230485959343,-0.135843950230979,-0.164697434792183,-0.221584747129235,-0.0568050570840163,-0.0328211519429055,-0.146637395444751,0.0243142932207695,-0.00791764495800575,0.126256350414299,-0.211823677867249
"Frontal_Inf_Oper_L",0.609734956372935,0.269823165269337,0.150396941271331,-0.194411499383927,-0.137151579286531,-0.011786925095263,0.170279297733448,0.0280954226922814,0.1469005841769,0.203238598203109,1,0.461864879714986,0.775293555418829,0.420072184335816,0.466711352280568,0.25960317517894,0.399636768807267,0.245205499033411,0.211092145620449,-0.124155666941087,-0.243317029855618,-0.31836288663875,0.00456017490928157,-0.110427122023991,-0.262444255159076,-0.188066965057622,-0.187689038848055,-0.170004597015292,0.283885266425684,0.248388029054136,-0.0901589995846866,-0.211486211304903,-0.122622872210588,-0.182737892409592,-0.367368386559497,-0.41005532747609,-0.0997939103124688,-0.310526442302964,0.0957473120452463,0.0171160697722021,0.251652665431735,0.119810681130681,-0.0709338435313748,-0.0654392574755997,-0.17915713002146,-0.0666440659021173,0.0268989468797857,0.0173760402015282,-0.0257934058515418,-0.00139885490056672,0.0503523831139358,0.0173248880014686,0.126832815539427,0.118909898386664,0.158766104306856,0.159960164681605,0.338585914317936,0.196270965778247,0.135662228872316,-0.024649059115392,0.559731469176449,0.195695677308452,0.442339237779776,0.249120947097833,-0.00894310380532022,-0.135841823528566,-0.426927790935429,-0.430353380557227,-0.0969155064659655,-0.135563274386905,-0.180225428822421,-0.243956332552762,0.146531994652068,0.129177456767783,0.0650299804212895,-0.0193254974743346,-0.0836862315839667,-0.149006912402135,0.178288711325285,0.277303257631596,0.331211383503841,0.267232205178311,0.292685371987504,0.111352164995889,0.33883724619541,0.0040880224712072,0.148221142719277,0.0819258501496305,0.297664496644449,0.126852171544843,-0.157024909146257,-0.0624964784195333,-0.179435549300561,-0.125509049594393,-0.204885417917338,-0.131503127680803,-0.0499072533065361,0.0406727295272441,0.0164817187225338,0.0547218492138419,-0.194176585809895,0.0232463689512503,-0.235134212788456,-0.130713361233092,-0.263043455330024,-0.136116599419013,-0.166984461398742,-0.148371192723752,-0.236155428673855,-0.183007191175236,-0.172224121156976,-0.126415894988687,-0.0269078386936722,-0.0453834628896631,-0.181751112405983,-0.221938745507742
"Frontal_Inf_Oper_R",0.239059990035267,0.23737795680098,-0.239889941782383,-0.180319602278966,-0.308590080989106,0.0218303482905502,-0.0993082779014522,0.1753939488702,-0.017603010592675,0.0337381896191934,0.461864879714986,1,0.270785952828057,0.540302868435806,0.209694751703874,0.260981714583681,0.359241301558452,0.348688721874978,0.174332761696752,-0.00645433517167058,-0.341772922013744,-0.120586678215739,-0.19667053938048,-0.336307682300559,-0.407524319515707,-0.24099231892845,-0.352021013857977,-0.160149942339197,0.459368598985128,0.557603284627628,0.111124292906109,-0.0365795551604364,0.0578660271743051,0.0261990868746599,-0.499712700596944,-0.346082491791277,-0.0347029958422185,-0.15012839016336,0.0817325532477316,-0.00934943496365519,0.271645562902776,0.190754933866215,-0.114547771038617,0.0131396662388667,0.0038494929895803,0.0278453183015078,-0.0371438024836045,-0.0073583072889814,0.0598245664792863,0.00674328551147582,-0.110464509346253,-0.0134062766978065,0.0740669362260097,0.0112557256514364,-0.0061971824201561,0.0579272362588562,0.156710238555969,0.216187339701342,0.00238159626517833,0.0931454565967725,0.25750631710871,0.230110181074942,0.517964838717632,0.568348004738591,-0.264189029084675,-0.209322496725979,-0.267388807872695,-0.133944729397127,-0.213020206121308,-0.204958482054741,-0.151301125249348,-0.0731466441475963,0.122166263236019,0.335315119908579,0.119195008196692,0.159062790612788,0.0273739803868034,0.0875598247434823,0.121082689411843,0.174405235142074,0.277493269829845,0.121701870754101,0.290228304949207,0.119731695628115,-0.118896908632872,-0.261502221054808,-0.156759402004961,-0.212027222734876,-0.0785803920722109,-0.121055521079525,0.000402325012565334,-0.126521247146668,-0.0865898612704993,-0.336562948821469,-0.0870329224784382,-0.0381353685008581,-0.0560654340728388,0.0740520682310997,0.21828790301961,0.126482170196318,0.0142383580365818,-0.103803998265966,0.00374815937787169,-0.110777116115866,-0.15827448990201,-0.163997564728568,0.0644095045411777,-0.168492327787596,-0.105426219365172,-0.076045557000845,-0.193262777993424,0.0829296571485628,0.224237789223351,0.0228137408019729,-0.168171029832531,-0.150327153296395
"Frontal_Inf_Tri_L",0.324724684534916,0.0393893529978745,0.238743142332257,0.0327909328978927,-0.0196141628009344,0.196739538238272,0.368288589639387,0.306585464186064,0.284980964572004,0.406790819027803,0.775293555418829,0.270785952828057,1,0.426582802929138,0.608865257923822,0.376652096656789,0.0890253851995668,-0.0362695567948331,0.0134484438602824,-0.240138022256739,-0.180003517101787,-0.219879592370539,0.201071246567778,0.104560802943606,-0.164177930682398,-0.074133719791485,-0.138620333744272,-0.122820151065985,0.181671319798728,0.0687868803718547,-0.0300960906907011,0.0173691913277467,-0.220171168848164,-0.256478059834557,-0.237318307219148,-0.323430743857491,-0.148396927909028,-0.273360128671705,-0.00433377452914867,-0.0183274890653016,0.21012198531105,0.145854794345082,-0.0597273543684002,-0.0557492411785482,-0.117548944186198,-0.0236869416336777,0.0283737023373491,0.0164673132048341,-0.0634351292018767,-0.0421525002302181,0.0546512793318908,-0.0540630080857347,0.125411895204445,0.0744430967027835,0.0880127427947654,0.0524980159789784,0.0281302199371549,-0.0462118145683448,0.0241494519832101,-0.138139207706465,0.483303246197953,0.246822950240698,0.149901138717836,0.0652913624961824,0.130755989465291,0.0246492294708815,-0.474682502424573,-0.498610765118856,-0.244275943377327,-0.292321397237897,-0.0235850443400674,-0.064279036379404,0.159229582701264,0.0993707002275548,0.134487442801122,-0.00790383797072924,-0.059622557052079,-0.109433475660861,-0.0568023556930701,0.0381941342299917,0.0600352938518697,0.110847056077849,0.293946474710475,0.192275240696063,0.375573310193429,0.0841419065522419,0.291025454452526,0.185347298995667,0.348488838771502,0.104348397148321,-0.266773072319374,-0.120393050142871,-0.0979166736531013,0.0287081579333278,-0.147799543036219,-0.186635738013038,-0.170158315577984,-0.0856404438621989,-0.118485496933862,-0.147624567249376,-0.189034546723781,0.125671824071295,-0.274152939314436,-0.187599052080788,-0.323605386995917,-0.15230371403623,-0.258251525220084,-0.223723186827572,-0.350899729581896,-0.126758976919419,-0.192537021458136,-0.259746633874298,-0.116420962640958,-0.079937193324477,-0.121530468648445,-0.232504045307184
"Frontal_Inf_Tri_R",0.141249340409427,-0.108606227883382,-0.0501893376646838,-0.108941842017848,-0.122383538421275,0.106541614276156,-0.136798466479332,0.29214959284545,0.0347776814223291,0.280742388366724,0.420072184335816,0.540302868435806,0.426582802929138,1,0.291573396995853,0.561389124848527,-0.0261357401752108,-0.0916059611770504,-0.051807034533439,-0.146986282452227,-0.0935596441086356,-0.0287213979960118,0.0988467502310015,0.0581681676094385,-0.18506876408554,-0.0253353026152226,-0.227686612467447,-0.136093701831821,0.198166035663006,0.142552387157335,0.0320537439184096,-0.00976252858501877,-0.133975673928247,-0.137916333016681,-0.215655956682879,-0.0796882677040304,0.255170352454071,0.0749383314493526,0.154172447954411,0.233259820143745,0.292301644161358,0.260094111835349,-0.131380116071778,-0.138738116142053,-0.178203758727183,-0.152421456080624,-0.0620062339526103,-0.0753362256291104,-0.131181350444307,-0.0989141851041029,0.0187408691845915,0.0245811446735215,0.133175058275915,0.0604440358196162,0.110067544858684,0.158393642906246,-0.140560335713989,-0.210611849352972,-0.214042250354747,-0.0463174267395771,0.0941548683364843,0.217962049690839,0.13676745481172,0.15318948401064,0.0372551424101001,0.162664573090426,-0.236406634204687,-0.147738928201065,-0.297249776947286,-0.279548260761427,0.00703996719980479,0.0828102602807593,0.0928760144757156,0.107568100382738,0.0593644352966896,0.0515952413398739,0.18163846349624,0.165481934056721,-0.115693973265826,0.0325820066903694,-0.0214855811258474,0.148893162085338,0.232576189592334,0.153861524652558,0.119409133278129,0.205279453175377,0.193642363247483,0.219282138071506,0.195521149545738,0.0846589415838309,-0.0390276955219638,-0.159487597252321,0.0897842375358405,-0.124317275690097,-0.214907609664842,-0.0432266472112365,-0.206886231375193,-0.0481155096340751,-0.04455378882731,-0.0946763103279387,0.0344729795786797,0.0128877930615904,-0.217675486681314,-0.206137655599387,-0.184558408476899,-0.222969597357872,-0.0958954459968576,-0.351814836066854,-0.153805723714792,-0.0972766571488948,-0.227709875123033,-0.137093520000775,-0.00951181774492771,-0.0936519645523615,-0.111293743636357,-0.180656373191
"Frontal_Inf_Orb_L",0.197835002949136,0.0860132405142301,0.4565316663,-0.0407785454907988,0.305961163737232,0.280330010180846,0.352443354383708,0.0937543422815313,0.464204098512941,0.401332921003187,0.466711352280568,0.209694751703874,0.608865257923822,0.291573396995853,1,0.60702572164054,0.102454392227484,0.124242070545646,0.0373451900995125,-0.158779228122572,0.0984836674561363,0.0676456475103194,0.403937978706008,0.200683906445885,0.12141177613512,0.205356060782103,0.0953007043976203,0.122270516509914,0.310590033907313,0.233897842353711,0.339747588436329,0.355062683642772,-0.0397897163270098,-0.136544347312553,-0.0651284549881074,-0.177480572810697,-0.199185235929123,-0.241082711950501,0.156173004373677,0.0760544554770653,0.294019465594411,0.186469890730883,-0.303818594303572,-0.343427203323488,-0.172909269965855,-0.149955781641639,-0.180563521746259,-0.274391263847404,-0.199628140506502,-0.233287442528335,-0.104078227069178,-0.125461554782115,0.0333965491013091,0.032350269973202,-0.122327773749696,-0.140614379267867,0.0188384170094869,-0.0627578230529894,-0.208747205330702,-0.300573047944988,0.185585426497647,-0.0037673407439349,0.194017236234318,0.0303812357487058,0.244373838113726,-0.0210792104214336,-0.409503768118934,-0.423375793758325,-0.24929188944961,-0.313248340098712,0.124876196184863,0.0712827581017033,0.264820072924187,0.205155996458895,0.0696176284277971,0.0345057384191344,-0.0859960241111071,-0.216412917153263,-0.0371656199089232,0.0773097886725018,0.0761177060049396,0.0873298714253888,0.63277650979386,0.328886479373565,0.414379469620059,0.0399553435427051,0.344972346618219,0.231564171158875,0.15198873960696,-0.121921813071083,-0.424530684091229,-0.274558743377153,-0.20604419766858,0.0129600504740076,-0.0173258582422729,-0.0810079864843125,-0.148860868080522,-0.120222014763215,-0.249037753988987,-0.302537498849372,-0.353755998026592,-0.0263689179884474,-0.358021875373993,-0.285292972368442,-0.372230736498862,-0.2255522140498,-0.252551410546451,-0.199715383522652,-0.172673531112467,-0.169101969969867,-0.285763652572311,-0.350072079803828,-0.193556202348478,-0.124622827925082,-0.130723957085122,-0.282286854979801
"Frontal_Inf_Orb_R",-0.0318625255244611,-0.177874779950866,0.157763485802022,0.0983096558873513,0.277583272118657,0.304365738993922,0.147891969677513,0.297016742429182,0.341162859337377,0.412545016470996,0.25960317517894,0.260981714583681,0.376652096656789,0.561389124848527,0.60702572164054,1,-0.11589019541706,-0.13535276717379,-0.124546755625961,-0.0940546093201289,0.133755043559248,0.119527630424985,0.290031616966665,0.251716578892121,0.160208164097588,0.231689401726483,0.134191531119352,0.18318990537091,0.194621343049307,0.179768340575383,0.257650777313492,0.260758934920655,-0.146363711331321,-0.0936347028909493,-0.104943650196163,-0.103385104944818,0.0563415180828699,-0.00521979458027445,0.177990298432372,0.212232697053355,0.260416941492493,0.236038060451171,-0.164708811335125,-0.183077366785525,-0.164225257881586,-0.16128952659052,-0.0686773327474608,-0.135717433594638,-0.175575249092801,-0.174152004562041,-0.0637689602632019,-0.103122181590217,0.0261073188012294,-0.028067130411887,0.0144929215323745,-0.0308150607603465,-0.282097957363089,-0.240372783914203,-0.380337635108458,-0.0999151257081736,-0.0666448207040364,0.121211268999294,0.0597594844113864,0.157528312186797,0.114677636043539,0.0809099000741007,-0.331955593996647,-0.159865042117043,-0.284054425549465,-0.301418593047246,0.0922165020585551,0.190343468670048,0.142810698252554,0.0995751081078884,0.0958453246542012,0.0276722992791943,0.0537949291695845,0.0152636319390017,-0.245962530142205,-0.0604393052239603,-0.0872117627508778,0.0744238718234578,0.439853484856394,0.443856208589742,0.176145259053416,0.167498710930969,0.229661758558073,0.35511042850209,0.0230675582600528,-0.144266721377882,-0.207276469982955,-0.295735592968269,-0.000683400347736809,-0.15328318219738,-0.0553025878412861,2.5815904270502e-05,-0.169371766369956,-0.109462645901038,-0.175060471392362,-0.295238384337823,-0.124592089804965,-0.0961976078224977,-0.333961393263811,-0.25422320107938,-0.373866242537212,-0.360052052662425,-0.218261573404759,-0.281444007018894,-0.216929024165312,-0.225793863469969,-0.309297878951159,-0.325552290506002,-0.12251798501168,-0.101634879799928,-0.124150485578386,-0.276345357563143
"Rolandic_Oper_L",0.46803822322551,0.584335521342041,-0.0652971566420356,-0.377743862935047,-0.145091046657316,-0.177801595928127,-0.144516195979686,-0.308983387265926,-0.092823251296027,-0.177749240509191,0.399636768807267,0.359241301558452,0.0890253851995668,-0.0261357401752108,0.102454392227484,-0.11589019541706,1,0.786724613128828,0.472941418774945,0.290424536440198,-0.190371536127721,-0.199452672667593,-0.246471811317927,-0.384625988790295,-0.284153889262718,-0.278734121398507,-0.0803647172515975,-0.130136637635262,0.653530919933494,0.693139243059823,0.0920930503881945,-0.190466658116277,0.335725381048062,0.194200208070924,-0.465010082336767,-0.383017046724304,-0.0647096987140481,-0.217014379976625,0.0933721628592969,0.0190135765067976,0.349720800863961,0.256041151728587,-0.126029229155026,-0.0248737742353311,-0.0796419217467288,-0.017727290056075,-0.0803789689973439,0.00435661061773607,-0.0444756475880172,-0.108155567830277,-0.205174635858768,-0.0959968702253808,0.0302834691241553,0.066709334296928,-0.123113334855144,-0.0259506256290354,0.614592073765995,0.490267968572769,-0.0335299375876948,-0.144867569244322,0.223128208555159,-0.134744061736529,0.635460521118188,0.467641284275093,-0.331500087032194,-0.432223694892052,-0.32922455392732,-0.327682371425622,0.30080806594984,0.211758161901939,-0.252803436056044,-0.341755044181623,0.26965136646962,0.519220240572914,0.11579283102467,0.208802650106907,0.0323692784372813,0.00924467669688369,0.722440256083485,0.644066987586374,0.793861141411787,0.446640000775206,0.313039813423424,0.176466353414556,-0.0248117711641399,-0.2900155223505,-0.179734842346652,-0.294470574194461,-0.165372515250493,-0.23795710716472,-0.191890705430439,-0.177717805117461,-0.36472657176676,-0.230843763318105,0.05251561332391,-0.0109111321814046,0.0123157960750224,0.087773764353905,0.0885908123096738,0.13053380815893,-0.211363774070438,-0.20240374097132,-0.0318652524071832,-0.0936853570504753,-0.132095339873201,-0.145219624368793,0.0073181590995069,0.0480492343393956,-0.00312085400829174,0.15838728190249,-0.169007933223027,0.0993906351765644,0.0682914841676674,0.00679632134985377,-0.188410048686896,-0.038837875025477
