"","Precentral_L","Precentral_R","Frontal_Sup_L","Frontal_Sup_R","Frontal_Sup_Orb_L","Frontal_Sup_Orb_R","Frontal_Mid_L","Frontal_Mid_R","Frontal_Mid_Orb_L","Frontal_Mid_Orb_R","Frontal_Inf_Oper_L","Frontal_Inf_Oper_R","Frontal_Inf_Tri_L","Frontal_Inf_Tri_R","Frontal_Inf_Orb_L","Frontal_Inf_Orb_R","Rolandic_Oper_L","Rolandic_Oper_R","Supp_Motor_Area_L","Supp_Motor_Area_R","Olfactory_L","Olfactory_R","Frontal_Sup_Medial_L","Frontal_Sup_Medial_R","Frontal_Med_Orb_L","Frontal_Med_Orb_R","Rectus_L","Rectus_R","Insula_L","Insula_R","Cingulum_Ant_L","Cingulum_Ant_R","Cingulum_Mid_L","Cingulum_Mid_R","Cingulum_Post_L","Cingulum_Post_R","Hippocampus_L","Hippocampus_R","ParaHippocampal_L","ParaHippocampal_R","Amygdala_L","Amygdala_R","Calcarine_L","Calcarine_R","Cuneus_L","Cuneus_R","Lingual_L","Lingual_R","Occipital_Sup_L","Occipital_Sup_R","Occipital_Mid_L","Occipital_Mid_R","Occipital_Inf_L","Occipital_Inf_R","Fusiform_L","Fusiform_R","Postcentral_L","Postcentral_R","Parietal_Sup_L","Parietal_Sup_R","Parietal_Inf_L","Parietal_Inf_R","SupraMarginal_L","SupraMarginal_R","Angular_L","Angular_R","Precuneus_L","Precuneus_R","Paracentral_Lobule_L","Paracentral_Lobule_R","Caudate_L","Caudate_R","Putamen_L","Putamen_R","Pallidum_L","Pallidum_R","Thalamus_L","Thalamus_R","Heschl_L","Heschl_R","Temporal_Sup_L","Temporal_Sup_R","Temporal_Pole_Sup_L","Temporal_Pole_Sup_R","Temporal_Mid_L","Temporal_Mid_R","Temporal_Pole_Mid_L","Temporal_Pole_Mid_R","Temporal_Inf_L","Temporal_Inf_R","Cerebelum_Crus1_L","Cerebelum_Crus1_R","Cerebelum_Crus2_L","Cerebelum_Crus2_R","Cerebelum_3_L","Cerebelum_3_R","Cerebelum_4_5_L","Cerebelum_4_5_R","Cerebelum_6_L","Cerebelum_6_R","Cerebelum_7b_L","Cerebelum_7b_R","Cerebelum_8_L","Cerebelum_8_R","Cerebelum_9_L","Cerebelum_9_R","Cerebelum_10_L","Cerebelum_10_R","Vermis_1_2","Vermis_3","Vermis_4_5","Vermis_6","Vermis_7","Vermis_8","Vermis_9","Vermis_10"
"Precentral_L",1,0.492180835964121,0.177978258092994,-0.142778847725258,-0.083907629899611,-0.106063447126052,0.218672964424382,-0.0654571201011925,0.310059402595018,-0.046674186567399,0.469314250608762,0.134252941135571,0.365685059990504,0.0147825565098657,0.278708015314061,-0.110131493131753,0.440222412247906,0.303295962921654,0.469660203639907,0.178871883838729,0.0149698149963508,-0.0247835856785825,-0.193419923182027,-0.28601109347484,-0.23877343749235,-0.279180657053907,-0.186061027116984,-0.195389316920207,0.304403311832124,0.0765715141616327,-0.00511950902779392,-0.0613021169175221,0.0365656267115241,-0.128023976084619,-0.28826455534291,-0.255957507661644,-0.077151042399942,-0.207193300469317,-0.183938607858212,-0.239520680592924,-0.0501664700154316,-0.0734972982375936,-0.123690088459526,-0.156193000563222,-0.21611240204163,-0.244901307676889,-0.142308292154382,-0.123281235021322,-0.253622952318196,-0.162552361475067,-0.164999906191987,-0.139332920918813,0.0476626636570992,-0.0344552222914012,-0.213858499360366,-0.216381513283624,0.558201737633955,0.433671903305637,0.183264057707497,-0.0676345022511127,0.433416525084678,-0.0392462083982391,0.372553715866693,0.0237126414699147,0.0273269551771194,-0.151135242332307,-0.176644892282233,-0.337849503517071,0.312527109089125,0.242912465468158,0.0804036087944631,-0.089282854929134,0.219564032745184,0.132537672816827,0.278035145346237,0.119271288876417,0.126563772023655,0.146803403777955,0.282776687266728,0.239356713793721,0.214855274902378,-0.0190791233200092,0.00289408593947524,-0.0472441828130824,0.129721631440633,-0.160437979439694,0.0272664298871171,-0.00915291934988877,0.107297914839313,0.0281322694479759,-0.114761712883317,0.0751868651228478,-0.182080170056281,-0.0902202763145389,-0.0736609793288973,-0.163866269641051,-0.113808735990944,0.000898612210986317,-0.08753263365859,0.0715558334913116,-0.114752399580953,0.125450547509881,0.00707449808701537,0.170909335785684,-0.266624345964329,-0.079412093439136,-0.166316396561001,0.220962609890552,0.100841648166859,0.0213716939784596,-0.027903761891653,0.187105238065555,0.022716078861959,0.281152526831052,-0.0419899464500106,-0.0555701275556604
"Precentral_R",0.492180835964121,1,-0.0265683169626915,-0.0567538390529935,0.00473686978529745,-0.252133396604851,-0.0780092610576027,-0.0373049498767663,0.141059123507485,-0.213027223852241,0.145486711635229,0.211630010345905,0.0717894912731558,-0.0418478960787604,0.0818566501007966,-0.123023178060036,0.564259172899624,0.705082720937882,0.3330395970425,0.350771740734149,-0.126938526761171,-0.057255346668646,-0.141193641439386,-0.12759253472515,-0.117945465437702,-0.159950948114528,-0.0469430472144472,-0.162989904722733,0.19075601728789,0.262852427141411,0.0123844884403924,-0.0504576073228664,0.0585530722229329,0.0396233215747816,-0.222525364471838,-0.149339606779517,-0.206016853446759,-0.106258002731422,-0.178122953928545,-0.0642727411924951,0.133550277687962,0.217514674016795,-0.252601625838285,-0.252651218839478,-0.245586586587755,-0.223676067576089,-0.301819571715586,-0.250335451328902,-0.277216951355162,-0.119766197346973,-0.260812457157381,-0.0813700943155017,-0.118758842751476,-0.0463714377796512,-0.257007281455083,-0.150404491118746,0.716207550119639,0.656463207882689,-0.0972549866629808,-0.106990581310525,0.0548573792921066,-0.0909682677783815,0.398411551715862,0.314687167671564,-0.102872499451175,-0.102343482164309,-0.273292109408447,-0.282471207025132,0.259369265454448,0.33363426578546,-0.142238213871826,-0.0110004607240897,0.166383927913103,0.372073431169235,0.0641732470317806,0.298016745807019,-0.094661980512178,0.135421576539013,0.361960811464537,0.466429184387126,0.444090073246388,0.317154463789253,-0.0323897418104545,0.0459015597278772,0.105376976751031,0.0562695602930524,0.0107192993886216,0.195540919140868,-0.105543880806769,0.0771159718792881,-0.130371905891785,-0.122425507201706,-0.0691089549753876,-0.118826841748613,-0.0384186647081025,-0.0543756211009023,-0.0417053099549443,-0.0915358914888038,0.000832982543468584,-0.0506330029290951,0.00475560037138011,-0.160657367106172,0.145557585896597,-0.0776765590831909,-0.0224582341867315,0.0173471162847651,0.00616944652643226,0.159125038900231,-0.0252595639358298,-0.0411424577171068,-0.151526157429404,0.0281397255706575,-0.044856193263852,0.179673838249016,-0.116043845117125,0.0743581827186615
"Frontal_Sup_L",0.177978258092994,-0.0265683169626915,1,0.172910413351377,0.549659734126034,-0.220709492142725,0.662413408659921,-0.22246305890729,0.355108169017017,-0.285063870441544,0.0836985499958535,-0.278894162771407,0.302295386585348,-0.20823882490071,0.413179554472963,0.157057756825074,-0.00850467564481156,0.0213911554658843,0.239820603553948,-0.0530522787934938,0.240922941346647,0.173205881374521,0.646769138633028,0.436193628453687,0.534724559844153,0.345848557962164,0.322176462330798,0.144653389669496,0.144408422078594,-0.028362911283952,0.475019504257591,0.38650617535461,0.380467430619048,0.0702071205534566,0.187945149323604,0.0193462769626521,-0.0176698685399935,-0.41622722727223,0.0797502401009208,-0.112145657126171,0.153408685470072,-0.112717943390828,0.051086924927674,-0.102312129465772,0.0197524306732606,-0.20019501940848,0.00426851619776289,-0.129210835849303,-0.207376023778697,-0.42223154690158,-0.278019666560412,-0.403074122367768,-0.237467749651686,-0.337038425428937,-0.172925566242881,-0.335924635872686,0.0537386992880238,-0.10775096225205,-0.234099390918983,-0.526216792204295,-0.0437298829537105,-0.411621193100338,0.104496246650878,-0.110947696318221,0.26462736551589,-0.0760217360789575,0.0635477595046608,-0.267723096446446,-0.0378652525383146,-0.068900385086648,0.203876445442201,-0.0472995696223635,0.204680163711104,0.01244387522925,0.233037758161412,0.16058860251121,0.159951077686771,-0.0848334201213542,0.116955851621204,0.0890709989683092,0.00583045121102684,-0.0330411063159008,0.326258169092826,-0.0616044578609992,0.176894608295055,0.0694805129049974,0.285125398586172,0.0803657953779085,0.101856196216542,-0.28707064085209,-0.279258857083373,-0.178373638400496,-0.281537768462307,0.0564565879821272,-0.13814400561442,-0.128782470606095,0.0123775749924485,-0.0937355565955827,-0.213547546522901,-0.262801018390834,-0.306908326486263,0.0409325248690819,-0.20501551543285,0.00895000349792472,-0.142071119565816,0.012615248086471,-0.132676970152172,-0.0741017824698709,-0.026823288667528,-0.218907240247805,0.0959253220339104,0.00117778079405867,-0.139491621756993,-0.104990561936865,-0.126604117144482,-0.113735147528588
"Frontal_Sup_R",-0.142778847725258,-0.0567538390529935,0.172910413351377,1,0.0880345340659052,0.284387501110031,0.322055737634369,0.669176059830695,-0.0472716460056017,0.22108611538744,-0.10638901819014,0.172423387592533,0.0464225937779393,0.207666282509843,-0.203803846482815,0.0552367769789477,-0.281775386349616,-0.138321764421656,-0.266678347858562,-0.00354771796612335,-0.140148902889947,-0.0196222728729432,0.186038063915013,0.441622259279685,0.19999928825898,0.312816929471824,0.171532656306143,0.188591005865643,-0.208917119398809,-0.188759899276024,0.0726586531679527,0.220796721781308,0.0969024016567006,0.293421934395262,0.0243133211654453,0.107897046069365,-0.414652225310062,-0.331302966498242,-0.277037013456853,-0.183994060807982,-0.168239997424264,-0.125267574238569,-0.0324520550679509,-0.0388517641037642,-0.10394246265245,-0.101919511679447,-0.0715267332105562,-0.0803709819396315,-0.0936110901037876,-0.0821865006858819,-0.117597607009977,0.00148870101520444,-0.112170709030934,-0.243541587366469,-0.11414452035454,-0.155741565929208,-0.172769507313121,0.007285393104514,-0.0127521369358158,0.142555599992516,0.0332341205181795,0.395256754234845,-0.0829023825290772,0.167011764876409,0.0909969293463875,0.565640403548284,0.130415130807324,0.254761709923463,-0.20693874984506,-0.0994697743347816,-0.226988684432016,0.0963441818345958,-0.0802473041145103,-0.112739579644399,-0.131182653028812,0.0497621050102742,-0.247433392965486,-0.0315905529097785,-0.270391361456151,-0.184237260470322,-0.251553753150399,-0.131255683106941,-0.192472534130634,-0.277793991223627,-0.124488249728192,0.210547294058712,-0.159223693009477,-0.106283618302435,-0.0950665382404028,0.232930574977602,0.0767635703231231,-0.19507086412686,0.263183705297478,-0.0298545945589784,-0.117983084228831,-0.136235993800304,-0.0960139228686842,-0.0968741764839278,0.0383565253893491,-0.23728068644042,0.294420179598476,0.0980133338668489,0.0825822028323582,-0.0563591194308026,-0.0666237193598406,-0.0291852227788487,-0.0161601721127929,0.014180121567956,0.00897472172321945,-0.0847132592345854,-0.0958031790309116,-0.012521771473117,-0.0401370339572406,-0.0285868447474784,-0.125431602858658,-0.108205037357901
"Frontal_Sup_Orb_L",-0.083907629899611,0.00473686978529745,0.549659734126034,0.0880345340659052,1,0.155472883942267,0.313237087760814,-0.121626350316208,0.565629123836054,-0.0219320157232363,-0.074236103898901,-0.164092963347094,0.184364975653547,-0.0121029654322174,0.250581374954987,0.169194058910107,-0.0997683341818436,0.0436948978682346,0.0352468657185799,-0.154477456076972,0.347560529797168,0.153305493224864,0.432914379336873,0.420571067816928,0.752942205879635,0.623684076620953,0.816568884691025,0.564476900307623,-0.153511039921584,-0.124515192416499,0.223100961728957,0.237390301220394,0.127445241888634,-0.088959822214371,0.327298373094025,0.200728420231174,0.0223926304782725,-0.185696651761578,0.201420691608088,0.212404082712717,0.206910208690529,0.0102526906521235,0.126296270193649,0.0350401454184813,0.136759268696131,0.0109558157845345,0.0613298295102238,0.0118859528715121,-0.0942099121187698,-0.2229169806935,-0.148133607824211,-0.204936526731111,-0.220263559808052,-0.252116563857675,0.0965501153393624,0.0436348912142442,0.00177786957145743,-0.198504627004725,-0.277171744568525,-0.41802472573577,-0.248358325316621,-0.36642099608199,-0.101573299322848,-0.145059736654095,0.148138534434296,0.0300775959842065,0.0653607899858357,-0.0957308531308533,-0.174600199223247,-0.189743202455349,0.00730257711944612,-0.102506645212103,-0.0978552867701394,-0.0894193469645684,-0.0327362567328895,-0.0453821717708553,-0.121670870563306,-0.242075840312045,0.0886009349346016,0.106084941700212,-0.0550482564225449,0.102138742201534,0.0932562148307784,-0.0354201457569808,0.197555956149224,0.198124514440329,0.260266603506311,0.265114237844575,0.211810421861705,-0.129090375646512,-0.192884687964198,-0.237439277584408,-0.0487138178188283,0.0797672801720032,-0.273078597537364,-0.124281082578724,-0.017174231481661,0.0843862473380669,-0.0740389582612591,-0.199074849868113,-0.11259784551268,-0.0387844342016819,-0.170422858614625,-0.17991418955395,-0.121651075953645,-0.086918393174605,-0.197778983346347,-0.13633207537043,-0.160329996833522,-0.204900983476124,0.208339976058538,-0.0083900717439062,-0.10313657224479,-0.181807292175768,-0.169954851732395,-0.171279770073175
"Frontal_Sup_Orb_R",-0.106063447126052,-0.252133396604851,-0.220709492142725,0.284387501110031,0.155472883942267,1,-0.126608235391331,0.564619999060607,0.142494158952724,0.785934723457094,0.104809205730165,0.235114346818166,0.0601242840074323,0.481497340175765,-0.0255606960169046,0.194637877790465,-0.272605198197122,-0.240728339588802,-0.331125155766494,-0.27238488286234,0.0898575420329126,0.144188744371028,-0.181541982966332,0.0753684491699274,0.0695194620997203,0.293516602110218,0.359822242009458,0.52420271205679,-0.236390052673497,-0.144824499008627,-0.266383448848435,-0.0845837136596542,-0.344518685475522,-0.121729841222165,0.0102976501867908,0.0567801461592663,-0.0445434664380297,0.10943161210493,-0.059709824638418,0.100346054302824,-0.0748485994635371,0.0774854954934004,-0.0255161011561911,0.0985449821867881,-0.046262703272492,0.0873465464191163,-0.00699143320679768,0.0860186235590063,0.017177664056332,0.199348153382417,0.125849698658802,0.189599033804813,0.132005237839786,0.111488621440217,0.201093882767926,0.165179319719209,-0.196002437053816,-0.128423420298246,0.14337311788919,0.409733303934888,0.136750899360405,0.53496395998545,-0.218149093754977,-0.144348643069648,0.100147171162451,0.40695894356292,-0.0275274780654898,0.191008815540685,-0.219096979386629,-0.242090085569935,-0.135180699757065,0.027220763679273,-0.0878258880667424,-0.0370196357883033,-0.0680269067189987,-0.0608765694469202,-0.286426038258794,-0.0905720460982223,-0.183564530167367,-0.163889590968084,-0.280167729490194,-0.076723000576677,-0.244056459793616,-0.184985475207145,-0.075265414734424,-0.00579948798412962,-0.0784668120723933,-0.0618605094396992,0.246784757053841,0.295199238157782,0.218289769736856,0.0687762669325354,0.373790806456207,0.0323545807548791,-0.142733673675637,-0.202961297788634,-0.152097770816236,0.0944985739512286,0.184121923922005,0.0323552686229983,0.365721621418215,0.196958621833207,0.152448184035505,0.0710720886381061,-0.0915078664142103,-0.0420883640063982,-0.094912849304634,-0.0614133325437446,-0.147212532048824,-0.142790989778404,-0.151587542771274,0.0196074764985631,0.0720296186692584,0.0992272077515629,0.0286122101831762,-0.199896375688931
"Frontal_Mid_L",0.218672964424382,-0.0780092610576027,0.662413408659921,0.322055737634369,0.313237087760814,-0.126608235391331,1,0.123633928580175,0.340464214067215,-0.120853204578482,0.145601599915746,-0.0883543185230138,0.410346276384444,-0.0693011547129454,0.3043398135652,0.026092895667061,-0.056313238696712,-0.0053094674747251,0.106420927453311,-0.104170453536871,0.0383136988551033,0.0950597033149421,0.327050473343201,0.127966009664885,0.285844345057272,0.165223102761052,0.118368237464023,0.0649614356461188,0.138824647050949,-0.0723417017156472,0.318939863526142,0.260769636787603,0.352900630172478,0.18465244646487,0.0208145938475911,-0.0201255991649213,-0.147823481460302,-0.353906984923739,-0.159312038557033,-0.251972852818878,-0.0269280342030028,-0.32245575581839,0.00504048888638285,-0.13298645248494,-0.0625071751240393,-0.259920190221688,-0.0747082250819052,-0.161458307251878,-0.221362545777955,-0.343302786798548,-0.238593466687249,-0.266766146151362,-0.18866077057187,-0.225774395890748,-0.298901392162071,-0.335403672784486,-0.00129124955040557,-0.0819846806602495,0.00732364747785672,-0.285388288776956,0.281749926528351,-0.141674009512597,0.0573197192985314,0.00176359491847627,0.228949168308678,0.0566314971598175,0.221667977856428,-0.0662247546146769,-0.0801068095104498,-0.0628936519713594,0.297811751901625,0.0790302446191708,0.199623462714078,-0.0554446181268826,0.239049875288209,0.105091271674023,0.0971746730974591,-0.00632318104126942,-0.0129153936956549,0.0188960900785974,-0.0851769647368043,-0.179029494592603,0.125749133887259,-0.162840456575467,-0.058528165447327,-0.0808352248724855,-0.0326015470588143,-0.161474523362385,0.0654318258174487,-0.131722332422407,-0.175637326926315,-0.00365065974070111,-0.0815067456536289,0.110821626253045,-0.230187434130666,-0.192769265780185,-0.15567539146388,-0.181907626191572,-0.268085771873126,-0.279682593366718,-0.0667390792578763,0.275007574642523,-0.104111831814677,0.117364338302333,-0.140885868043805,0.0211803474916832,-0.161973343717332,0.0235085614814752,-0.0133359387451819,-0.144731568314157,-0.00291088221971349,-0.168496790748952,-0.143468164813437,-0.131358511364697,-0.150210295592767,-0.188320404158088
"Frontal_Mid_R",-0.0654571201011925,-0.0373049498767663,-0.22246305890729,0.669176059830695,-0.121626350316208,0.564619999060607,0.123633928580175,1,-0.0105193144292078,0.508631288997005,0.0998242311631527,0.520808613044449,0.163496401877976,0.539317666620246,-0.17411399519161,0.0810349917137596,-0.226106193085274,-0.145180942097238,-0.262223681744843,-0.0305824276340758,-0.15363763944969,0.0161012749632205,-0.145997556447385,0.06598440547585,-0.12022005520624,0.0473893193323405,0.0468413947090993,0.182525059008101,-0.162752584294117,-0.078242919206517,-0.133232248703679,-0.0342846337656957,-0.113995811063102,0.182656055214929,-0.0967777870440289,-0.0010397215559936,-0.338422961042565,-0.0880264537938564,-0.303340633995472,-0.122086329974586,-0.242077518622973,-0.11374178818934,-0.0522799669476765,-0.0322180650083368,-0.156442991941662,-0.0409861917563183,-0.0719496155339302,-0.0449063551282172,-0.0345733768662076,0.142556909605057,0.0518023510874957,0.190000472313412,0.0436789266032567,-0.0355417486724931,0.0257446377993082,0.00329377700635912,-0.189994084479425,0.0250932901549154,0.114612058342022,0.406971741513773,0.235736085123568,0.713673526518177,-0.118149906235888,0.185481983839584,0.06814783250301,0.552383271924945,0.0391855694154709,0.277494662458126,-0.17907668027943,-0.0535420308534996,-0.261366207167208,0.124407067851112,-0.0767098912130676,-0.0142176154847831,-0.0837560046139757,0.0659341304807323,-0.329639556026753,0.0999967922072814,-0.174834299711167,-0.196217832642463,-0.241215946230282,-0.13301580608038,-0.312759420562483,-0.284445354248309,-0.214430819429068,0.0218731415139213,-0.319281677174514,-0.232000389165438,-0.0200017751158943,0.332161310530525,0.306989173327092,-0.00107621946592042,0.479990833356456,-0.00954554046538613,-0.174073923209919,-0.240646420908564,-0.122087987136246,-0.124368879661864,0.180747274207025,-0.0995403965106813,0.521878082330198,0.217903501150133,0.242867495441147,0.0875910711350582,-0.0877451505953528,-0.00409624066601562,0.0325893001794031,0.0343143349285578,0.00904717029785511,-0.0345828478886475,-0.195992375580412,-0.0213653391457532,0.0230591686209493,0.0616689915117287,0.0629779139258984,-0.174622980957529
"Frontal_Mid_Orb_L",0.310059402595018,0.141059123507485,0.355108169017017,-0.0472716460056017,0.565629123836054,0.142494158952724,0.340464214067215,-0.0105193144292078,1,0.179750275097324,0.188974601113253,0.0317329213048607,0.33519444267181,0.0949012016550311,0.303869167609947,0.0173636553000106,0.146793560584785,0.202516082039026,0.216753840386386,-0.0889179010821217,0.186407689170307,0.117569259072401,0.0279602241577017,-0.00276764420908748,0.277872725703643,0.181461455438763,0.374122587250698,0.265294075744644,-0.0372354147767492,-0.0271652722203874,0.0749149632657445,-0.00124357738617736,0.100548893085324,-0.0332996523823132,0.0466011347134443,0.00803747871872776,-0.0750655793726871,-0.187965989804236,0.0373470696607251,0.00383873968485638,-0.0100236600756875,-0.243875578351912,-0.0331959816056796,-0.077583453982396,-0.0216841826481602,-0.0383776712342188,-0.0869024800383572,-0.103047544436501,-0.147373535702922,-0.200905765404147,-0.189953927570606,-0.141132889249853,-0.176759771694095,-0.113979521042054,-0.0837422518174419,-0.0611115527114498,0.204360109660919,0.00774270103804966,-0.0686637661804485,-0.348899003617577,0.0979284895807382,-0.241626093523302,0.0364852715983552,-0.0379103316538622,0.138958585558052,-0.0693592932152212,-0.0613366644378753,-0.190333527112995,-0.0677033594342837,-0.0569296322625836,0.0669783119793318,-0.116254682985634,-0.0367284861227499,-0.0691136455851274,0.055720107672396,-0.0300085745407879,-0.0965281813923245,-0.180243698841726,0.184185022627205,0.134084224838854,0.0716269095043182,0.087641624496663,-0.00518243771399878,-0.0654227327085709,0.101851499010035,0.00238502912924511,-0.05092866036614,-0.0350218490216328,0.172261213902156,-0.0729767631164376,-0.146782381248226,-0.112888914936394,-0.0849869146700183,-0.0411452234533952,-0.291389060918907,-0.205873553285344,-0.237801608016713,-0.105589196676104,-0.179802037581871,-0.184466775503929,-0.116689752288525,0.0265218287473985,-0.173872296622588,-0.123663245276601,-0.217301799183298,-0.147717364350427,-0.231800432478092,-0.13711023156778,-0.182815866286371,-0.26518902364678,0.00310309177600177,-0.085732959567804,-0.142041398580689,-0.183606966372822,-0.239671638991898,-0.0773649387781614
"Frontal_Mid_Orb_R",-0.046674186567399,-0.213027223852241,-0.285063870441544,0.22108611538744,-0.0219320157232363,0.785934723457094,-0.120853204578482,0.508631288997005,0.179750275097324,1,0.213569550086294,0.348096392351953,0.155987095498353,0.459550308238216,0.0958130247885563,0.260790941543293,-0.0451311752879373,-0.0828915346299757,-0.199482651793752,-0.138646079759464,-0.0882109590688422,0.0322890544731266,-0.233098929328879,-0.0669242549272404,-0.0923143498130309,0.0520635379749767,0.115608552616724,0.178591826483259,-0.0514238097348244,0.0357382972447095,-0.275576830397543,-0.0498726720756225,-0.314847919778769,-0.0898461046562718,-0.110989580477984,-0.0876364404030056,-0.0686386457189906,0.125844140515355,-0.191249404008022,-0.0365770319133971,-0.135828349437156,0.0100387423618795,-0.15971551395483,-0.0339357087647618,-0.173438020469031,-0.0505531813278994,-0.136172523030461,-0.0852278613805031,-0.0681798808845085,0.104019177650206,0.0895524507046405,0.143657074276255,0.0770062417691564,0.162047824553479,0.0157722481915545,0.0119022792213658,-0.117035075089068,-0.0903756054641548,0.122199077097566,0.315012269783046,0.178954025974374,0.495920849398025,-0.086856952364357,-0.012329250587305,0.0897755985277063,0.282244768934569,-0.155796533139295,0.0140189061151678,-0.215540635620636,-0.188765912823124,-0.066746343454985,-0.0131201328980149,0.0274512096279932,0.0758818319718932,0.0134122116437745,-0.0228027309691753,-0.195015879789865,-0.0664746453798704,-0.0697309248493056,-0.116084816594431,-0.176782769108335,-0.0324710537537896,-0.227741513811203,-0.0823029306439664,0.00611935094872385,-0.0567919718434359,-0.180282654347429,-0.165676127041288,0.210788192976718,0.263332807848704,0.212688194285469,0.0317622999847204,0.342485215845635,0.0228663700549451,-0.0857879762416858,-0.250322315522659,-0.24266968452349,-0.0457714262525195,0.0476176293651129,-0.0458216450902706,0.309632795756909,0.185232187391298,0.130564950057878,0.0591307722177964,-0.100460533896884,-0.0759473866798666,-0.144809680118157,-0.112379088896359,-0.0386571385517935,-0.149876558435916,-0.317367022558827,-0.0309238481972982,0.0968249229966647,0.135801890950126,0.0709043828068067,-0.106167742622182
"Frontal_Inf_Oper_L",0.469314250608762,0.145486711635229,0.0836985499958535,-0.10638901819014,-0.074236103898901,0.104809205730165,0.145601599915746,0.0998242311631527,0.188974601113253,0.213569550086294,1,0.419910267714821,0.673091279220696,0.445011327159139,0.283381281116368,0.100823397884762,0.339555808051471,0.26078268667916,0.0856974089919675,-0.21352229224815,-0.0882886646073027,-0.0413354955263109,-0.0343197481850865,-0.185263395533761,-0.206801004142353,-0.239861013115253,-0.137226190455533,-0.180957544266735,0.32315590812109,0.229355641791487,0.00823163750261843,-0.00872341521717616,-0.0723182797041577,-0.0858479064522821,-0.146488954776634,-0.205964141014516,0.00396097853590124,-0.0375755041343439,-0.203038834113223,-0.0762797463346207,-0.00225562090344824,0.0708742105910793,-0.261788290096172,-0.167514248815717,-0.267791786166731,-0.280381316220228,-0.284053933406189,-0.233535301355266,-0.298711546539535,-0.106986630559158,-0.0575857747761792,0.0574158372941288,0.0804459599522001,0.0663775680911795,-0.195200500638244,-0.14810606257867,0.157192878912476,0.133428162082539,0.0270459983605554,0.0400286958307149,0.477010275544525,0.126347143044322,0.339249331057644,0.0598733544568849,0.260538396731434,0.0242525439658612,-0.247996763544125,-0.228655394759681,0.02519707845095,-0.0576335701424117,0.0716573860960454,-0.0858408402750463,0.299211700346161,0.23399628667814,0.226955051057241,0.248218811250196,0.0710187435254113,0.130976111586279,0.154563555489985,0.144690743637642,0.133972446931247,0.0987220481815134,0.0190955809810276,0.06072774520918,0.285606816160724,-0.0565495607269372,0.0342739835369985,0.0662019564015743,0.266252989068791,0.0325041745708344,-0.153093483023368,0.0950467802995835,-0.0393917261378778,0.0396690171412485,-0.230808013365507,-0.236025108546343,-0.361754328716534,-0.178922857945908,-0.227149431234131,-0.084432962756494,-0.0491986080079354,0.0703768492071246,-0.0770812155876858,-0.0400872796723925,-0.23433054718194,-0.101060713143607,-0.224493327882849,-0.112888381037452,-0.139141241039668,-0.231097345212036,-0.267708468858421,-0.160627332806335,-0.00710467640686703,0.0826141805244261,-0.0429672584575207,-0.0157836062609518
"Frontal_Inf_Oper_R",0.134252941135571,0.211630010345905,-0.278894162771407,0.172423387592533,-0.164092963347094,0.235114346818166,-0.0883543185230138,0.520808613044449,0.0317329213048607,0.348096392351953,0.419910267714821,1,0.325412994292352,0.681370144659359,0.0677168775458145,0.249821511962746,0.198988482875322,0.274861900788877,-0.0142916464200087,0.101289290416342,-0.198676432453874,-0.103235734964455,-0.190964763849946,-0.110378744636119,-0.23309938971843,-0.201878498483751,-0.0543453590339239,-0.0421087471074476,0.175846135672678,0.392792986059645,-0.0898414100554446,-0.0304066420724697,-0.202937155577802,-0.0738972613224977,-0.405342162138164,-0.367021899605269,-0.240633115174726,-0.0153199481418864,-0.266643945968731,0.029490342346587,-0.0438912200529675,0.156669368700701,-0.15170461057788,-0.0929348069807912,-0.235417074747626,-0.158820376013121,-0.122745219384316,-0.117916911263713,-0.0820589348055624,0.13210710297349,0.0423149941674508,0.220975549018857,0.111665797512052,0.044431790184617,0.0200214011237806,0.0410622422102399,0.0522066990505966,0.223334436659164,0.0276149531506281,0.253858326408661,0.271291678850859,0.440228117069233,0.295098919542441,0.453232646462527,-0.0931054545865753,0.122845594144502,-0.34722474165775,-0.123917436032913,-0.0472724863544227,-0.0880821072298394,-0.31143413039714,-0.00956519971124164,0.123593164143215,0.34970587718449,-0.0720187100904189,0.244926918568909,-0.238332631425259,0.165519188405416,0.114343241182906,0.11959632166887,0.156399026125937,0.224251847697459,-0.0873114151076464,0.0728987224411958,0.0207952640083589,0.0435268481610555,-0.140089842968101,-0.0382558395872062,0.0284066639713703,0.179525325769204,0.0953570206769667,-0.0131377372790801,0.22339228767334,-0.0735375129457155,-0.312251951921892,-0.192433944367963,-0.268145838539092,-0.0836267079780573,0.077561705665127,-0.0659398063898966,0.361258631959955,0.0465598064157806,0.174914075372612,0.039025063750784,-0.0857222795459277,-0.0682217036529227,-0.0487356074104127,0.0209356004001777,-0.194845917057557,-0.280300235155229,-0.380836229322979,-0.0893056574095634,-0.0289635128760422,0.0910868407352507,0.0326566919804383,-0.0304289025307527
"Frontal_Inf_Tri_L",0.365685059990504,0.0717894912731558,0.302295386585348,0.0464225937779393,0.184364975653547,0.0601242840074323,0.410346276384444,0.163496401877976,0.33519444267181,0.155987095498353,0.673091279220696,0.325412994292352,1,0.437341024471551,0.508138414584892,0.256720973507927,0.222072949231629,0.176168030685599,0.123965552145411,-0.160147851496465,0.045195896536168,0.0439631926066241,0.184325064728495,0.042129411634788,0.0234312237634206,0.0340178204240325,0.0255835891513676,-0.0214520838568409,0.293349910505601,0.166398397385698,0.145405532225941,0.152089485933632,0.0524710894740035,-0.0432096969794088,-0.0589045808068926,-0.133368052127633,-0.113778709590088,-0.189487439905716,-0.1655078089937,-0.0495000761455171,-0.0371209156026887,-0.112221674587141,-0.0664366888607549,-0.0810402805331433,-0.105911024104646,-0.206434052088813,-0.111165877908254,-0.126362760709181,-0.206761227343347,-0.16744754288654,-0.075560383889206,-0.0654077222564445,-0.0710899909375202,-0.130347269330814,-0.109100284282838,-0.127215572477685,0.0432264541053939,-0.0193167427995808,6.89948438462276e-05,-0.153935156762483,0.442253407958991,-0.0168343034186306,0.284494886486991,0.011469601403595,0.301918446730728,0.0332356951753561,-0.141129751935633,-0.255961202295539,-0.0601632100089302,-0.113238939987484,0.00906419544486392,-0.245250559461207,0.136987722111715,0.0872685186100896,0.183585699709883,0.0815905355027855,-0.0471862242308278,0.0351687773926021,0.170245201733028,0.0964056036844332,0.116563951289613,0.0645179330215323,0.0754323182237684,0.00832490087216378,0.301752323629539,0.00752834327083186,0.00280582043419729,-0.0656603331207322,0.388523812670311,-0.0876564620114658,-0.0954348412510099,-0.0160450653422877,-0.0169915511034085,0.0800743376243949,-0.218290888403313,-0.200096266005466,-0.227400126570184,-0.10052479079512,-0.18032145995889,-0.208148406935628,-0.0692684369255699,0.182672765318254,-0.100744641817793,0.0123163091396258,-0.26190743615205,-0.119525465568594,-0.251139773085816,-0.0949641431797124,-0.0142053769802628,-0.199587351024357,-0.112802692440001,-0.0570849208063292,-0.00398798591992293,0.0353496345317434,-0.0115170409560798,-0.176800021030949
"Frontal_Inf_Tri_R",0.0147825565098657,-0.0418478960787604,-0.20823882490071,0.207666282509843,-0.0121029654322174,0.481497340175765,-0.0693011547129454,0.539317666620246,0.0949012016550311,0.459550308238216,0.445011327159139,0.681370144659359,0.437341024471551,1,0.117939845084348,0.46432147288864,-0.00207553780381262,0.0369935098381227,-0.228563342351965,-0.150722083589173,-0.0715165110930326,0.0293830376600345,-0.1035002579713,0.0200347287677457,-0.0354067097465015,0.0666099018425843,0.0784087394331568,0.0676577125753211,0.0954806376689923,0.272450539950756,-0.0313264735192332,0.0806477446800118,-0.207416813461993,-0.0155517144248388,-0.143182667693062,-0.0970099956120046,-0.192238145933867,0.00535755737166158,-0.18428180599388,0.018806511294151,-0.0884137058629005,0.0720321422166706,-0.153716545120971,-0.0899544785504324,-0.1613646479825,-0.0932215699414163,-0.160160173030577,-0.111871354311267,-0.0826381819673331,0.0482405785569956,0.0773423025625517,0.195606661961168,0.0854324411532972,0.100771962663353,0.0378518165426844,0.0614591716088664,-0.151823983991666,-0.0409012000257285,0.0591382743319932,0.215102387602593,0.263729423465069,0.372062598833344,0.1530533967237,0.223151510286639,0.0933454326329343,0.238243543107968,-0.201884906260167,0.0340221987934964,-0.14484752710984,-0.144700940340486,-0.241853334336974,-0.0085245266452264,0.0516173474559456,0.152150541629725,-0.0363751691447078,0.11365903887018,-0.146044510538713,0.159366011031759,0.0104001549061202,0.108436156271702,-0.0278454689440093,0.159718069740975,-0.0370257195457043,0.12961585289222,0.0454490051372304,0.120105538755007,-0.11317167712773,-0.0128553886291043,0.0551327896731031,0.119119001927317,0.0792675627070103,-0.0120275248977709,0.29068900058602,0.00194338880043993,-0.288429665604949,-0.22065749795931,-0.243028331198935,-0.0827920553823737,-0.0161940162136801,-0.107694294131219,0.302890640434143,0.0619290581704071,0.0563574727493826,0.0157772730788557,-0.126400337335138,-0.0751730807517193,-0.125185750932458,-0.0632647347701352,-0.25826549766327,-0.277998951694442,-0.274920478863708,-0.151053039196605,-0.050098557360009,0.100748010830986,0.0641457541289925,-0.128310569235587
"Frontal_Inf_Orb_L",0.278708015314061,0.0818566501007966,0.413179554472963,-0.203803846482815,0.250581374954987,-0.0255606960169046,0.3043398135652,-0.17411399519161,0.303869167609947,0.0958130247885563,0.283381281116368,0.0677168775458145,0.508138414584892,0.117939845084348,1,0.473162618259722,0.313749187481205,0.192085628627872,0.385464351886448,0.0533875127333549,0.213518113199316,0.160943584211919,0.283091464110921,0.0261824072852926,0.179709744558325,0.0282456997017285,0.0853546255070728,-0.0309729264152365,0.444585129232525,0.384202235907401,0.305433193458521,0.26430944142441,0.197105288328687,-0.0278539286461385,-0.120402735738575,-0.27553242531133,-0.07583162895644,-0.184797377151313,-0.0391523215788575,-0.0776206831753593,0.113810162837439,0.049104539091671,-0.0908611914551572,-0.170598837331319,-0.0881553507793949,-0.19691208595404,-0.116261188956903,-0.217647984058844,-0.250946596693921,-0.317226918240307,-0.254404102460832,-0.295951116684344,-0.223074471834035,-0.20459274763794,-0.234444063518376,-0.263565808087386,0.164862174503135,0.0212505260479929,-0.125333540396074,-0.287533866235818,0.174606553564808,-0.191595836378395,0.319147083513442,0.0512370777978623,0.18625095818932,-0.177310919589437,-0.273225585980706,-0.435980161384902,0.0315397307764932,-0.0850698492512964,0.161819429561494,-0.0671540392129906,0.257913740200601,0.225872912002219,0.260666059956526,0.134455048038817,0.0813271121124923,-0.0259147834043357,0.291487906264907,0.272957361066919,0.253887041152343,0.21412722544154,0.550900497747004,0.27494448621493,0.378724756586977,0.0267572619920371,0.334941407241684,0.1391547708188,0.277908345276517,-0.202996109415506,-0.263803661753553,-0.114521235344042,-0.169189777070044,-0.00461024217101938,-0.179187085770528,-0.218945801079247,-0.15641382153321,-0.0498673709597068,-0.265837226645528,-0.246520195607005,-0.12895152766424,0.0738188347540172,0.0243279375665125,0.159946754920464,-0.0976476062677849,-0.0342802928011533,-0.240700437983764,-0.0268324004121366,-0.140629045228056,-0.323570299298937,-0.160239603981816,-0.0491692655469783,-0.131960054861076,0.0373280010552566,-0.0567297820292977,-0.196622529916403
"Frontal_Inf_Orb_R",-0.110131493131753,-0.123023178060036,0.157057756825074,0.0552367769789477,0.169194058910107,0.194637877790465,0.026092895667061,0.0810349917137596,0.0173636553000106,0.260790941543293,0.100823397884762,0.249821511962746,0.256720973507927,0.46432147288864,0.473162618259722,1,0.112212972962142,-0.00369903508410704,0.0553776888829659,0.0376958058023793,0.13168368003115,0.207425937248644,0.442605943696855,0.384888286262048,0.349391038594388,0.321128108937593,0.177158614606488,0.102046430871278,0.323597685432596,0.436668211422182,0.399003324364792,0.459655379677949,0.0439718072016418,0.0428675158333632,-0.153421143581834,-0.21374031663748,-0.0992568081972952,-0.0731729024040936,0.0506490562182329,0.149798002109172,0.121224750396314,0.25768572734008,-0.0555390122647116,-0.099595096796304,-0.11698553962459,-0.170013570920618,-0.0183071440540958,-0.125085868787191,-0.122456929050215,-0.242135822536673,-0.137980980308119,-0.217014261200719,-0.160202202992527,-0.195075815198874,-0.0190374003722769,-0.0653938225795202,-0.115819400452855,-0.170060361074871,-0.298042891137949,-0.186899058059381,-0.131204909891747,0.0137591054755851,0.195752160637689,0.208768400222482,-0.0172143837684519,-0.0861349249208433,-0.324460393620155,-0.320776157300983,-0.105309594703731,-0.27039816207264,-0.0588435745072368,0.0661412425909893,0.209113130760786,0.148855145638542,0.0846848130376407,0.111497328815031,0.0681502548597559,0.0555606805187916,0.226813545279779,0.248641637858571,0.144505224392762,0.320405162294291,0.494082267941539,0.500106414212355,0.31403479815997,0.259180143969468,0.336269977662223,0.31353595682543,0.0232411078917262,-0.118229306657092,-0.120552665438899,-0.273857949645619,-0.0428514359735919,-0.129986517902204,-0.184425191211753,-0.240512341640678,-0.140987624655995,0.00406878015607757,-0.119219465404825,-0.185480181944429,-0.0216413322897703,-0.174114616682974,-0.11026060341217,-0.0364831450602525,-0.173088160722461,-0.202954470700302,-0.321128063916952,-0.114579966938045,-0.239235719540903,-0.339228475547546,-0.228336044530843,-0.0459763901195256,-0.179005772225863,0.100701591327095,0.0814927782252347,-0.236602600384114
"Rolandic_Oper_L",0.440222412247906,0.564259172899624,-0.00850467564481156,-0.281775386349616,-0.0997683341818436,-0.272605198197122,-0.056313238696712,-0.226106193085274,0.146793560584785,-0.0451311752879373,0.339555808051471,0.198988482875322,0.222072949231629,-0.00207553780381262,0.313749187481205,0.112212972962142,1,0.818006933041407,0.430574594295202,0.304475361756532,-0.0915250061907208,0.0631645729217226,-0.104044822137146,-0.301977330734235,-0.13732124768912,-0.248728310068546,-0.174180327687673,-0.304735225705294,0.673293410984094,0.679461080351415,0.191235862656086,0.0320405801878321,0.153998778436655,0.0674816600144275,-0.256331386367039,-0.192769664414224,0.0499354825056075,-0.0129626193194513,-0.010574753837098,-0.0274673025775521,0.311395683696161,0.182811703051717,-0.326695324090774,-0.354667546902117,-0.35569075102874,-0.365437841203345,-0.296779813863696,-0.289837547379053,-0.40111787201797,-0.326659018197436,-0.404086706634759,-0.339005553475164,-0.258181060039383,-0.0780603555676019,-0.314862408167757,-0.273070920451155,0.634458837540608,0.398648298638808,-0.270046738512648,-0.329003943043589,0.049250371284309,-0.265001625056365,0.616650497124102,0.322912538622519,-0.028553857197409,-0.350443039771605,-0.415964471540421,-0.467735486915343,0.146834541235384,0.145732537844799,0.0770338095827632,-0.0310766184322391,0.420006218497001,0.531273599824148,0.273570859153686,0.359523863960866,0.227187455499932,0.223855296654399,0.657835730117833,0.643016673401864,0.769050082198223,0.483218602345854,0.359455995524816,0.377917903461853,0.28929425314582,-0.0995813809950488,0.139852803994895,0.15935293041008,-0.0466076270440278,-0.193729286976236,-0.33516886140766,-0.254654698858081,-0.333821549802572,-0.299829808919375,-0.0999934756607294,-0.0568929852297432,-0.18474381211629,-0.079856507906719,-0.228102998675809,-0.129482293650524,-0.185746518221795,-0.326717717909219,-0.102549966848453,-0.0935356153423883,-0.138172083432725,-0.153681333131836,-0.156847664190259,-0.120033600302142,-0.149179393716884,-0.0881295706655137,-0.260672580707742,-0.0890389072275861,-0.279834244301418,0.0684514721392579,-0.0873313438126932,0.0708226779841026
