"","Precentral_L","Precentral_R","Frontal_Sup_L","Frontal_Sup_R","Frontal_Sup_Orb_L","Frontal_Sup_Orb_R","Frontal_Mid_L","Frontal_Mid_R","Frontal_Mid_Orb_L","Frontal_Mid_Orb_R","Frontal_Inf_Oper_L","Frontal_Inf_Oper_R","Frontal_Inf_Tri_L","Frontal_Inf_Tri_R","Frontal_Inf_Orb_L","Frontal_Inf_Orb_R","Rolandic_Oper_L","Rolandic_Oper_R","Supp_Motor_Area_L","Supp_Motor_Area_R","Olfactory_L","Olfactory_R","Frontal_Sup_Medial_L","Frontal_Sup_Medial_R","Frontal_Med_Orb_L","Frontal_Med_Orb_R","Rectus_L","Rectus_R","Insula_L","Insula_R","Cingulum_Ant_L","Cingulum_Ant_R","Cingulum_Mid_L","Cingulum_Mid_R","Cingulum_Post_L","Cingulum_Post_R","Hippocampus_L","Hippocampus_R","ParaHippocampal_L","ParaHippocampal_R","Amygdala_L","Amygdala_R","Calcarine_L","Calcarine_R","Cuneus_L","Cuneus_R","Lingual_L","Lingual_R","Occipital_Sup_L","Occipital_Sup_R","Occipital_Mid_L","Occipital_Mid_R","Occipital_Inf_L","Occipital_Inf_R","Fusiform_L","Fusiform_R","Postcentral_L","Postcentral_R","Parietal_Sup_L","Parietal_Sup_R","Parietal_Inf_L","Parietal_Inf_R","SupraMarginal_L","SupraMarginal_R","Angular_L","Angular_R","Precuneus_L","Precuneus_R","Paracentral_Lobule_L","Paracentral_Lobule_R","Caudate_L","Caudate_R","Putamen_L","Putamen_R","Pallidum_L","Pallidum_R","Thalamus_L","Thalamus_R","Heschl_L","Heschl_R","Temporal_Sup_L","Temporal_Sup_R","Temporal_Pole_Sup_L","Temporal_Pole_Sup_R","Temporal_Mid_L","Temporal_Mid_R","Temporal_Pole_Mid_L","Temporal_Pole_Mid_R","Temporal_Inf_L","Temporal_Inf_R","Cerebelum_Crus1_L","Cerebelum_Crus1_R","Cerebelum_Crus2_L","Cerebelum_Crus2_R","Cerebelum_3_L","Cerebelum_3_R","Cerebelum_4_5_L","Cerebelum_4_5_R","Cerebelum_6_L","Cerebelum_6_R","Cerebelum_7b_L","Cerebelum_7b_R","Cerebelum_8_L","Cerebelum_8_R","Cerebelum_9_L","Cerebelum_9_R","Cerebelum_10_L","Cerebelum_10_R","Vermis_1_2","Vermis_3","Vermis_4_5","Vermis_6","Vermis_7","Vermis_8","Vermis_9","Vermis_10"
"Precentral_L",1,0.376400658190943,0.106777968192315,-0.0732761726018804,-0.230668321631227,-0.0954123792025126,0.0300250419277189,0.043916989881734,-0.178076890838403,0.0202066624615918,0.580464730279267,0.479165084255259,0.373659033368227,0.266959244895501,0.203321835436544,0.0868413045371213,0.235988916081442,0.0597672227608614,0.467212280825275,0.258650421457771,-0.273932738157987,-0.239894603671861,-0.031801203409433,-0.113756520209739,-0.289417564768095,-0.328479626127838,-0.141317567367691,-0.233499281472966,0.108200094251779,0.136398066088639,-0.246986753273491,-0.221841097887556,0.0576481527958183,0.00984274554903789,-0.207392851277783,-0.274758526012919,-0.117365537141777,-0.193972195065896,-0.120614985359257,-0.149310223370303,0.0567029433517981,-0.0635643914037858,0.0383467801847459,0.0447642844735265,-0.0333279173960073,0.0437713981273946,0.0331349634512216,0.0920369834268144,0.0676216307373987,0.0607230526185397,0.0916220213640718,0.0667386312493748,0.18848667266732,0.0764441745756495,0.0517193965922546,0.0798781947466517,0.398533262439329,0.38517704282423,0.346322435032855,0.261788192278364,0.417069919548096,0.154066898884231,0.257232425473129,0.190802742671269,-0.00754677624910046,-0.0667752478833583,-0.143702579829742,-0.115666665832715,0.276290799820462,0.157222183758253,-0.195864197716264,-0.0491616309178169,0.0741469413506833,0.0108228483734109,-0.0642613914928205,0.0943496743248364,-0.0669520388794011,-0.0517042363381675,0.0891890446143896,0.0551304095468014,0.0224062176501298,0.128020232722581,0.156165175864654,0.0921133486065808,0.166319782774221,0.0133541848528385,0.157828624862701,0.0389710787202996,0.0513531084201231,0.144646847542436,-0.0536325459345719,0.0620397098423885,-0.0504060441448134,-0.0436954046932781,-0.401435938416436,-0.217998044228657,-0.177749871911676,0.122760001898789,0.0719452402633459,0.244689457111751,0.0734897065816126,0.0104588944918372,0.217857823123268,0.146061932624419,-0.175243112921817,-0.0402954841273176,0.0595696279657003,0.0101993453141605,-0.240134986077923,-0.280408332939531,-0.201278228245676,0.0365834636868713,0.131892120574627,0.134449036797169,-0.164512216256035,-0.235710166054236
"Precentral_R",0.376400658190943,1,-0.347050208492337,-0.31153461923239,-0.180954774815025,0.0208162280997183,-0.330033807374161,-0.0840290972753473,-0.00483849418801695,0.17268931180987,-0.0196041339621867,0.120555568104626,-0.0659733697707053,0.0702109975626751,-0.0544729796428988,0.0253773914991352,0.383636718861687,0.558625472611147,0.312580967831954,0.526195211467591,-0.19997633637752,-0.263735821263111,-0.383661154357897,-0.371488496515385,-0.283182758403456,-0.158511669534512,-0.0202907659814364,-0.067917857430863,-0.120559627085664,0.276568393006648,-0.360552766996144,-0.393091568417169,0.0349343956641303,0.10474027969509,-0.381785185367574,-0.382814256253443,-0.231778904801996,-0.228628366900195,0.0194732914382431,-0.0175220290962003,-0.066110709595307,0.100036595272577,0.0967300975013791,0.0995149404454274,0.0508683561621975,0.12331693506918,0.183364669060127,0.152936556893777,0.224041156287672,0.167424611900408,0.0623823126433712,0.150298579697851,0.148688728839552,0.0221484679494673,0.145391942143276,0.177117447834244,0.629029565956105,0.758049368051497,0.256002312957763,0.265418235232649,0.0303619880619933,0.0492346015698438,0.369630705234172,0.371996956508381,-0.307802447596516,-0.196374064305842,-0.0364761798763224,0.0306952062499834,0.633429366784684,0.658782144398014,-0.447683385500699,-0.341795151761828,-0.218217404403243,0.124314419262782,-0.386811923020976,-0.0432426408149612,-0.363357382248311,-0.200252407761064,0.334973563403687,0.400226431619149,0.376515056063438,0.433311850582292,0.110901864268766,0.270976645428431,0.0658492187224515,0.0181914355514457,0.23289754893539,0.074667589553866,-0.191408757730733,0.052135187968444,-0.121011871445024,-0.225724586695658,-0.268607061947524,-0.351884957699771,-0.154141558550108,0.0359638538844685,0.0349331455844132,0.207850933799556,0.174724154047266,-0.0713560922290456,-0.0795624507458752,-0.36347189305488,0.100264173301119,-0.315418198883689,-0.194526386210552,-0.213083301104221,-0.0375921651750939,-0.300680895776809,-0.0884086152020364,-0.198223400504352,-0.186291980174924,-0.0186530161800578,-0.143675424700389,0.0798427665776592,-0.269045827497952,-0.0373551804341995
"Frontal_Sup_L",0.106777968192315,-0.347050208492337,1,0.32773211316546,0.318615175067438,-0.0488215291922277,0.604713384329333,0.0403275687913189,0.213149377355098,-0.096307565691438,0.265129898517302,0.0638576060234199,0.31736405269536,-0.0496442621247217,0.285380259851292,0.0761432910514178,-0.112627872773554,-0.241539654683556,0.0954768650093389,-0.109955523344941,0.0678439571053699,0.0757521654603981,0.717003672199435,0.505810990373889,0.266405660778173,0.177157739284034,0.0449087348485519,-0.107179705068348,0.136398063997039,-0.0557003747193692,0.245643639001444,0.346930942809351,0.144009321496757,0.0196764590408332,0.285283451680153,0.120292033610839,-0.01608506584043,-0.115725596104937,-0.161671651568773,-0.173679773905708,0.0673074420617529,-0.0961097284672225,-0.0513130092735754,-0.150937006985305,-0.0359095313980951,-0.164500542796273,-0.0348976612493443,-0.0668217572067613,-0.166289283470295,-0.240570923970038,-0.0923032468423689,-0.216537139770769,-0.159042173226745,-0.147741871011828,-0.139167893593222,-0.195011911951406,-0.245898594110761,-0.178725910541653,-0.125266906280411,-0.165622670483432,0.111294621086091,-0.102144860924109,-0.0400219655809192,-0.140850364508346,0.465528417748773,0.109183688018039,0.0393718715203286,-0.123589540884207,-0.294863131784373,-0.355664967489469,0.213574505470816,0.128819009616071,0.26229731908943,0.00601363663541336,0.182670310153617,0.142361146981118,0.103483689569751,-0.0173578465108491,-0.124605505341424,-0.239874235875637,-0.219148086869386,-0.168861987997406,0.159294319077284,-0.182120688395232,0.306791716222129,0.0800575249748919,0.117455384194061,0.0387623294931376,0.205870617539167,-0.0844489947380158,-0.233308986485687,0.0409925383561353,-0.163134613863944,0.273285270570022,-0.248967977764364,-0.276709481134703,-0.257109148201277,-0.175116082193333,-0.216147431527033,0.0500766934559583,-0.276297323055336,0.220749838418805,-0.084726377596914,0.10562284146527,-0.0839722008761263,-0.0317040040828456,-0.15831645861508,0.118389853388608,-0.125861073597246,-0.0675332941892784,-0.0435964470804887,0.00169024721247818,-0.00298924070080403,0.0323405327452312,0.0416582270842295,-0.233191068448603
"Frontal_Sup_R",-0.0732761726018804,-0.31153461923239,0.32773211316546,1,-0.0470154842725247,0.29109911498219,0.405654269122515,0.561903237808001,0.127406632988914,0.177545442887354,-0.039818651631392,0.0952939274739502,-0.0921616683426892,0.132748184112391,-0.213108685102367,0.131952676449596,-0.263588116633582,-0.329997943710927,-0.0796747756950503,0.0958316368217443,-0.147198070115027,-0.0587339325871858,0.338613980230142,0.557377975906379,0.200933276067319,0.335853294359031,-0.1201343390081,-0.00508322925186702,0.0925318020202369,-0.089542875033576,0.202115595676093,0.510477489598035,0.234231392694168,0.438598710235866,0.254861309533874,0.321909766788264,-0.196161120376764,-0.193396388823561,-0.220764273344657,-0.238010041598502,-0.178662853391363,-0.176218371165092,-0.167172459776192,-0.188846126439098,-0.102308491351908,-0.0643250303984305,-0.183149351640949,-0.244740119532337,-0.168291307376721,-0.129497170446958,-0.065191328441534,-0.0542126168021886,-0.111517954116149,-0.0841616414778729,-0.191161293900136,-0.211122561126044,-0.277167246055807,-0.245203223868687,-0.139368898207397,0.170668008876987,0.0456333839437209,0.377030884371255,-0.0639885151566421,0.00399225270042696,0.196020775458648,0.49246514625821,0.230863936285643,0.29160795711303,-0.198895219384788,-0.15465597402784,-0.101495981147414,-0.00201199490525781,-0.0156105542223362,-0.0618669230354473,-0.0977348481867708,0.0957746106138444,-0.0650400353060107,0.0865943994109809,-0.145208930434683,-0.275311528754086,-0.244150911494221,-0.167020131916809,-0.232452936305371,-0.21238715002431,-0.155188699531389,0.112016212099826,-0.198336508252431,-0.029463515156465,-0.156538167997461,-0.0224845129089735,-0.0399638778078647,-0.102713851563683,0.088961015637711,-0.0640585480647718,-0.0750207544365441,-0.229209637749632,-0.31769716742154,-0.217245428123887,-0.160772610238115,-0.101684745082675,0.084883077457481,0.0576233499734895,-0.0546160957098274,0.0148941252713825,-0.123680568895366,-0.00950565914984075,-0.0936078726462759,-0.0372027809557981,-0.0246108288736371,-0.158560294886565,-0.124801388325595,-0.0625674445771774,0.0484169409192803,-0.0490823553943606,0.0236678271964189,-0.103753716987004
"Frontal_Sup_Orb_L",-0.230668321631227,-0.180954774815025,0.318615175067438,-0.0470154842725247,1,0.23266992587055,0.0085513131653195,-0.169026844312305,0.275139004489449,0.00635426118764697,-0.146623781834821,-0.185669155984496,0.0530504666897119,-0.0578178607631294,0.230121298050735,0.0254881829222768,-0.171148629517756,-0.0307760430401572,-0.330302273646622,-0.326451403640253,0.451262345067757,0.29706677183448,0.343714106474112,0.244051319106302,0.678245764687529,0.590849415747255,0.700613601201965,0.546314091005152,-0.245789600264259,-0.250903361706976,0.260875251383693,0.185918445977074,-0.134439587974716,-0.253457597722434,0.313064905629918,0.167128156836896,0.20943209822363,0.0200777122996178,0.290798436216768,0.166242092841659,0.0362198260420158,-0.0113193408568531,-0.061056862131792,-0.141200289521536,-0.0428005996591258,-0.244563108943855,-0.0739841698917468,-0.111148559290547,-0.202830215883571,-0.2931537898633,-0.1599052700477,-0.214090858758774,-0.142289786556966,-0.0819562974335938,0.0877741894613562,-0.133863431875006,-0.0919940216137573,0.0243045052652412,-0.101886348438695,-0.135834460702576,-0.0365280170113757,-0.181641331896759,-0.170896000671027,-0.166890894788214,0.304776005598704,0.195601673541845,0.0625026526719864,-0.074096797172814,-0.18294207728715,-0.153374855623355,0.203218158266163,0.129949092383503,0.0456736161646633,-0.135676602747232,0.0577498200462835,-0.133132128110242,0.103109215364554,-0.0274061896047828,-0.137781301982534,-0.1041190032052,-0.173812951117029,-0.116434679290194,0.0150416965472984,-0.132325142465485,0.151396219116103,0.135670017450819,0.296733509767542,0.159260305138675,0.334548286827447,0.0342170877533063,-0.137315038407982,-0.118241085189995,-0.174025784080218,0.107823146588185,-0.0285433126326882,-0.218422390400667,0.052352215874172,-0.142175545145148,-0.19984356346024,-0.299822656365257,-0.216787605994626,0.0150242648234713,-0.133358081585073,-0.198080214787876,0.0934858226110412,0.0435880740339339,0.0533806800025783,0.0743468331731367,0.0820822362289867,-0.0239791739593385,0.128900540551641,-0.225667392063933,-0.101732108383246,-0.061646620883407,0.00897376769098719,-0.0540147625855335
"Frontal_Sup_Orb_R",-0.0954123792025126,0.0208162280997183,-0.0488215291922277,0.29109911498219,0.23266992587055,1,0.188686539332709,0.472378069700135,0.474692135600324,0.785988946013149,0.0320282239179533,0.146476903930201,0.125126862393045,0.303319128629053,0.263804645925588,0.380116485992629,-0.13621016695585,-0.0406641731408431,-0.158798324892468,-0.0227940312701251,0.0338904642569442,0.141348836329047,-0.0370327201776356,0.0853146682699719,0.105546996391936,0.511605316990251,0.127530836938903,0.449189319625885,-0.00980870894594994,0.107820120322685,0.131640468134087,0.2927737869865,-0.0454345139270319,0.133061093153039,-0.0190056380354777,-0.0110479884412018,-0.142924155952322,-0.0487813062068975,-0.0859974682502997,-0.0172116541317831,-0.0761902854690835,0.00590635255141018,-0.253416871914833,-0.258156229579349,-0.104822492702056,-0.0398822245663538,-0.0429422620506116,-0.130860446456046,-0.104446931037055,-0.00463217420922829,-0.0226445285697178,0.0267955861986737,0.101990393951213,0.232293028231732,0.114642709638092,0.0543535851861018,-0.114458608526342,0.00828288176238489,0.0131839202442741,0.20548218872739,0.208922780950835,0.374738270412594,-0.0212423475139207,0.236883654340729,-0.079977292557268,0.127449119894099,-0.0704955224608617,0.0148087313020258,-0.0218053234124109,0.0574253148882522,-0.255805501739665,-0.173452600007062,-0.147768452363116,-0.0969910586335339,-0.159861437933498,-0.0870556735519233,-0.217970602702375,-0.125743162805335,-0.0797070009091436,0.0120042762270633,-0.0518665082777899,0.0541614383124468,-0.0765217010241128,-0.133612787119326,-0.112428569581373,0.0738171176057279,-0.160245865009137,-0.1238520753065,-0.070817599173776,0.188185382263338,0.120027574730402,-0.110539752837934,0.0567149282816075,-0.12659774040687,-0.00948011498928561,-0.039979650414476,-0.121616855507467,-0.000789958263202644,-0.0169314164847758,-0.161189176091803,0.00417717948541599,-0.00787483128943016,-0.150764085689816,-0.256107367624597,-0.143188142579106,-0.0480918758894639,0.067880834854324,-0.0921587137469625,0.047546205421921,-0.0661872975433845,-0.306569091556158,-0.253859406856585,-0.158636070113917,0.0923829487994101,0.0657732651836413,0.0170793371178508
"Frontal_Mid_L",0.0300250419277189,-0.330033807374161,0.604713384329333,0.405654269122515,0.0085513131653195,0.188686539332709,1,0.455260623962344,0.424041530667966,0.183501250891793,0.255785580638086,0.134061396361419,0.432564815685162,0.0586412420640402,0.173990910133145,0.0337614124738541,-0.164668319420843,-0.194937238351811,0.103625329533395,-0.0657973194151375,-0.194078070071834,-0.048212813890866,0.316681595673286,0.168394990014492,0.0292105737514402,0.000905211590482855,-0.170022087733455,-0.099058282790458,0.185482679987816,-0.00561020877706064,0.198275483128737,0.375983092563253,0.131557958820185,0.189111889890906,0.310561107074075,0.23291915174212,-0.0929542100704663,-0.14212773261721,-0.29580336583046,-0.293733163583455,0.0245836191898997,-0.108500499651404,-0.152160624487725,-0.19155625674308,0.01872886479102,-0.0715098724900717,-0.0805182352971157,-0.166195827557469,-0.0838123457279746,-0.153063842971565,-0.0481699099764085,-0.211790099162891,-0.192514573421551,-0.17466036660988,-0.287884502864611,-0.269299725154306,-0.272868528826201,-0.304399864019227,-0.0270365603674977,-0.0716545379429478,0.3701196349781,0.204663575427851,-0.0444680618970957,0.00653331054831518,0.378491870046713,0.166437152458608,0.13073146548846,0.0208060575204287,-0.332588723473039,-0.348517307136524,0.10890471630169,0.049404151345932,0.130704786349843,-0.0609468720783398,0.104446070008865,0.144392826918988,0.132791691854811,0.0373989124979577,-0.177226542956479,-0.30546784919423,-0.262486363074804,-0.207892600513931,-0.0250868504391771,-0.255165398121125,0.00361598607387219,-0.0587581907926682,-0.163294774370121,-0.243847031500209,-0.00617455999460477,-0.103990075817492,-0.10736427364554,0.131564025953515,0.0189145177672825,0.243913160238185,-0.179647909541636,-0.319859145407905,-0.416891710894322,-0.285044730715191,-0.146139895680159,0.0311585684617223,-0.133543071637725,0.294643952319393,-0.172436628868742,0.0571355266784543,-0.233830183407189,-0.123425543489414,-0.216940953791202,-0.0665281740645816,-0.214744991997201,-0.165034569691918,-0.160350682568414,0.0369837190180518,-0.0189035841701521,0.0115082695152522,0.034155432510981,-0.171512981335936
"Frontal_Mid_R",0.043916989881734,-0.0840290972753473,0.0403275687913189,0.561903237808001,-0.169026844312305,0.472378069700135,0.455260623962344,1,0.350067783691285,0.551558847344438,0.229429148837724,0.53758269841543,0.357247599392406,0.578889162671536,0.112668448483048,0.322285793875942,-0.0630682539187849,-0.0620461433750673,-0.0442520720585608,0.0991707472395487,-0.315510101748086,-0.149135334083444,0.0495424997785287,0.194830297376511,-0.0995669715917909,0.0881314360883902,-0.186523858399769,0.0192232332993225,0.224918492208964,0.195653711627634,0.119894703568702,0.349443837773692,0.055158461427051,0.407447320330529,0.0253017973519419,0.080206401625187,-0.21507842257461,-0.189997955288966,-0.270549388605526,-0.273331475905427,-0.0894681437517822,-0.0176325868439027,-0.258322898444558,-0.257483936089893,-0.128070263309865,-0.0457511937763954,-0.232071976452705,-0.248061184098159,-0.162330172373754,-0.0380890571151632,-0.169578533204173,-0.0886936179267797,-0.121477510491772,-0.0634705436135335,-0.12086669409954,-0.100626452605682,-0.282670248537541,-0.0839035613897217,-0.16361615852491,0.25152411282322,0.317507942430061,0.726186519473669,0.0507906973562062,0.360287122274498,0.112211574586784,0.387170201191541,-0.0484233324619665,0.0655242580204085,-0.145885573043273,-0.131060372680627,-0.226934476135224,-0.122662589765503,0.0516450830096366,0.0987964594506419,-0.088619178201669,0.182379764363482,-0.139913917012256,0.013689143618843,-0.00382074909389276,-0.0877565879792308,-0.0276614565949253,0.0701929759813147,-0.113693691360576,-0.240530071217781,-0.149915507103011,0.0666439243075695,-0.327326548366119,-0.249073755266243,-0.19851827988118,0.0703751320746385,-0.0336501008724576,-0.113985314291087,0.0836808290482652,-0.154317951364535,-0.207572709184236,-0.269393810360842,-0.43546443536263,-0.192267395523242,-0.185542139279197,-0.188754531516418,0.114306638682093,0.0700443610885153,-0.127025142836428,-0.0472274892362384,-0.25058777872348,-0.168066591302439,-0.00200408638945865,-0.161490652094801,-0.113493847448649,-0.248565346083393,-0.298078572922389,-0.202595080989058,-0.0210463912407334,-0.0343365999084905,0.00395371023265675,-0.148008594272189
"Frontal_Mid_Orb_L",-0.178076890838403,-0.00483849418801695,0.213149377355098,0.127406632988914,0.275139004489449,0.474692135600324,0.424041530667966,0.350067783691285,1,0.469304678769902,0.0780981297708581,0.159583348471922,0.270539481791459,0.20741712964646,0.330759700415755,0.246748802204577,0.000666472771072176,0.0758713165029116,-0.102624354251867,0.00103838485829217,-0.0151712721777443,0.0422324217016629,0.163936667849454,0.101120114503949,0.125383811648949,0.191157438562843,0.144868148236581,0.264963568289337,0.138460581829014,0.0971257111918887,0.190681265702655,0.276423614772325,-0.0338258156555504,0.0725355813027809,0.0726394574173099,-0.0106776116777707,0.00775442398194373,-0.156838271845883,-0.0684490428800167,-0.0553659439485602,0.146268510887294,0.0707817696572729,-0.161108539287103,-0.183529394166087,-0.128918971422732,-0.186510916628744,-0.0692270054509371,-0.0712732189046989,-0.122565890847109,-0.0901730578523845,-0.106706883196791,-0.0478917285129245,-0.0757753601163043,0.0106222859579709,-0.00513572000354181,-0.0216103164910242,-0.198459675204214,-0.0378115919218823,-0.180289703867011,0.00806459299347641,0.160158745728656,0.208763094904215,-0.00177217633555504,0.152495667300889,0.0972962155459872,0.0681408001128592,-0.120494507868821,-0.120385684736313,-0.116089109405374,-0.0720722017377277,-0.142119878103629,-0.139034870555794,0.070163522635478,0.0627698057849032,-0.0230597220976375,0.148410469635993,-0.0670685924384437,-0.0445063832952733,0.0165608884653982,-0.0375223719093081,-0.0726271955973026,-0.067835133976826,-0.0222431405197301,-0.167420298512449,-0.0282471956886293,0.0088584333079541,-0.0493982411411213,-0.0655855938932827,-0.0987313942300641,0.0120117316147117,-0.145456294193075,-0.0748044312059867,-0.119175493250559,-0.0119142092354864,-0.0883505728529164,-0.118419151776162,-0.229481571717735,-0.0651981531144863,-0.161723884586014,-0.152731232154197,-0.248056943661493,0.00203045670333349,-0.306500159892322,-0.193498282682115,-0.187780891665528,-0.164475621393563,-0.090951726939959,-0.116664311627798,0.0568257206225891,-0.0493360698936893,-0.185699079034096,-0.209494812064205,-0.131525635928603,0.0465223574385891,0.0360086547105507,-0.0180578997998657
"Frontal_Mid_Orb_R",0.0202066624615918,0.17268931180987,-0.096307565691438,0.177545442887354,0.00635426118764697,0.785988946013149,0.183501250891793,0.551558847344438,0.469304678769902,1,0.161221124228696,0.282093902987644,0.229959462915545,0.420189371895811,0.392158827551714,0.499335700946345,0.0684182885276651,0.0748274833342056,-0.00236078881171045,0.148519251920698,-0.128886277091801,0.00119003646776474,-0.0930020873179637,0.0453667619145273,-0.111278965319229,0.227507411505241,-0.0189024659163753,0.20328045729463,0.17094408446438,0.261435791070104,0.00213693041930202,0.181737182862396,0.0803624634126432,0.233458120358694,-0.196929723973329,-0.180378121048781,-0.176475674214505,-0.0608441596592718,-0.167434491078781,-0.0282439358905853,-0.0221958496766207,0.0703236355300281,-0.268266159152657,-0.208330642587786,-0.216990702167491,-0.10459330943493,-0.0888639106864751,-0.0986073612039209,-0.111760976944996,0.0278142585971136,-0.0209767283828094,0.00935944983892804,0.0674986998517163,0.147040953669508,0.0953889283622172,0.0753952412711762,-0.081734898591252,0.131896054685354,-0.0379334014763081,0.14040542329857,0.286782444929129,0.429098029485361,0.174696094155608,0.367123235313983,-0.100553181839727,0.0545441967187554,-0.239349116572454,-0.17400359804841,0.18797116094081,0.185016153632064,-0.374471025892165,-0.275215115063245,-0.0597417121252099,0.0842847723371334,-0.154467588955695,-0.0245427200138189,-0.279895444882893,-0.162449916249566,0.12410071340758,0.15044372270995,0.127508912496448,0.165469040497496,0.0383680178446962,0.0132454588240045,0.0214076758644215,0.0556520358085043,-0.180341455416154,-0.134224372849151,-0.0990998168414819,0.23724921661255,0.0164836966096009,-0.17504685600503,-0.0542049016762889,-0.155007084883222,-0.11038019149475,-0.0224828108331242,-0.135568399650917,0.155358835936183,-0.030413352762055,-0.124716884541919,-0.0233447326194746,0.0261906499660134,-0.146801956575038,-0.156148942700664,-0.258273331627549,-0.194504395355286,-0.0165595123310483,-0.107757842083,-0.0294226538811356,-0.0368823952678304,-0.335122590371929,-0.233101776029148,-0.143496448189193,0.134811090671083,-0.00968889120031621,-0.0189057223680544
"Frontal_Inf_Oper_L",0.580464730279267,-0.0196041339621867,0.265129898517302,-0.039818651631392,-0.146623781834821,0.0320282239179533,0.255785580638086,0.229429148837724,0.0780981297708581,0.161221124228696,1,0.621173823817023,0.765916747016001,0.476595936921655,0.547303894645701,0.20932088224947,0.226617594554006,-0.0838489032327797,0.31062505713253,-0.022577795006677,-0.172855442508932,-0.0371318832861083,0.265814227925916,0.0893828879678044,-0.168168130506019,-0.25128611148183,-0.173853529140264,-0.159576648010962,0.367661790476162,0.295429210147641,0.0169203632566057,0.03318474184019,0.0487646503085492,-0.0220419078766342,-0.107068623168462,-0.183129108123321,0.0190235834268922,-0.0636416859087635,-0.135974488068253,-0.124692415634475,0.255330078117031,-0.0351826164139398,-0.0751524404664986,-0.0941508460000181,-0.186137914929076,-0.196781225075823,-0.104168107132891,-0.0129633520352288,-0.184745381845461,-0.0837668962106426,-0.00256366648002898,-0.028601437615719,0.198305561849622,0.179580111777025,-0.0147590687879351,0.0939000420365216,-0.00665167556157858,0.0564684349727912,0.0910150135929974,-0.000898185959921888,0.496558381463757,0.175309250986095,0.211428536812292,0.146438536183406,0.0497060533007458,-0.0814826312798493,-0.272507027686471,-0.326230354417099,-0.0235301563612668,-0.16472371318832,0.0769327419231107,0.0372376545791965,0.303758346101575,0.133856699399451,0.238729375858765,0.221813912816001,0.040200966681534,-0.0249554831591616,0.0787427943861559,0.0312162687671556,0.109480073036792,0.0800051100023074,0.289632828074729,-0.0847422362731218,0.262926164806424,0.0126686664155361,0.0272361649388906,-0.00390439423066655,0.13327515591483,0.085982836295857,-0.131467574138362,0.0409357811325742,-0.0484512874224316,0.0812678220935747,-0.370461398675973,-0.215603746398294,-0.360876507418013,-0.040213834736126,-0.152395891571927,0.0626311557344025,0.036241006419234,0.115693919283366,0.00542438153300669,0.142568999847606,-0.279746426878526,-0.160746492890688,-0.101754963102349,0.0499193295095622,-0.270067768883615,-0.121726702924193,-0.299165028695718,-0.151713183874625,0.125987593698019,0.107844443904774,-0.0527049203014749,-0.293568347633035
"Frontal_Inf_Oper_R",0.479165084255259,0.120555568104626,0.0638576060234199,0.0952939274739502,-0.185669155984496,0.146476903930201,0.134061396361419,0.53758269841543,0.159583348471922,0.282093902987644,0.621173823817023,1,0.521994893969337,0.668879902360357,0.321199808875025,0.382508929111487,0.216108868675014,0.131226923865362,0.242355742581998,0.0785003857165254,-0.307713323912365,-0.207415569589535,0.0751844498340147,0.104176883070114,-0.23524943107051,-0.135092267459018,-0.132962161409998,-0.12649135002455,0.30829495923716,0.384870084163531,-0.0544512420684606,0.0829529954084766,-0.108408140249013,0.0789253100535583,-0.28285971109606,-0.277442594398076,-0.197128413736049,-0.15101724977378,-0.209036123859964,-0.16555706641694,0.100331814360838,0.0336790055025582,-0.0416565052484467,-0.0595680161651848,-0.0982041795939123,0.0388793330218304,-0.03605799912126,0.0727078343551015,-0.0869290928619627,0.0378563324451102,-0.132553095774577,-0.0217004402536081,0.0272473141768956,0.0849175572255863,-0.0115360229861152,0.130890350062502,0.0186842670189032,0.247715948378924,-0.0584911584467724,0.144666953132263,0.361412021716228,0.383434492854627,0.250437726082501,0.361222973750419,-0.111675047612536,0.0501327633095363,-0.298510785856409,-0.189246794265149,-0.0473688978461282,-0.162745052591141,-0.185999154001629,-0.0736101054431127,0.166539484470144,0.236800779644162,-0.00715755360603375,0.250009327602899,-0.168659652089575,-0.038838216033141,0.178958054904789,0.0765219103032936,0.13669434791435,0.221823810484691,0.156797712152218,-0.096354407616635,0.0241030657396469,0.170470691304092,-0.0596407516888829,-0.0845017285759371,-0.135011025598562,0.15052080683579,-0.140650382394199,-0.0925857408590843,-0.12582919836606,-0.210902734050953,-0.38380409787509,-0.251658590748222,-0.406620218575755,-0.0280294380370542,-0.0869355316126617,0.00518190617976932,0.0469756245906048,-0.0341457664466683,-0.0248978212882041,0.055022762354408,-0.236460145079312,-0.233649780286737,-0.0384313912901228,-0.126491839443173,-0.214362890609744,-0.18415790870038,-0.268215757528376,-0.195006539200764,-0.0623807703079557,-0.00252574242842243,-0.163546652067931,-0.217112922171357
"Frontal_Inf_Tri_L",0.373659033368227,-0.0659733697707053,0.31736405269536,-0.0921616683426892,0.0530504666897119,0.125126862393045,0.432564815685162,0.357247599392406,0.270539481791459,0.229959462915545,0.765916747016001,0.521994893969337,1,0.546472474666672,0.669684286179662,0.258289085632406,0.0793053858170821,-0.0653052608764224,0.128151517712301,-0.14601137123311,-0.13642060090472,-0.0194972870464216,0.258712248785785,0.0550869783752481,-0.0807556496120595,-0.154767939820518,-0.00739571257993398,0.00362921335212117,0.259147548553665,0.200929821981257,0.0854599147745097,0.113664463205913,-0.0291376389001757,-0.0388994284347935,0.112082938982739,0.0262971734438915,0.163826532272399,-0.0949184322573519,0.00286053810014206,-0.143585063969445,0.273495388968972,0.00860680877443655,-0.050255248498611,-0.130857665268863,-0.0537456823301687,-0.176556906305608,-0.101519415111755,-0.0542600439460792,-0.177805553652684,-0.1404909188888,-0.143733093836651,-0.173991208462435,-0.0016133261118676,0.0010563528583385,-0.0154614933670133,-0.0343802979607902,-0.123595316372379,0.0136537249412856,0.00403587356185316,-0.0246851836793807,0.580203714043889,0.274767901707871,0.0612564321764912,0.100090269773096,0.265417944652988,0.0413455808599358,-0.226455626657067,-0.324365086659117,-0.204950111259787,-0.277750934044699,0.139398050513961,0.0221676361693134,0.287825503732437,0.0527370460909901,0.222513721435676,0.227620223352356,0.100558574703391,-0.0248079996841392,0.0279581711447709,-0.0238957101391019,-0.0160386812023168,0.0404334867977219,0.311806162009677,-0.188736038205216,0.228888340390796,0.00628374452923779,0.0427733589376279,-0.136684776586517,0.30469469336029,0.0880075557568752,-0.110420868182461,0.0187278830462756,-0.0250879357565432,0.159763517263778,-0.336921667072892,-0.325698401658459,-0.350517305956706,-0.159142616633204,-0.21371437777566,-0.0688963170048096,-0.0646685180612255,0.1733197278273,-0.150382461982986,-0.00636563777759483,-0.302831116213915,-0.242488672973867,-0.148452882230881,-0.0499850706752404,-0.260634384589959,-0.196668898669955,-0.191889293257966,-0.148920693205507,0.0650330951493694,0.062073677119222,-0.0418162346628044,-0.293746502646514
"Frontal_Inf_Tri_R",0.266959244895501,0.0702109975626751,-0.0496442621247217,0.132748184112391,-0.0578178607631294,0.303319128629053,0.0586412420640402,0.578889162671536,0.20741712964646,0.420189371895811,0.476595936921655,0.668879902360357,0.546472474666672,1,0.422142200575546,0.594148379943636,0.0424621872719219,0.00253778998335335,-0.0320885437291288,-0.0199879407641403,-0.0944352963900951,-0.065994598112536,0.0756563437718732,0.159857555227724,-0.12408838162801,0.00302040338977217,0.0435270621280017,0.0606999322961746,0.0985998646350988,0.19687916443742,-0.135512697393217,0.0424988237071375,-0.136936970310842,0.102482202684181,-0.113300181409686,-0.0614529766593353,0.00942127222132104,-0.0589659342203258,0.0825696355960094,0.00639443471061442,0.17227325966936,0.136267659634685,-0.225043040237267,-0.214795047004701,-0.286282490020588,-0.20180331276443,-0.243133973312577,-0.156071766594719,-0.254195544564492,-0.121942492459555,-0.173865490088958,-0.0731248568408647,-0.0244559163600009,0.0614822755912736,0.0434829989797546,0.0338755970465972,-0.145849368022978,0.0624800245418976,-0.126728729016463,0.0285972810384386,0.281318042682259,0.462887124631514,0.0302942568975788,0.276780842129477,0.057167178168482,0.287480427049263,-0.213816920277864,-0.17215324829436,-0.0442894433250347,-0.108588975451078,-0.101898856885856,-0.0980157798821881,0.108574885655471,0.123262883568316,-0.0153990977800094,0.221814629684079,-0.0870260915467169,-0.0211483022691267,0.120481986325519,0.0960674989894753,0.0988194965540251,0.26869231881735,0.163676342429438,-0.0680970844934233,0.116904156286402,0.337549091741015,0.0457784938650791,0.0804699121260931,0.110442461843243,0.272336033728834,-0.105175997638096,-0.194701851853793,0.0109655146280901,-0.23768897647672,-0.0679422852871351,-0.144285916238083,-0.269641858864384,-0.0660802127601082,-0.266942475594849,-0.258500752913193,0.08715930487329,-0.248716975920725,-0.121267779936947,-0.209870021252534,-0.19820499185686,-0.20814641947744,-0.0294231691291556,-0.139898117747242,-0.0365241212814904,-0.0516064596041105,-0.229832803269645,-0.360998880081825,-0.102858494319105,-0.0324938806297486,-0.0101767393181705,-0.0934925610066737
"Frontal_Inf_Orb_L",0.203321835436544,-0.0544729796428988,0.285380259851292,-0.213108685102367,0.230121298050735,0.263804645925588,0.173990910133145,0.112668448483048,0.330759700415755,0.392158827551714,0.547303894645701,0.321199808875025,0.669684286179662,0.422142200575546,1,0.553576840597354,0.205252052078335,-0.0185607028003994,0.056426852362444,-0.165439672579135,0.0725296348015073,0.165674595053646,0.324189773635765,0.170189010312115,0.000702268015584792,0.00832529366899358,0.0641581649453211,0.0625468559230083,0.353447003459861,0.30410742172209,0.203690669308887,0.192482234047141,-0.0751272968623326,-0.154174308016602,-0.166843453871314,-0.226024415835706,0.266203985726333,0.0721856849332685,0.132863149168979,0.170087638631401,0.420828814898623,0.239129913826698,-0.174935255089285,-0.192504138952429,-0.274329732765954,-0.308601823859009,-0.138979641378732,-0.0487814056645374,-0.288349093456612,-0.19108316307028,-0.196360588613048,-0.216416411049375,0.0418357704167021,0.0415160506180944,0.12501248845896,0.0725731527352817,-0.098938707335049,0.016902442857922,-0.162767912180079,-0.224144959080685,0.25409863332057,0.0182771442273856,0.195682532262364,0.0519749824684749,0.0572443851236261,-0.217092547874542,-0.457676418616586,-0.555272090867668,-0.0642550328822727,-0.10728027980745,0.129482219160019,0.0641463215312592,0.413214380327203,0.194427914461747,0.285492459670501,0.216964600975299,0.109066209038186,-0.0917828187974929,0.162440092180685,0.148672379032251,0.209419153238891,0.166475963878985,0.605541807946428,0.0610732790415612,0.376976680672515,0.0383111306290769,0.211094377225515,0.0683510125919634,0.358467760061648,0.0839958316099724,-0.102448951264332,-0.0322851323737448,-0.0799219326904097,0.178232367605244,-0.246635885469867,-0.17960613647017,-0.160050220563784,0.0934345056862494,-0.220132045589699,-0.0255473710690037,-0.161434292177546,0.133494580552597,-0.174723602061871,-0.0148997768241898,-0.296925992186915,-0.149927583681869,-0.121307838356083,0.158240957561455,-0.139279617336196,-0.0676055813846143,-0.190018438351026,-0.2882702341217,-0.00392875996189886,0.0820274709982908,-0.00333722361380092,-0.246060567397315
"Frontal_Inf_Orb_R",0.0868413045371213,0.0253773914991352,0.0761432910514178,0.131952676449596,0.0254881829222768,0.380116485992629,0.0337614124738541,0.322285793875942,0.246748802204577,0.499335700946345,0.20932088224947,0.382508929111487,0.258289085632406,0.594148379943636,0.553576840597354,1,0.102380014810287,0.000793400973267319,0.0633698733883107,0.026422440928486,0.052552980441378,0.162516879006408,0.232645284045648,0.415099100934699,-0.000649315377414345,0.234471617675287,-0.0241470879113667,0.0464243397631289,0.247434138800569,0.399162100477686,0.157304664781396,0.293102448749135,0.0143101175104198,0.0884476695067131,-0.244724822495651,-0.228614591905606,0.0105639036753757,-0.0341030444363425,0.0963923523300751,0.197086856369518,0.296018276594842,0.385286867234913,-0.233331967098857,-0.217139027503242,-0.278424342383372,-0.176750877022762,-0.0995022776211298,-0.0995585405336133,-0.212389771381831,-0.166050276677826,-0.138069094983393,-0.168619791162168,0.0936508273137685,0.101200815663177,0.159627648905459,0.12711681270995,-0.0961878555575345,0.0403527295379697,-0.253894571528216,-0.204494801364064,0.0820312158266344,0.274237613037142,0.244407992568875,0.351481861021215,-0.0507473390565012,0.0530530551086675,-0.344481971719095,-0.35350237832349,0.00693763952235521,-0.0372384389288706,-0.155539630915813,-0.0205710504051149,0.271075925973464,0.241006752927903,0.0496162642377474,0.306484972502047,-0.162705087959117,-0.114991258747998,0.158778898855747,0.106428977625031,0.178099270456218,0.353318856346758,0.46498268710016,0.314731314197241,0.272494985124332,0.401574717935949,0.232601931663075,0.25964040608897,0.155045771580736,0.245587678173792,0.0200661526451982,-0.177579565140515,-0.0543652839037623,-0.136367914312904,-0.165100907952881,-0.201493390513269,-0.189715276388776,0.0710265643760973,-0.167481413040554,-0.121253672301354,-0.151288910171935,-0.184404242830416,-0.26072425490954,-0.172842163042735,-0.357589817880336,-0.318684592411611,-0.241506074613467,-0.06136244586697,-0.172068039071905,-0.126640104847801,-0.23178083384957,-0.364139163801411,-0.182871508271171,-0.0591212515042892,-0.135828738960038,-0.219358010844673
"Rolandic_Oper_L",0.235988916081442,0.383636718861687,-0.112627872773554,-0.263588116633582,-0.171148629517756,-0.13621016695585,-0.164668319420843,-0.0630682539187849,0.000666472771072176,0.0684182885276651,0.226617594554006,0.216108868675014,0.0793053858170821,0.0424621872719219,0.205252052078335,0.102380014810287,1,0.70842029046194,0.271165391612672,0.101464095928539,-0.189262465452629,-0.0586363288709543,-0.192670761431789,-0.174293634054131,-0.212685177380621,-0.234951462661288,-0.120658079475567,-0.200830944604662,0.521155702804804,0.64786097963814,-0.135838435265081,-0.197020280893187,0.199335016350503,0.105414805201466,-0.298572613253803,-0.380661273347152,0.0981753197756198,0.0485336254197169,0.155029859197811,0.100103060043044,0.387240386772921,0.285173450964473,-0.0369488330737062,-0.0790956552892044,-0.126349621366805,-0.0592762599998455,0.00540602054061709,0.0422704032055406,-0.127626948795063,-0.099875828569326,-0.163180640477069,-0.154632930426312,0.0232014863954397,-0.158262888565014,0.140274119140311,0.0825290488796656,0.599378096441707,0.397960157063057,-0.119007236903848,-0.144521187650825,-0.0359715931395651,-0.155174864428161,0.542927051586518,0.217137565592916,-0.207130168346458,-0.229697142787013,-0.208920576044045,-0.172113650906083,0.20563906062014,0.127220876360922,-0.226599635314843,-0.182028765534833,0.275602170566219,0.503411179328905,0.0263141184563498,0.315808739420229,-0.13491574681995,-0.136962864023233,0.769201568901195,0.619587219826288,0.73920542443473,0.476632439263115,0.309699033063277,0.166957706406052,0.259777779684424,0.0469586620879652,0.168223153260793,0.0902163545001529,-0.00772433665755254,-0.121885420801598,-0.312465949588292,-0.314472082208488,-0.285837197971203,-0.23474798092789,-0.138215802611522,0.031911229720371,-0.00155344787638267,0.262265363851303,0.0138767049585426,-0.0267593866477701,-0.191990412288423,-0.189501797058656,-0.0935151914842436,0.00146183053110982,-0.270623974662547,-0.147966218056878,-0.0735555833452614,-0.0779912918507253,-0.0539044102493948,-0.184038432751623,-0.0991568962235262,-0.104216086188072,-0.34772292162119,0.122581425646075,-0.0982897524412914,-0.0740422635525424
