"","Precentral_L","Precentral_R","Frontal_Sup_L","Frontal_Sup_R","Frontal_Sup_Orb_L","Frontal_Sup_Orb_R","Frontal_Mid_L","Frontal_Mid_R","Frontal_Mid_Orb_L","Frontal_Mid_Orb_R","Frontal_Inf_Oper_L","Frontal_Inf_Oper_R","Frontal_Inf_Tri_L","Frontal_Inf_Tri_R","Frontal_Inf_Orb_L","Frontal_Inf_Orb_R","Rolandic_Oper_L","Rolandic_Oper_R","Supp_Motor_Area_L","Supp_Motor_Area_R","Olfactory_L","Olfactory_R","Frontal_Sup_Medial_L","Frontal_Sup_Medial_R","Frontal_Med_Orb_L","Frontal_Med_Orb_R","Rectus_L","Rectus_R","Insula_L","Insula_R","Cingulum_Ant_L","Cingulum_Ant_R","Cingulum_Mid_L","Cingulum_Mid_R","Cingulum_Post_L","Cingulum_Post_R","Hippocampus_L","Hippocampus_R","ParaHippocampal_L","ParaHippocampal_R","Amygdala_L","Amygdala_R","Calcarine_L","Calcarine_R","Cuneus_L","Cuneus_R","Lingual_L","Lingual_R","Occipital_Sup_L","Occipital_Sup_R","Occipital_Mid_L","Occipital_Mid_R","Occipital_Inf_L","Occipital_Inf_R","Fusiform_L","Fusiform_R","Postcentral_L","Postcentral_R","Parietal_Sup_L","Parietal_Sup_R","Parietal_Inf_L","Parietal_Inf_R","SupraMarginal_L","SupraMarginal_R","Angular_L","Angular_R","Precuneus_L","Precuneus_R","Paracentral_Lobule_L","Paracentral_Lobule_R","Caudate_L","Caudate_R","Putamen_L","Putamen_R","Pallidum_L","Pallidum_R","Thalamus_L","Thalamus_R","Heschl_L","Heschl_R","Temporal_Sup_L","Temporal_Sup_R","Temporal_Pole_Sup_L","Temporal_Pole_Sup_R","Temporal_Mid_L","Temporal_Mid_R","Temporal_Pole_Mid_L","Temporal_Pole_Mid_R","Temporal_Inf_L","Temporal_Inf_R","Cerebelum_Crus1_L","Cerebelum_Crus1_R","Cerebelum_Crus2_L","Cerebelum_Crus2_R","Cerebelum_3_L","Cerebelum_3_R","Cerebelum_4_5_L","Cerebelum_4_5_R","Cerebelum_6_L","Cerebelum_6_R","Cerebelum_7b_L","Cerebelum_7b_R","Cerebelum_8_L","Cerebelum_8_R","Cerebelum_9_L","Cerebelum_9_R","Cerebelum_10_L","Cerebelum_10_R","Vermis_1_2","Vermis_3","Vermis_4_5","Vermis_6","Vermis_7","Vermis_8","Vermis_9","Vermis_10"
"Precentral_L",1,0.502836709480304,0.0945085027260515,-0.111447634132693,-0.213930174561218,-0.116792178938807,0.0471283627191402,-0.0660938799831341,0.0810057444615795,-0.0271954780347426,0.47324021952467,0.209317279561203,0.326194537775714,0.196454088543195,0.11020680450918,0.0861761045510919,0.339574198599354,0.207292380211675,0.457717157130544,0.287325173778295,-0.294727193992215,-0.138719952705569,-0.0534908823380381,-0.14656389041691,-0.374587254869776,-0.405884622137275,-0.290954289132042,-0.271295885761581,0.200332157229098,0.136734293422815,-0.219488651683484,-0.162066735867496,0.0642138047730113,0.041472511829472,-0.355566451302172,-0.367237829866532,-0.0174094876856372,-0.0631886592734646,-0.135394964062353,-0.0655432746970904,0.12809957418486,-0.0432540055547944,-0.267733828441263,-0.187715310866997,-0.383888998240899,-0.299620769526661,-0.124117930368158,-0.116157691896156,-0.251140933598178,-0.185832188270672,-0.129562536471396,-0.13922731033802,0.0409221181766924,0.0777865381012654,-0.104639026177207,-0.0750621755102491,0.632196354975836,0.426172680841106,0.234122971248892,0.155355541753194,0.340990373242112,0.076716923721072,0.397946811884987,0.237940200509738,-0.200135878783727,-0.216203534134335,-0.329839285346102,-0.250068934811473,0.201201465302647,0.16033714860759,-0.0440726807549418,0.0287422408745598,0.191931805691591,0.193081015945184,0.319653132251707,0.153949600373588,0.00753946478157297,-0.0457572683145692,0.121999994133493,0.0982403643772589,0.169481625777127,0.0466432524802545,-0.117039777866085,-0.0929659800832076,0.0459018492383069,-0.173553834507504,-0.0207061680388137,-0.0809392658454231,-0.0159478993415375,-0.0703254383746129,-0.153992375297367,0.00025635448739398,-0.248238515145089,-0.110438732763007,-0.111175193861284,0.0104563265552198,-0.145900707945494,-0.0550986726188188,-0.0153211737677365,-0.064777923534961,0.0612697613609075,0.0189730756038643,0.082888592402616,0.215446342789308,-0.129432140622066,0.0195419686694573,-0.192783487000208,0.0469051996339895,0.0479207478633156,-0.0549760756529822,-0.206793957227293,0.0372904832806003,0.06162388488173,0.28402899506004,0.0922081954007885,0.0915216573601678
"Precentral_R",0.502836709480304,1,0.0296245743820895,0.0679893606086611,-0.131756262410372,-0.253138714386076,-0.0681045156778091,0.00229545926922823,-0.164918588091597,-0.127289196000235,0.152741457698263,0.148210057850271,0.0439247542812441,0.0236546402022059,0.000859412975671033,-0.0310045868522572,0.472412519495976,0.590220333271187,0.444561157714725,0.528728758979639,-0.0808189441642868,-0.0534949502888326,0.0589013906431637,0.103793282666646,-0.191627646069832,-0.197648211619572,-0.0598394484051051,-0.166415807526857,0.147539004502415,0.217392495154066,-0.281053771279392,-0.210763600890109,0.0543072076331208,0.0797354274784169,-0.322984361428936,-0.317656105773016,-0.0630134435414096,-0.00306692625044649,-0.15147733189248,-0.0690902521103559,0.173383403731216,0.0946942219033087,-0.266818961506708,-0.25011642537935,-0.40497346177525,-0.321213149819076,-0.210671579761431,-0.234940760636649,-0.257772296504852,-0.238603442905656,-0.317542811326133,-0.288771444211603,-0.223566615666336,-0.0906420715589048,-0.279363016923873,-0.200593398144078,0.710936136413896,0.597179312754155,-0.0924100510520707,-0.00382007480264968,-0.0282563476334081,-0.0110118567061442,0.289375497277007,0.303806028714583,-0.129632410723978,-0.0426235943289449,-0.316817076466718,-0.29469323735744,0.247102323622386,0.248231136991905,-0.02806264314536,0.136208388015211,0.171382912547217,0.334873395457651,0.205601398166954,0.305664352671839,-0.0434867850825792,0.187093024724352,0.340545746158961,0.396026540459366,0.271655786828773,0.395797797224455,-0.0670615199608286,-0.0294937099087495,-0.00179274088291078,-0.0306721560308525,0.0310022396940497,0.116806562979712,-0.211557922244628,-0.0775301418720121,-0.246765531526962,-0.183046833492631,-0.282654529574469,-0.239902480162397,-0.125028334413899,-0.0495153170728734,-0.204245532291525,-0.178338450202673,0.0204055344934571,-0.163706256203799,-0.08309308500792,-0.22186039819997,-0.00740729039746664,0.0018715765778808,-0.163344059390442,-0.0137252126946761,0.036137195826478,-0.045547320315162,0.0306473223232287,-0.0640117711868438,-0.303455090068063,-0.00213456115286852,-0.053425264591562,0.159006388204429,0.0662362833848563,0.146388941151127
"Frontal_Sup_L",0.0945085027260515,0.0296245743820895,1,0.228187111195253,0.458074132381436,-0.139872957510799,0.573430308379813,-0.214280268801516,0.275899793423264,-0.0962524327792614,0.0128894035538552,-0.293138289099966,0.0607916098151767,-0.139512843934412,0.179660145487136,0.140323277134679,-0.197557274825108,-0.174978239945091,0.334663042024807,0.260510272082592,0.130950632922091,0.0686461014223079,0.688663799210062,0.560202801522036,0.383914172418446,0.188305402482262,0.115776803750415,0.0324561615298269,0.00946991186642608,-0.209590545368995,0.38273631198543,0.372818529781515,0.355709046885437,0.191532408715449,0.281224007899011,0.160583170624469,-0.271467730907585,-0.156634849282305,-0.149328222642304,-0.229070611509436,0.0031727863129255,-0.091015921106933,-0.091847334675562,-0.140577916692784,-0.0849611691783741,-0.195683433372049,-0.181635500031474,-0.202366733488801,-0.2374596848883,-0.323183820359773,-0.132434779715379,-0.167632080739174,-0.154105091835822,-0.055632660347027,-0.183687520651624,-0.1870066614626,-0.082407891655463,-0.257856990024473,-0.203334676240677,-0.48782533005357,-0.195523935136847,-0.339954298052201,-0.164926724259588,-0.10317800361904,0.362354231305837,0.0180990670026119,0.0899833317223179,-0.19409013178998,0.156518694545405,0.0532282845574737,0.0995328963378607,-0.105165721248129,0.16611431470606,-0.0547711157169729,0.0970835718445468,0.00776705150640441,-0.0119714649675197,-0.157109721961064,-0.155035506982631,0.0846349202522515,-0.197602053188396,0.0781583366005658,0.163137806461871,-0.0894404740193471,0.330156834480088,0.2549394178031,0.258718859036866,0.137604022440644,0.0704628656625838,-0.0961600656463449,-0.120468812562012,-0.0991489029458029,-0.129364973345683,0.0101642992461567,-0.212081340975744,-0.25529718976565,-0.310614939621581,-0.33830679179334,-0.322131655730963,-0.324851854340605,-0.34990725421947,-0.14588890996261,-0.241533512638329,-0.189971179895681,-0.262572950631786,-0.0956841314765177,-0.19975358780708,-0.130616973002052,-0.125774324470086,-0.263230454783852,-0.0766689742085466,-0.21186311791646,-0.312723627536144,-0.263878432906489,-0.27291812644505,-0.135897641610142
"Frontal_Sup_R",-0.111447634132693,0.0679893606086611,0.228187111195253,1,0.20665995103716,0.315871832871723,0.386964910252924,0.636223259609751,0.249036125682658,0.274994177035079,-0.0979412032151314,0.03623367007141,-0.0876960955345774,0.12226368959191,-0.315639578551578,0.0701999265013447,-0.234032991661528,-0.157101119222157,0.0741358596722294,0.229746687373131,-0.120139897410549,0.0459189617478585,0.233131187194113,0.465157400046698,0.202606939604581,0.333536929220935,0.273671778872361,0.265442035778873,-0.120336174300796,-0.160295890076351,0.178185127230249,0.352740076245359,0.288970377941111,0.359648375373908,0.0756612016694509,0.0737433303015319,-0.316878658775781,-0.204273556310373,-0.243859547847557,-0.229007199822253,-0.283277177107139,-0.236802193561632,-0.132929791545195,-0.216187049643412,-0.10987032601551,-0.0387847858175028,-0.191069630484098,-0.174539456787446,-0.207552844544455,-0.140898190129877,-0.249503023026689,-0.109399722809553,-0.216756320172001,-0.177755504809157,-0.294947799762402,-0.201771726295662,-0.163506273577451,-0.109008611971512,-0.242882658854372,-0.0339228476740884,0.062820029701697,0.393005727332523,-0.183690120370924,0.000660026110576663,0.225421041659371,0.584340967031377,0.11514524290604,0.105374761390408,0.089454282116337,0.0662377047527308,-0.0983169753832634,0.0180566955394817,0.0177708246936708,-0.134987458542953,0.0458369031095346,0.0242984794473162,-0.281634370488869,-0.106450549755593,-0.166086204520346,-0.0994541269379768,-0.212235566514585,-0.0731004183222564,-0.247116950068545,-0.279003826374329,-0.0737947948167288,0.241754145760135,-0.11693299560529,-0.0474530637866732,-0.139973950904309,0.171614100078701,0.0517608492359479,-0.117006191633525,0.222785193103586,-0.0718189734944489,-0.223571723157855,-0.143646198605144,-0.250645241551076,-0.199602024591703,-0.144737601994349,-0.246939377696424,0.162157054979274,0.0367278465963466,0.0272921579845812,-0.0333737714722933,-0.182625399441735,-0.103147156943519,-0.00712914839006688,-0.0897735936377716,-0.104644253756612,-0.308485088094087,-0.163017516077217,-0.153412918319649,-0.133939922959855,-0.139607068205817,-0.215689066735904,-0.190771019834664
"Frontal_Sup_Orb_L",-0.213930174561218,-0.131756262410372,0.458074132381436,0.20665995103716,1,0.0823810416411153,0.293420213131709,-0.0233857745425184,0.3764772377197,-0.0492073057369007,-0.131463091853324,-0.163156163246929,0.00905825757650627,-0.0715350612466427,0.156251994877057,0.118415476318215,-0.170304670978963,-0.0804313954590069,0.0390364008643307,-0.0357009254357675,0.332262767240071,0.161328494059937,0.391237605726605,0.408313357996048,0.631430125582612,0.536034431717028,0.662008547927615,0.474903408232457,-0.241049364778111,-0.196833377746218,0.313035276252792,0.250605617030216,0.148566103709432,0.0515569989400374,0.37388213913455,0.375712172902851,-0.213347115559623,-0.146087008577621,0.0506960957179955,-0.0283201914987357,-0.146609943511274,-0.138858345485211,0.0758688681137222,-0.0446315590076309,0.108514112036548,-0.0530056539585093,-0.0593127215479535,-0.117736925503868,-0.116762303586463,-0.171764286014506,-0.0244221724335929,-0.0430871594283103,-0.126776747026682,-0.165477530529238,-0.014218746995765,-0.0585212195758784,-0.192831220574541,-0.319429187272492,-0.269600180469055,-0.364114771840723,-0.167898188823758,-0.189149041130828,-0.161746139341554,-0.197774826487674,0.308276363038098,0.183673199264729,0.195263303956619,0.0466571455172272,0.0670207297990333,-0.0706234319412102,-0.0680255176942623,-0.151535019673011,-0.180471848689525,-0.20316439962897,-0.217715629372465,-0.21194011296493,-0.222922233740912,-0.293767595068285,-0.112777804025749,-0.00840659823843491,-0.11069263575575,0.167729734197772,0.105448904752156,-0.00365739384879624,0.253786402910411,0.343680758764919,0.11685547253498,0.246323358920972,0.128464676743543,0.0118243259810502,-0.0895138745759553,-0.0807849835724001,0.00865280738985805,0.157862784886794,-0.141451391211401,0.0750554147007368,-0.0214268661171207,-0.0593208022411589,-0.213200236858463,-0.273644422127872,-0.15843018476531,-0.0497489596078681,-0.115720716852877,-0.300838557332437,0.00696731690300171,-0.128600825486113,-0.141557234112959,-0.0771304321787615,-0.156438731885876,-0.181223509403911,0.0720230686056533,-0.261789935329209,-0.325215069165605,-0.36052564337907,-0.289203429701239,-0.106722702594648
"Frontal_Sup_Orb_R",-0.116792178938807,-0.253138714386076,-0.139872957510799,0.315871832871723,0.0823810416411153,1,0.222976863484853,0.615891319221513,0.46045267773121,0.745244832087816,0.00935372279434495,0.154256625794274,0.163733701521797,0.33407254197131,0.0149386374659776,0.315490192364175,-0.0688886461242105,-0.173914231322148,-0.0356798304940395,-0.0784810082072618,-0.234144772751681,0.01100420365961,-0.0642474112182415,0.0626666891153534,-0.0741363536567603,0.283824011253775,0.172614944257185,0.355743030437101,0.0705761524897131,0.160181702915664,0.0171697643482988,0.227355603795316,-0.0691289421612179,0.0974844222231293,-0.00396280993049053,-0.0221700244926787,-0.160330570222842,-0.0762300230469637,-0.0993442747831937,0.0210954453553975,-0.00267183309724789,0.062325340112721,-0.0732106973981841,-0.0440954611251263,0.0724659471309975,0.0461677659838364,-0.0634039094419596,-0.0468987999178664,-0.110947327883271,0.00783475636162199,-0.191703995844591,-0.120431686273424,-0.0733622864846714,-0.0610151698707467,-0.0635174121601309,-0.0252107246624026,-0.184348081527207,-0.240259133708633,-0.156715034273023,-0.0123360782571802,0.168728234111719,0.457303037051779,-0.0629318067817557,-0.0148571244380667,0.146735748846125,0.354873439620448,-0.0572104866911966,0.00751081757347636,-0.0325096389597567,-0.161681601026166,-0.127317832509698,-0.0204781746660461,0.0162623938038679,0.131118260367645,-0.0145369370361613,0.15898382543214,-0.178844908643771,-0.0381217922359889,-0.0811113019297439,-0.112217984011711,-0.031593566450484,-0.143180893678438,-0.0307109501172303,-0.0408023363167278,-0.0721357515259844,0.0209867549011228,-0.167064849288911,-0.114538929889873,-0.0491568784243612,0.16784890369862,-0.00894100630055175,-0.0936093797105563,0.185127277959129,0.0331486247732709,-0.136912311985486,-0.0921296770648564,-0.0360652394288193,0.132579861261179,-0.0591730515967484,-0.107835222638711,0.173169098226523,0.174373020092705,0.0318422603362644,-0.0702079876455797,-0.0926604595320721,-0.222983513178013,-0.130165524871444,-0.0671185670527669,-0.205704737383471,-0.185446066421612,-0.0790405337007935,-0.0904580772420116,-0.0105181020067395,-0.0389490356065675,-0.0115074324568707,-0.174327108593246
"Frontal_Mid_L",0.0471283627191402,-0.0681045156778091,0.573430308379813,0.386964910252924,0.293420213131709,0.222976863484853,1,0.301826206609984,0.467459105213195,0.219233587161802,0.192849284022051,-0.0277063261413418,0.418208585509746,0.0749684900522284,0.0480498306457351,0.109442255966938,-0.0911827147297598,-0.196689126378157,0.199057125218041,0.0671734415227319,-0.232729092877657,-0.00103891984141926,0.332337157038624,0.24820941371666,0.163884273191184,0.170954970377948,0.0247115199572841,0.117129032392555,0.126082294794786,-0.0022859712401627,0.325297144244726,0.439995659173996,0.355239244501605,0.257118750445526,0.0174483992948679,-0.054654485641862,-0.475791042667039,-0.311261367229573,-0.387741430622627,-0.347914607940474,-0.129986793373816,-0.191467769210812,-0.106680493980913,-0.14187925688638,0.0032306858573899,-0.0817403310605861,-0.187136442234637,-0.149113380507212,-0.152864291213471,-0.23252906086396,-0.220012880972163,-0.207661831252102,-0.240317703553612,-0.219630517006827,-0.232571104109819,-0.157910340923269,-0.095625807842689,-0.152017899986726,-0.121913399320038,-0.250616142589226,0.27570694748011,0.0941984864428167,0.0844509819050539,0.130466397863612,0.26565644949853,0.182203779018168,0.133769035648437,-0.0656932820980926,-0.0338358923770976,-0.119676728595207,0.0283514250010515,-0.00822611250423432,0.154729546350058,0.0576004739756956,0.12551115396293,0.111205385275288,-0.142275891016209,-0.114778305189014,-0.201273443866921,0.00177032514942513,-0.147640695516038,-0.0215034701577704,-0.0505839559008464,-0.185418859375488,0.115867574556898,0.116495710558607,-0.114366560885335,-0.157356102859814,0.0435979833999921,-0.101962374696946,-0.0621339617780584,-0.0659412253349644,0.0368679923498686,0.0581940784728851,-0.224716978096259,-0.230502961797598,-0.352551376572228,-0.211117651126925,-0.299288631342808,-0.251994088037754,-0.080182617362359,0.145640389402665,-0.0986667584634906,-0.0210821099561802,-0.266861226070702,-0.209171695356699,-0.238438083526081,-0.096060487474993,-0.188226001903332,-0.345287659837191,-0.210875620877825,-0.175194153106451,-0.110374352301889,-0.19386584827805,-0.301575400069815,-0.15956579816313
"Frontal_Mid_R",-0.0660938799831341,0.00229545926922823,-0.214280268801516,0.636223259609751,-0.0233857745425184,0.615891319221513,0.301826206609984,1,0.339593023193136,0.613342851047474,0.133927265280528,0.450656344687432,0.244688940644472,0.482561505197202,-0.144194434454748,0.206996962066701,0.00368476778712651,-0.0324432856325968,0.0791783176218602,0.125145341073582,-0.321572426825362,-0.0460757442961674,-0.140574853337112,0.026679119615486,-0.139270984273429,0.136299144451134,0.150593195006517,0.267687113654471,0.0174364269103475,0.194197530712143,0.020582452317185,0.25832905262938,0.027151209003362,0.233735573011266,-0.232368876249834,-0.189262430934518,-0.265021617108085,-0.137486351263276,-0.207838205859326,-0.0855726536587896,-0.188666356859463,-0.102417651808609,-0.190805523568569,-0.168144025559462,-0.103676082182261,-0.0292202495008378,-0.162651406377904,-0.0814521598894538,-0.163632820964786,-0.0441137706483055,-0.256810333598043,-0.0977428242380708,-0.223128070830295,-0.130821952145014,-0.228699458745693,-0.0862127818775159,-0.169201989955803,-0.0763888450614538,-0.243111275816586,0.0922370012913385,0.335453970985711,0.746879656098229,0.125987299493376,0.272294122988533,0.0527586848912101,0.505323741965924,-0.127458270937918,0.00794031393964424,-0.0804319735361666,-0.0798984341504896,-0.147127078907067,0.0874688861193151,0.0279696325560558,0.103825240308037,0.0297281839521106,0.163735101528989,-0.259574779413655,-0.0177414407210466,-0.0807205517879959,-0.0512705204479219,-0.0201321435315661,-0.0752509836007516,-0.2334780262353,-0.211371483813444,-0.153811962370129,0.0256875989641902,-0.407811588972138,-0.288717948023241,-0.110843539127217,0.118847655334105,0.138272075942301,-0.067190047895034,0.304432274917737,-0.0540649788958232,-0.179039533942785,-0.0384993101774928,-0.141849076435004,-0.0462969181057205,-0.0255849739594307,-0.137703577714941,0.363976301968436,0.21915833957925,0.14605958274414,0.051999901547871,-0.0712065806909448,-0.165978165951699,-0.0177659074066701,-0.0941697538934458,-0.137367833673315,-0.244407318503191,-0.24906193013073,-0.109852204337666,0.0276342616740386,-0.0357002436858698,0.00855853373776775,-0.152700379638319
"Frontal_Mid_Orb_L",0.0810057444615795,-0.164918588091597,0.275899793423264,0.249036125682658,0.3764772377197,0.46045267773121,0.467459105213195,0.339593023193136,1,0.485083093543992,0.217815282338887,0.0283370275199699,0.410798202808257,0.163016498982311,0.142966445710632,0.168016902072268,-0.0529626867138802,-0.158526828917276,0.144595507639479,-0.0295553920066232,-0.167545878917465,-0.0902149244072213,0.0775713653918347,0.177062832167673,0.0960973705211009,0.258997840005187,0.131566875891926,0.130883032802801,0.00509737368926609,0.0126585372564816,0.137230213858514,0.266851683134307,0.148697797372364,0.180667511589885,0.047374575266078,0.0112987078982764,-0.366691200538473,-0.304745597060762,-0.274138453026101,-0.276264293474068,-0.146015853518216,-0.227988966030404,-0.0427067030855509,-0.02991504913849,0.0390486516133538,0.00353150105784446,-0.0959336513902422,-0.0788561331186552,-0.134333155797468,-0.0570874995066807,-0.109271441350889,-0.0873265224462264,-0.0926605692735565,-0.117600407317713,-0.108742406034042,-0.0150158067387306,-0.0845107650703295,-0.107004290813817,-0.119089364061499,-0.0895697794117842,0.208641434577978,0.198152245166688,0.0610133239372651,0.0836331372125684,0.18926325988214,0.191338111481949,-0.0543334869891079,-0.075347667228681,-0.0438736326299964,-0.20549802414973,0.0137151329191632,-0.0806391952793775,-0.0335442390825145,0.00900438729654781,0.0270858580295758,0.0127065626860025,-0.244027061111662,-0.263995621689803,-0.215813604554415,-0.121845252747745,-0.119103216104612,-0.0566902318814958,-0.136130809922326,-0.185056166239126,0.0250501816515247,0.0410350489057387,-0.135989675982457,-0.153008883964212,0.0202322632389897,0.0613837650787101,-0.0832859975668277,-0.0501641883702752,-0.0437883735415999,0.0175444755947094,-0.177296038752394,-0.100953135771223,-0.238970040578378,-0.076761109005603,-0.199670692990788,-0.256756868268654,-0.103669463192715,0.0206621937915296,-0.0985745987482206,-0.126925874861969,-0.201424284473251,-0.241335800632315,-0.195455547570556,-0.0746705915355103,-0.189291709019109,-0.219165527622856,-0.160186492807596,-0.176157528214233,-0.114008620231309,-0.185341572737555,-0.220637023336687,-0.0928506116374037
"Frontal_Mid_Orb_R",-0.0271954780347426,-0.127289196000235,-0.0962524327792614,0.274994177035079,-0.0492073057369007,0.745244832087816,0.219233587161802,0.613342851047474,0.485083093543992,1,0.134722410014877,0.227510895634192,0.28740281963259,0.403105187799425,0.134651942412339,0.411813726812613,0.113955683262741,-0.0270799464462912,0.103016428887572,0.0705391254075012,-0.325605851360865,0.00034310840939423,-0.0567185039052237,0.0830430326346763,-0.218448399116102,0.127270254075188,-0.0634039892589717,0.00899212049893787,0.169239324341856,0.256671390784541,-0.0506261263246982,0.221786229453062,-0.0772189314114044,0.189348917640344,-0.13666055884359,-0.189407270788826,-0.14101075349732,-0.0405725246400799,-0.195240101590233,-0.163165731228827,-0.0422736933378588,0.0568076348893421,-0.224695409456012,-0.135791941500141,-0.108961431356486,-0.126863527672689,-0.18505850308839,-0.206469205281535,-0.190763954728516,-0.0741945070567083,-0.240175022696035,-0.147458624532408,-0.195082104391801,-0.0250963771299798,-0.247477743334918,-0.193665414097163,-0.110855079585537,-0.125598554558043,-0.209367156537678,-0.0292653072605937,0.247966937733869,0.477216544074803,0.10641404217697,0.186527553396854,0.0778058136038461,0.167427143395778,-0.190820204515259,-0.175074852968132,-0.0530793676543502,-0.0891182795686953,0.0236173889333582,0.0514654469703282,0.190788962699341,0.236484669518274,0.118222836109702,0.231806515713336,-0.10752037687268,0.0413514823652924,-0.0891223116319037,-0.109331338667929,-0.0186291272408966,-0.102478709193948,-0.069627991003404,-0.0598244943038712,-0.0135910684358563,-0.0203235916796003,-0.239722488400492,-0.162215238798947,-0.0479642774848339,0.150416553141128,-0.0222620761958852,-0.0848593265626325,0.0745211515987074,0.0142223313760002,-0.0702143982755071,-0.139051735107108,-0.208893564000239,-0.0933713297756677,-0.158037429108692,-0.216036071184026,0.0892994355351138,0.149608844763353,-0.0290706456543068,-0.0746924021576788,-0.162588617270818,-0.249072764812434,-0.146110816616696,-0.204324372754506,-0.0793244524129759,-0.177304011105837,-0.303784268815194,-0.162182947747695,-0.0543778148275763,0.0206430338148603,0.0669927231921782,-0.0580329929094189
"Frontal_Inf_Oper_L",0.47324021952467,0.152741457698263,0.0128894035538552,-0.0979412032151314,-0.131463091853324,0.00935372279434495,0.192849284022051,0.133927265280528,0.217815282338887,0.134722410014877,1,0.482428544775698,0.751119260842509,0.560769386766449,0.277902459664247,0.273076350949997,0.479526285573451,0.244574974934756,0.279328876737128,-0.00638872804100455,-0.308009039661247,-0.0524054191339095,-0.0167836323094696,-0.157188159560161,-0.240068600280626,-0.197178499523994,-0.302303060106397,-0.220812131682492,0.446694146830547,0.447208378499054,0.0160301617132888,0.0598162280368587,0.073077924815881,0.105573608396044,-0.261358624794622,-0.321651386273337,-0.0206969972335254,-0.11373539284802,-0.0209869658417585,-0.00366642323145462,0.0541810740599475,-0.00921160119667303,-0.207118066453177,-0.148728383544843,-0.294020377356854,-0.233956355059631,-0.147635942427409,-0.0648810274978289,-0.289325331293548,-0.220865132542052,-0.234806020391238,-0.208568417220098,-0.141452395039358,-0.0868095812905616,-0.0959595699587377,-0.0540679250423136,0.237327232725258,0.186387728390369,-0.0650803341090425,-0.0379124074196578,0.493994870009652,0.239081222976447,0.487082813528049,0.340459801530608,0.0402831402603762,-0.0442769034540317,-0.296282548457131,-0.233305416047471,-0.195442021369897,-0.305900593282717,0.024170269626184,0.0178585376726108,0.278620052716507,0.295471488095362,0.418564960013249,0.320727858949574,0.122847761697231,0.115481370743397,0.294641768769131,0.330396619188228,0.346931080600133,0.188383821417687,0.0353870603377236,0.11343513992953,0.388718618388157,-0.0168699465538094,-0.039454844167085,-0.0243314287599535,0.191097409125055,-0.0280212628382004,-0.202819979793165,-0.165852737628243,-0.210296759093934,-0.105554053592328,-0.130632876498086,-0.0206833698272262,-0.124304938432607,0.0675749981632067,-0.125944200823934,-0.076748316703383,-0.0273916331536235,0.0515359791970927,-0.0475093011460864,0.0732674229135966,-0.146171824113328,-0.126881078818863,-0.0871322243723552,-0.0655058718511003,-0.0462287849196915,-0.0126633102939359,-0.0963453896312706,-0.0579521481924745,-0.0638597794279303,0.176511380615854,0.105242833857137,-0.0725637578368984
"Frontal_Inf_Oper_R",0.209317279561203,0.148210057850271,-0.293138289099966,0.03623367007141,-0.163156163246929,0.154256625794274,-0.0277063261413418,0.450656344687432,0.0283370275199699,0.227510895634192,0.482428544775698,1,0.390342544485352,0.667225951498551,0.0594774818056151,0.387252498554583,0.355226531194314,0.290878780869745,0.257738264389741,0.217822319826555,-0.193512438638069,0.0240025798680007,-0.179747582367819,-0.192073829971911,-0.234599474313042,-0.19280837750721,-0.0736099353021619,0.014104513446818,0.31892222220506,0.518827196155052,-0.0591963466232119,0.0592634702608399,-0.176457289626652,-0.0137658315614122,-0.565691685481031,-0.543767338685304,0.0290868278418904,0.103910273202302,0.0120359904925869,0.159219223764648,-0.0277077128523084,0.13658847741314,-0.218163118624383,-0.156315736872222,-0.295587877398145,-0.169764785372915,-0.0647870319726788,-0.0420786910594722,-0.230869742858125,-0.113725980737271,-0.220478480203405,-0.113409081734005,0.00505974962912105,0.0380159120776319,-0.0391357910741578,0.0885400434343544,0.104681328472956,0.104360989475789,-0.18359929533685,0.0333196047959726,0.304410796125309,0.503540869693178,0.44174866146616,0.578561144078951,-0.296245921868364,-0.0853085294260925,-0.503908036948661,-0.331491969686955,-0.175753609277035,-0.196285354435565,-0.0275380309386244,0.164575008717256,0.12950539574742,0.325502312016799,0.186249192468616,0.262253877931553,0.0399335877132265,0.227548887404304,0.210795157977558,0.237135867183891,0.336174354955654,0.127616963828455,-0.0346007900964274,0.207545312584722,-0.026801691982896,-0.110802568387845,-0.301361379106231,-0.164748741820301,0.08592295852832,0.0971356835219839,0.146112685849913,-0.00805029898268782,0.0898634440235393,-0.120111467957233,-0.0692869628371711,0.0214386688032801,-0.0343616001268507,0.104307847093989,0.11677329741694,0.0528827339753799,0.301463852409289,0.129555766654723,0.193225549071493,0.210524359321319,-0.0746749182397638,-0.0350396766307234,0.0249621203394105,0.0612286293706432,0.0432414211410287,-0.0256359781986721,-0.0954045723049151,0.144451399654925,0.146444798317095,0.19964086092114,0.164121888545368,-0.0659508678328652
"Frontal_Inf_Tri_L",0.326194537775714,0.0439247542812441,0.0607916098151767,-0.0876960955345774,0.00905825757650627,0.163733701521797,0.418208585509746,0.244688940644472,0.410798202808257,0.28740281963259,0.751119260842509,0.390342544485352,1,0.538147560992592,0.453794112333435,0.311811196152534,0.349198179638277,0.0712547219260842,0.203768856817886,-0.0807454830119887,-0.339416735490538,-0.0865423439484149,0.00527845521640337,-0.0959897018446942,-0.191137376638353,-0.167923888846602,-0.242217263810129,-0.128305888118062,0.331966409280579,0.359164164771994,-0.00121559201722007,0.0610766258334393,0.0519686304039216,0.058429000290156,-0.26375346751583,-0.321615295007288,-0.141109721386789,-0.113941780235571,-0.174499567463439,-0.0962739893728855,-0.0272619521073312,-0.0963302065365273,-0.178139138162704,-0.0870586862276203,-0.175501054056855,-0.155612678373362,-0.100217698944616,-0.0380700335280306,-0.199147961570446,-0.102410792866666,-0.18244246000236,-0.0951677454499349,-0.12617136923801,-0.0628067435267622,-0.0604576348111258,0.0171510180693381,0.152012344318092,0.0891982328786643,-0.0527560471008641,-0.0386097818285858,0.591014185808193,0.271402673471034,0.461400664762273,0.302432819432513,0.0923263158996274,0.0211371550774486,-0.25908616824754,-0.227282994277535,-0.110434676898528,-0.238173393708069,0.0287119740376325,-0.00246734493541336,0.181877788757856,0.198997036081513,0.314304218472119,0.240662696946187,-0.00276651333923649,0.0176053961591236,0.0926887359131554,0.176126065675408,0.204852670669408,0.131963930194643,0.106323485305028,-0.0352626521371671,0.312923732000842,0.0645561037055939,-0.176696220016095,-0.224559231131275,0.279325073700132,0.00689743210820131,-0.153433755510088,-0.0842544305732926,-0.0908771581958102,-0.034268803296244,-0.15442725581206,0.00290464467388418,-0.153289203411457,0.0819533060194166,-0.200154804963399,-0.0858097522893044,0.00625249865002324,0.117401034696071,-0.0269695453007764,0.0368743104419346,-0.194030042145255,-0.257427918518245,-0.1236243183859,-0.0816854822637539,-0.157009079814564,-0.178355972786201,-0.214900198088486,-0.149172998172961,-0.0618591143376216,0.0290125036114553,-0.0181642870904102,-0.1446637080821
"Frontal_Inf_Tri_R",0.196454088543195,0.0236546402022059,-0.139512843934412,0.12226368959191,-0.0715350612466427,0.33407254197131,0.0749684900522284,0.482561505197202,0.163016498982311,0.403105187799425,0.560769386766449,0.667225951498551,0.538147560992592,1,0.120522614384065,0.511852451048349,0.195176869725507,0.0879047980240762,0.166604737779847,0.0671707571854593,-0.249433199811618,-0.0086422461706031,-0.0315964494530462,-0.0135110908057159,-0.130902140711052,-0.090038896920814,-0.132129092410388,-0.107782240118813,0.162889968513618,0.314339520034273,-0.063265263687481,0.0404928386667939,-0.0467123476511678,0.0523580803977185,-0.241476295363021,-0.278579311325111,-0.0375330077913494,0.0420922705907254,-0.0689003816916018,0.0820616518916852,0.0227557403537202,0.074455926958925,-0.118604566942826,-0.0553129756289015,-0.193975744346444,-0.126192997598746,-0.088137801769224,-0.0192492964324861,-0.200051374322913,-0.0638585874695834,-0.11367823488584,-0.0509827687705886,-0.0322608130925994,-0.0369225701895518,-0.0457880369685982,0.042085476848223,-0.0326149130628225,-0.171633949609879,-0.203859644887576,-0.134292253890073,0.264502268264739,0.422666438765665,0.255327440726618,0.276527399645678,-0.0663855379862039,0.200160341836155,-0.30990843780207,-0.179272469349584,-0.180734039122259,-0.280217211348944,-0.0866790862251983,0.0813201568487218,0.183235833436091,0.154267455710145,0.23230681239246,0.287281734190086,-0.0289027452721049,0.185909134853547,0.158183028377048,0.145439518635677,0.16749293849237,0.126527998855946,-0.0708237456330102,0.0588629413956757,0.132609454108677,0.149906068514669,-0.225366360488367,-0.120120906068545,0.115477200749283,0.178423532755508,0.102005713523034,-0.0793370525629865,0.214289250195907,-0.0849799094176705,-0.228786556710102,-0.0342771417434493,-0.0466080079230008,0.10254305190259,-0.0413996260023054,-0.0448479125787024,0.242824465957108,0.0638987669615967,0.0492421069767115,0.0381044616479598,-0.102814238164292,-0.153562026505546,-0.0803127238367802,-0.0615752353640616,-0.0550501306373977,-0.115719644079275,-0.050254524885407,-0.00816552186734281,0.0688045582006719,0.164710269709358,0.106773474088276,-0.180049766106347
"Frontal_Inf_Orb_L",0.11020680450918,0.000859412975671033,0.179660145487136,-0.315639578551578,0.156251994877057,0.0149386374659776,0.0480498306457351,-0.144194434454748,0.142966445710632,0.134651942412339,0.277902459664247,0.0594774818056151,0.453794112333435,0.120522614384065,1,0.399129698202509,0.249523013476845,0.0718457594884323,0.139733562196681,0.103949821888105,-0.0219233618019178,0.14002974347959,0.236820762027509,0.051405328904527,-0.0211214000070088,-0.0334794495839932,-0.159384817787347,-0.0508182805903577,0.354468149589562,0.290789115324735,0.161728191809921,0.184369602776889,0.072894778195831,-0.0508143783633494,-0.0726087152467105,-0.121103545700076,0.0355452042380568,-0.0475233133061847,0.091017335289437,0.0375017264840119,0.110905443030078,0.0927985744364568,-0.12981780958856,-0.0950788265423883,-0.192042874300005,-0.250076158094621,-0.106018276942057,-0.146551305227386,-0.266754672220073,-0.236200866016173,-0.246782461240031,-0.255788328815158,-0.257001921572269,-0.0771123846326931,-0.177331856548446,-0.155796401597321,0.0399862618866711,-0.0318452982083491,-0.112241385139362,-0.118015777242291,0.144030126254523,-0.0928513112472548,0.283453385763943,0.135935243277531,0.112234702862613,-0.211162504952443,-0.261265793074138,-0.258251334847338,0.116362896645261,-0.0350148616367811,0.0663435080910036,-0.00610759297825582,0.214464003567932,0.181676766689827,0.168152439224537,0.182863555293079,0.166015602915474,0.132290578162313,0.131332185849367,0.201766853221375,0.197782152645249,0.133714550904974,0.628808463329908,0.109093940779078,0.372483558807393,0.0116549952855816,0.162092651653117,0.0216782169257893,0.248635371761771,-0.0827996494498967,-0.282631468420881,-0.242053479609217,-0.274774069632896,-0.12477582495495,-0.00498436200870006,0.116798580495933,-0.020638312073995,0.025585221902355,-0.274097512265391,-0.195008222134916,-0.205672618419391,-0.0720447777036189,0.0282526179771003,-0.0753139214106779,-0.048486711186096,-0.0844055811449912,0.0319509916157317,-0.00245561162271007,-0.0299328601882477,-0.0901235132848002,-0.215499293842158,-0.212542901662344,-0.241713460502388,-0.1087675140747,-0.034747320186499,-0.0960426491677211
"Frontal_Inf_Orb_R",0.0861761045510919,-0.0310045868522572,0.140323277134679,0.0701999265013447,0.118415476318215,0.315490192364175,0.109442255966938,0.206996962066701,0.168016902072268,0.411813726812613,0.273076350949997,0.387252498554583,0.311811196152534,0.511852451048349,0.399129698202509,1,0.17179881166941,0.113457791894717,0.142313024844852,0.169043270914098,-0.0756473547345541,0.0601787949874469,0.314489835421891,0.34264724478548,0.0766554543334679,0.128849471963166,0.0211464292278849,-0.0210725362191326,0.317238675950271,0.414459740021064,0.245952869018609,0.341711273096073,0.00596598124824706,0.0911805613129197,-0.16617125462697,-0.200851672743417,-0.0734298088952947,-0.042584536292519,0.0544109698427788,0.0600521204933301,0.220954964160473,0.170977587415097,-0.22093295996745,-0.144823225913132,-0.177198119594592,-0.203868859495489,-0.0985126257017934,-0.130916384601492,-0.243082562652345,-0.268040274055503,-0.231455933893254,-0.2549883931597,-0.108043284651367,0.00259611610797171,-0.0654071427979738,-0.0441787865174924,-0.0307696450570292,-0.233763553526672,-0.272690757732899,-0.24268867860463,0.0494024460599783,0.163522882653963,0.285111664581001,0.268450189278042,-0.0978749278472488,-0.151665999932715,-0.385271632474097,-0.4017557674462,-0.166934384227539,-0.26717115903513,-0.0364382946743498,0.00111079867660647,0.206976946882624,0.212460704292663,0.220397571501371,0.196290707118845,-0.0273148474552041,0.0912975528409477,0.078601936575,0.159324130925565,0.166858179922336,0.119590754525663,0.372205479072531,0.406925756914464,0.213926714450674,0.218878793156443,0.0384082808009511,0.195035875880276,0.0718833146776878,0.0771115991918202,0.0198811016262592,-0.172030517789269,0.0326468071261959,-0.137504687511503,-0.286093974073237,-0.19856380151174,-0.132418510835557,0.0168376637030849,-0.0413326773575218,-0.0866153928137288,0.0092111097465121,-0.0253509873533697,-0.0172478582925967,-0.132441331245716,-0.343441667544449,-0.311106542118667,-0.142067505066073,-0.1231004504308,-0.192047184682763,-0.218867006521108,-0.153212987399126,-0.0419211644322933,-0.108011129577026,-0.0612227006050147,-0.0188363151203378,-0.34409680194316
"Rolandic_Oper_L",0.339574198599354,0.472412519495976,-0.197557274825108,-0.234032991661528,-0.170304670978963,-0.0688886461242105,-0.0911827147297598,0.00368476778712651,-0.0529626867138802,0.113955683262741,0.479526285573451,0.355226531194314,0.349198179638277,0.195176869725507,0.249523013476845,0.17179881166941,1,0.743136338835818,0.32601940790613,0.250143838687388,-0.18529141095791,0.0527412474418196,-0.144472782010316,-0.185895963075697,-0.212294040781673,-0.107251882280703,-0.135615783925042,-0.0982180571833564,0.658137049854496,0.70687551600736,-0.0338631815570928,-0.0457713852879721,0.0288699339014435,0.125824390892362,-0.378326892342687,-0.341612125912728,0.200739025417283,0.100026256431657,0.0323400167176015,0.00697970751802833,0.324231409150831,0.203305826832688,-0.314619212900036,-0.3774061487621,-0.436512563791678,-0.43059368458544,-0.230694549602388,-0.289130812272884,-0.364236869023763,-0.39592723028119,-0.426271783206706,-0.407091740821558,-0.2447069511293,-0.0027174331226076,-0.244261472796675,-0.292673277465258,0.563655702608653,0.397389401081912,-0.238363713037085,-0.130553322414264,0.195917391475019,0.104117916990025,0.703342401796299,0.488574718463222,-0.172710684673825,-0.257734503074479,-0.517780548345855,-0.46802354681183,-0.149425967991804,-0.115661677425764,0.0533854263721235,0.1002495819598,0.3390734692672,0.558846714599174,0.231955373973461,0.367065115962332,0.143756265735892,0.188291539773785,0.628488360261854,0.543068367030973,0.790834952309973,0.554150324071736,0.289115990611709,0.367855822704086,0.294677552080141,-0.0719391518694676,-0.0435965353541619,0.00695982978004073,-0.0530228497630613,-0.193706538118991,-0.308210695810563,-0.243186524210577,-0.367066182494126,-0.230807413350888,0.0653606164061549,0.0737640988192358,-0.0805175535289436,-0.00157219913181918,-0.0466075250179196,-0.179877027535337,-0.160525378694231,-0.0953347558391841,-0.0444225708174617,-0.0153907657448545,-0.139383657924108,-0.198255969743908,-0.0455372885274608,-0.201256873822049,0.0481460076778872,0.0954489147077691,-0.30300467593216,-0.0100953750424442,-0.124287241293046,0.148195042993147,0.100771422797466,0.120181200075347
