"","Precentral_L","Precentral_R","Frontal_Sup_L","Frontal_Sup_R","Frontal_Sup_Orb_L","Frontal_Sup_Orb_R","Frontal_Mid_L","Frontal_Mid_R","Frontal_Mid_Orb_L","Frontal_Mid_Orb_R","Frontal_Inf_Oper_L","Frontal_Inf_Oper_R","Frontal_Inf_Tri_L","Frontal_Inf_Tri_R","Frontal_Inf_Orb_L","Frontal_Inf_Orb_R","Rolandic_Oper_L","Rolandic_Oper_R","Supp_Motor_Area_L","Supp_Motor_Area_R","Olfactory_L","Olfactory_R","Frontal_Sup_Medial_L","Frontal_Sup_Medial_R","Frontal_Med_Orb_L","Frontal_Med_Orb_R","Rectus_L","Rectus_R","Insula_L","Insula_R","Cingulum_Ant_L","Cingulum_Ant_R","Cingulum_Mid_L","Cingulum_Mid_R","Cingulum_Post_L","Cingulum_Post_R","Hippocampus_L","Hippocampus_R","ParaHippocampal_L","ParaHippocampal_R","Amygdala_L","Amygdala_R","Calcarine_L","Calcarine_R","Cuneus_L","Cuneus_R","Lingual_L","Lingual_R","Occipital_Sup_L","Occipital_Sup_R","Occipital_Mid_L","Occipital_Mid_R","Occipital_Inf_L","Occipital_Inf_R","Fusiform_L","Fusiform_R","Postcentral_L","Postcentral_R","Parietal_Sup_L","Parietal_Sup_R","Parietal_Inf_L","Parietal_Inf_R","SupraMarginal_L","SupraMarginal_R","Angular_L","Angular_R","Precuneus_L","Precuneus_R","Paracentral_Lobule_L","Paracentral_Lobule_R","Caudate_L","Caudate_R","Putamen_L","Putamen_R","Pallidum_L","Pallidum_R","Thalamus_L","Thalamus_R","Heschl_L","Heschl_R","Temporal_Sup_L","Temporal_Sup_R","Temporal_Pole_Sup_L","Temporal_Pole_Sup_R","Temporal_Mid_L","Temporal_Mid_R","Temporal_Pole_Mid_L","Temporal_Pole_Mid_R","Temporal_Inf_L","Temporal_Inf_R","Cerebelum_Crus1_L","Cerebelum_Crus1_R","Cerebelum_Crus2_L","Cerebelum_Crus2_R","Cerebelum_3_L","Cerebelum_3_R","Cerebelum_4_5_L","Cerebelum_4_5_R","Cerebelum_6_L","Cerebelum_6_R","Cerebelum_7b_L","Cerebelum_7b_R","Cerebelum_8_L","Cerebelum_8_R","Cerebelum_9_L","Cerebelum_9_R","Cerebelum_10_L","Cerebelum_10_R","Vermis_1_2","Vermis_3","Vermis_4_5","Vermis_6","Vermis_7","Vermis_8","Vermis_9","Vermis_10"
"Precentral_L",1,0.53186277809244,0.217620224174138,-0.111016010630312,-0.0767597090934311,-0.0558525047798069,0.265974104144,-0.0416156754138067,0.0881583373041537,-0.0966123058913384,0.429818865448233,0.445771681203049,0.219946042210819,0.0224116735672087,0.0491047282239288,-0.0915152508485857,0.425162690808985,0.376328942167375,0.485294083348494,0.44394896374954,-0.0222758636729734,0.039922318366586,-0.262577374534957,-0.362309456595034,-0.304309997746308,-0.294357612852503,-0.0197578930080523,0.130533795736334,0.153869742500834,0.198449608915503,-0.268132941357533,-0.220923345062418,0.0950321168547364,0.0324200226274344,-0.176332177445632,-0.211507348933002,-0.347459236910672,-0.358559001459825,-0.294585204415117,-0.197043612153714,-0.033512710335884,-0.140772978605645,-0.300250737661878,-0.116491698625268,-0.0683460343453518,-0.043587818622775,-0.0717043125413432,-0.0538756732411471,-0.0213732655636253,-0.0527298677638656,0.0708433742300487,-0.0580818596101617,0.0775433113536993,0.105331760317252,-0.14322905780523,-0.0653893423908961,0.675546805528359,0.472369705705055,0.316028896426523,0.0639954862338458,0.460820119377448,0.0136960865728621,0.489074911379301,0.276041231222674,0.135872234921812,-0.177698535406156,0.0244571382417422,-0.0581083359572841,0.382907559971208,0.265481616170148,-0.0634134991162084,-0.20042818149108,0.102967344778274,0.107749501338724,-0.0798001628926405,-0.00363919349120814,-0.222190316771419,-0.170919438109631,0.142089812633543,0.0771413792005003,0.297667227664089,0.311584913621598,0.0263371174234394,0.167282749095779,0.142598873776802,0.0242107907798692,0.104138804562836,0.0560306458072067,0.0766785339168827,0.0279881354846984,-0.174228958131746,-0.19549981852739,-0.40086516781829,-0.167432731075439,-0.168502735388687,-0.274921865236598,-0.335441816597205,-0.0229791626990088,-0.0775048892377315,0.00190986015938385,-0.115647186254438,-0.0708892761560769,-0.0462550922828149,0.0326578121686427,-0.30987322698503,-0.235821435376759,-0.251918790122876,-0.0171321392429919,-0.0464748319853574,-0.107245557102531,-0.31201622181217,-0.0942822190439346,-0.176174883062567,-0.072778093459395,-0.086432909866807,-0.217923176041825
"Precentral_R",0.53186277809244,1,0.216651926545285,0.0140021137250569,0.00380237061176407,-0.225627654664802,-0.0511000995532906,-0.112673309480448,-8.53081089601443e-05,-0.128626287875627,0.182320906262158,0.267710695190213,-0.0405908204478894,-0.267845898624603,0.0659722378112312,-0.0884472143219218,0.410008554816699,0.541447610136847,0.407478591386529,0.510459901978936,-0.0175009673873349,-0.124247349553265,-0.122331094086188,-0.237983996414427,-0.126823321115101,-0.264683637103772,0.0610815692368535,0.0070173835819898,0.125621188402318,0.224155955400217,-0.253144819127852,-0.254080638012116,-0.00501383841457699,0.025808356676288,-0.173081494876585,-0.311440767609547,-0.342605850535386,-0.286861610005792,-0.138449421814083,-0.01425910763288,0.00272542712644205,0.00272556907081794,-0.230860024329406,-0.0651735902100937,-0.155423582221413,-0.0482993257877559,-0.0226058231482883,0.0822068231696188,-0.116161038215856,0.0290086399335083,-0.0583388318272178,0.0649308463368488,-0.0117594840299637,0.0748804575826661,0.00234244118356997,0.110353048668423,0.709121637531319,0.723341744879094,0.094323786028458,0.169497916352005,0.153725031336058,0.0344923934309992,0.286247247710259,0.195010089144144,-0.00709722690600595,-0.194856069355236,-0.0942914951940791,-0.0656536199384925,0.526645917318793,0.564515462853774,-0.181804178984295,-0.29289480276415,0.0124208751408469,0.139108230645471,-0.137208552163791,0.00620436793160495,-0.376550300458093,-0.210589015448896,0.255813074377618,0.2601576438424,0.327809301738255,0.344814361644118,0.132579042798884,0.179563113512076,0.19044856120973,-0.0290458110911404,0.289561350667887,0.129663411491811,-0.0294873769978773,0.194218954246087,-0.298102573269289,-0.301284257355128,-0.447662174369029,-0.281295515707671,-0.0594848669153007,-0.0262882911142358,-0.0740328875713925,0.159771388745799,0.00548938253004869,-0.00669569720599019,-0.192568652499046,-0.225832697473103,-0.0262629874543078,-0.0911913100675816,-0.309182247608061,-0.256479609204875,-0.12400049008628,-0.183299749249521,-0.0213019244685412,-0.074792009213393,-0.100232683933812,-0.106704668464291,-0.268301213534036,0.0173779336692073,-0.154712532929455,-0.130518116158929
"Frontal_Sup_L",0.217620224174138,0.216651926545285,1,0.272070348786823,0.442893214389854,0.0837002443175728,0.459462440938207,-0.195726785147189,0.32747051039543,0.0685807570757208,0.0679526979505628,-0.235983598373402,0.133050079285294,-0.316129749026376,0.323726875962713,-0.00640120164291407,0.0408343055989279,0.00446667180563043,0.149480365670605,0.137527931279855,0.022212306025876,-0.040397151586343,0.546474949527702,0.3384648631171,0.266227686778362,0.211704573031077,0.190343966563128,0.127880937542887,0.0349378266400157,-0.166686245495156,0.246727208083159,0.296834061820662,0.173426370544302,0.0152237641411908,0.199330074295497,-0.0344255116501247,-0.192748851596786,-0.291542944161456,-0.27556140580909,-0.187593292702944,-0.0495983759432837,-0.187695201458182,-0.150916694132082,-0.181150542327658,-0.222407186841319,-0.252840627930475,-0.159724157984588,-0.211824146679644,-0.232672053189149,-0.225272515669777,-0.0922293852721753,-0.141603229290204,-0.0398114357014198,0.0956278581253006,-0.154262071733645,-0.159016443438381,0.253641592466895,0.0484984937888076,-0.122530859223648,-0.351944818878582,0.058088228028061,-0.309747164276875,0.0210955660586279,-0.252557939511113,0.489375591124302,-0.0523705223498803,-0.0795474789716112,-0.259724226752066,0.0280566584389957,-0.0418457839497217,0.151332739374554,-0.090926952434174,0.135769469118843,-0.0799726805587908,0.0248327533347991,-0.108856548247559,-0.125549527203545,-0.292501142573453,0.0128169406955341,-0.122723314244807,-0.0931746392382271,-0.0456169489933445,0.0712006217909131,-0.217904143457227,0.349642256084815,0.101168298811858,0.178812743513198,0.180405349970723,0.063734374573151,-0.0275290182320837,-0.0420126896248447,0.218304113229826,-0.0317330908976382,0.382916388261028,-0.171028214085631,-0.15662947931238,-0.0221765318903723,-0.152322236979009,-0.110267469292993,0.0459675173366754,-0.126414146950649,0.214143447525094,0.0303974137126483,0.166375700315846,-0.116463322682999,0.0210445400052158,-0.154333037836145,0.0784745054259708,-0.0361930878747164,-0.0162615059299171,-0.0259988460337425,-0.0344086068128161,-0.0023402995047668,0.235211773894648,0.146720170484883,0.0351704634881619
"Frontal_Sup_R",-0.111016010630312,0.0140021137250569,0.272070348786823,1,0.189389787819685,0.394723099109222,0.302879304007152,0.60346650608801,0.0784682701112202,0.34457819496213,-0.171652469287696,-0.0437197749524554,0.0381285618932891,0.102029069406058,0.0951142441361191,0.213294002809985,-0.104687241084027,-0.176247131513044,-0.0872860288655782,0.0477232329847288,0.217594806119916,0.252919737611169,0.443525037948078,0.636457315215083,0.375059031165748,0.510111762662279,0.152927464420571,0.273496586449748,0.0595755233440039,-0.0473904852927685,0.428725995862938,0.555033208072713,0.191092352648067,0.285175600505764,0.139450222939285,0.181746693625857,-0.155852258500449,-0.155788253813599,-0.0248834585633316,-0.00930667239807764,0.109035851053888,-0.00573521606251043,-0.19011286601174,-0.367713928611554,-0.371246452205704,-0.388547930646634,-0.230240304968796,-0.285098821077685,-0.409421403422619,-0.341359981890914,-0.335475594492239,-0.233999661517449,-0.300740702416775,-0.206071788344144,-0.0811467784168653,-0.211601570851512,-0.106658919638639,-0.0533514745320724,-0.414445670198067,-0.181510249424655,-0.130787367357932,0.237212853284658,-0.21486483260431,-0.0661313877411723,0.150723367230903,0.36737390490923,-0.150748139412505,-0.0399104585410034,-0.1315319051529,-0.19446056854329,0.174749808435449,0.203343105656805,0.201658793355934,0.114854099163191,0.04233502280516,0.0934681892335544,0.0500706005630238,0.0915058933421538,0.106128979286748,-0.0713559635524513,-0.098980532633364,-0.115978961750694,-0.131060568480786,-0.094340501273986,-0.0321579503355549,0.179156334200784,-0.0222071981602451,0.0496272540856145,-0.133351276826781,0.122363636447162,-0.0336209440054368,-0.158362424317596,0.258193514502561,-0.0342081985437646,-0.209801503923117,-0.0985637612090017,0.0522938502753309,-0.134270446385811,-0.0996698214274199,-0.232620894574691,-0.00804368730006298,-0.148471066915934,-0.12905151769869,-0.217440801100616,-0.133051764105642,-0.172046517966651,-0.0684906171073068,-0.0829461987096177,-0.0905615846098829,-0.0705345561784365,0.0716615168915749,0.0465923132008504,-0.0633799572316058,-0.0515033260531675,0.0663172618344059,-0.0609341314876206
"Frontal_Sup_Orb_L",-0.0767597090934311,0.00380237061176407,0.442893214389854,0.189389787819685,1,0.29150309150271,0.0724486076962427,-0.118611037803791,0.426949440882659,0.227830957625943,-0.0834528660870435,-0.332436790528454,0.0883669126332554,-0.0568066720188091,0.249813460862077,0.23307926746856,-0.0662848580182893,-0.122387696941369,-0.295296819301928,-0.252169329778606,0.474412219418041,0.160764899139452,0.481259403103891,0.415817972006931,0.666094703641145,0.561565719500747,0.758627785199815,0.440821611026289,-0.219351913047189,-0.197682863965486,0.344518488094344,0.301106093394176,0.0108109515912804,-0.0712652633461707,0.397580542211096,0.273408625611168,0.13960523162128,0.0270785661679029,0.197935376247373,0.202266485218305,0.16611932316838,0.0735012576965274,-0.108758194789085,-0.281759669631735,-0.100048813127264,-0.210120423320604,-0.222335727695309,-0.221743475650924,-0.271365071889583,-0.185625332440487,-0.0528296844580553,-0.0649222834725764,-0.080779584016565,-0.0354598227019297,0.0412138154496861,-0.143921163604608,0.0351919568846063,-0.0179390290713275,-0.187379254014949,-0.238015454290153,-0.1777318493518,-0.23418332544759,-0.146166824988942,-0.283490290882137,0.334773706056822,0.268632023272169,0.085545899329855,-0.011008766017681,-0.188691687417264,-0.190608113251079,0.178547330419619,-0.0621119887232955,-0.00277338817359418,-0.138774679776515,0.0156359607161372,-0.110267211340788,-0.0951827304247304,-0.205571200545679,-0.194387384196848,-0.0895084761441668,-0.190542140670141,-0.0583605928764599,0.0552718102241772,0.051289411341099,0.269774807614359,0.287861557638003,0.375868941354335,0.424611485348583,0.224499568266534,0.0669751897836332,-0.0202787392273526,0.0436940658716334,0.160006841652924,0.353565663521195,-0.100297646062765,0.0411768504252729,-0.0158286187638607,-0.0842998955304915,-0.222626420030226,-0.200694602534138,-0.141761843162462,0.145123874692944,-0.13653204606948,-0.0835760791770886,-0.0284754050858981,0.00992443143455457,-0.135616888584089,-0.165565597190976,0.158534410755667,-0.0579353460462761,0.193993963548985,-0.117266043773537,-0.0123238772833391,0.115373628120909,0.0418859967437094,0.0203358003377708
"Frontal_Sup_Orb_R",-0.0558525047798069,-0.225627654664802,0.0837002443175728,0.394723099109222,0.29150309150271,1,0.0906719727881198,0.520969207803596,0.341446330238638,0.765644581567759,0.0317940336828068,0.209878262773669,0.247841473860409,0.264092950223475,0.222355614113216,0.379912699499954,-0.024605102487309,-0.104997927848284,-0.126621775843962,-0.1244787608454,0.209205121725457,0.359455261604936,0.272088064859699,0.387579706639329,0.250276382024071,0.56132329020901,0.262584727709121,0.610921334471517,0.0855185409337348,0.118841697106106,0.220422124201718,0.360778755074087,-0.0879359753590403,0.20964558557882,0.199128372225657,0.22132952600361,0.0115236142390679,0.0263448050054984,0.144232740622299,0.140583421921922,0.241519661726137,0.121632475075528,-0.216113745117995,-0.337353867218902,-0.246571349414753,-0.246939200983676,-0.363690287247595,-0.293614275000783,-0.343524567526189,-0.144059671491224,-0.245649005110478,-0.141762739854353,-0.150585987536272,-0.0376268695104279,-0.110309177782513,-0.152018966013797,-0.151136548001741,-0.167459107976991,-0.34116778110427,-0.118502872447149,-0.0895481344132621,0.274275675640627,-0.190332653203434,-0.0248826314876358,0.104092308959172,0.312746820696834,-0.16634719845835,-0.0552204029834432,-0.0872911321847603,-0.0580457568034365,0.159569020034203,0.239427460723232,0.127177459487215,0.163979487263799,0.0134363511540099,0.0788775703436951,-0.019471510320464,-0.000794138734730484,0.0176441727234801,-0.0176166498860336,-0.105937811705232,-0.102218322271232,-0.156579054051952,0.0708579090782407,-0.1101490297941,0.0899211847746014,0.0106199847725579,0.0876861158023122,0.14243003717254,0.0904320598847629,-0.113958003733271,-0.0264531532470394,0.18953001322102,0.02811108090274,-0.189394348581742,-0.208406623675743,-0.141557412767349,-0.15382507302177,-0.308614868533353,-0.272729727002769,0.0185560623237517,-0.118997564578696,-0.299077731883511,-0.319825646763715,-0.200274452120525,-0.267883971239731,-0.103723280402906,-0.140148227670505,0.0223077361509513,-0.15571468137541,0.0382802018853928,-0.224442032336881,0.00197425970578326,-0.0471067602012196,0.0123193458502596,-0.130599248765736
"Frontal_Mid_L",0.265974104144,-0.0511000995532906,0.459462440938207,0.302879304007152,0.0724486076962427,0.0906719727881198,1,0.239819289034449,0.346445930530697,0.0468285290412248,0.20745745490962,0.0619445140880736,0.405951361647006,0.0301955434687814,0.0762616185899962,-0.074518559515928,-0.0752225881336764,-0.130081100162791,0.095494667689209,-0.0366175385710225,-0.128864962579446,0.0396947069707736,0.101482453510046,0.0501055167729375,-0.0173783328255383,0.028021296612763,-0.116750654274078,0.0345148171919065,0.0625349647853313,-0.156625630766863,0.212548903056372,0.218937059995618,0.316385286465796,0.197331958169425,0.00874391862445647,0.0551584307209954,-0.240443298623019,-0.350341187102805,-0.398839402672747,-0.353851976318912,-0.122603727466055,-0.280434848361231,-0.197264628696113,-0.12807101984133,-0.0708840587884698,-0.175004063605477,-0.216665631021996,-0.300964991902315,-0.113136300631923,-0.216793866636493,-0.0306116419974463,-0.233487909265152,-0.219746908912528,-0.120289951406973,-0.373819753084598,-0.414174935596787,0.0183547824463317,-0.169836939881472,0.0449637628044375,-0.299541853376004,0.417457795676891,0.113738366904154,0.141674010308428,0.0332666549752762,0.382285476692002,0.175859969958111,0.181970922656639,-0.0398778291180701,-0.155520406602148,-0.226130525675207,0.215836057449289,0.0157671336896228,0.173589450810426,-0.0608248695661734,-0.00387715062853457,-0.0493886321882399,0.087963652796724,-0.12423366020717,-0.0473787718931019,-0.110343053315293,-0.069678362829309,-0.0149634638496175,-0.0795346368869091,-0.1262669054778,0.102051185083126,0.173220370980443,-0.259009376465448,-0.156924310133329,0.0723218135774701,-0.00145679237624766,0.00432013545752669,0.119819030729302,0.0798822680654675,0.229381303372537,-0.139575263613095,-0.323764737231507,-0.275534782817048,-0.368473962721366,-0.185632494313676,-0.125356628620919,0.0684714238011534,0.262077344328869,-0.0237854389011048,0.0362283734865107,-0.224383030809243,-0.200330363153036,-0.271982713676869,0.141203027004195,-0.0778074269122215,-0.0592066752941659,-0.233529075581078,-0.0185074135935153,0.0408996239100324,-0.0817787223650729,0.0147591106131543,-0.252538794677961
"Frontal_Mid_R",-0.0416156754138067,-0.112673309480448,-0.195726785147189,0.60346650608801,-0.118611037803791,0.520969207803596,0.239819289034449,1,0.0567804156104596,0.511530885951017,0.124672516289259,0.388760281610135,0.326357606147674,0.523027057989634,0.108521687038066,0.323996626603786,-0.0651054906641408,-0.175022490439082,-0.00140886855124249,0.035829625967063,0.183983718429072,0.388946504124216,0.0536223871563014,0.260376798945004,0.00589689763345193,0.251051998965692,-0.0417640734451144,0.290480948981667,0.114346567507175,0.0967309859713708,0.220852987740911,0.336814948344155,0.0820701278095912,0.359747175254297,-0.00209097518066207,0.150809396536565,-0.0874417478074762,-0.101503331871081,0.0573270857099016,0.0798304954590519,0.027978059064005,0.0398823635939799,-0.201006579029452,-0.282011020817543,-0.263709110912878,-0.279610673382889,-0.280510593740069,-0.254560978848717,-0.293452365945962,-0.203448952566986,-0.324427708429214,-0.198214051572203,-0.395951632849911,-0.298625208350446,-0.210836974967665,-0.25475736931805,-0.223132811058584,-0.193979068251274,-0.317102086325548,0.00375114931659743,0.0241617484176297,0.616635343942388,-0.154981086022942,0.163789084908373,-0.0117936539131454,0.435454222315616,-0.0966580165736146,0.0797921413969049,-0.0213536392329693,-0.0930031936924257,0.114557905816367,0.289210864148189,0.136445631548136,0.184001222185985,0.0162682301208161,0.168989703848659,0.127966340253319,0.214834765308613,0.0623085642888806,-0.0427670746795684,-0.0850543280361668,-0.0157584883543387,-0.189321391730978,0.0965535991931239,-0.26460204062003,0.109127921050209,-0.213883617158566,-0.126307528506144,-0.0504859054607688,0.0865226409923407,-0.131123157347052,-0.312072602963949,0.25900414745221,-0.184827672431488,-0.117000947602066,-0.103397882702683,-0.0491800462296167,-0.195967533486882,-0.259399727507038,-0.378804691681442,0.0826401935730932,-0.195054156043143,-0.257191418654302,-0.335051317187558,-0.204285848457063,-0.207654078113225,-0.057973527062339,-0.0375292047229242,-0.0273302351584591,-0.0924827123594475,0.0144504139690906,-0.0419985816280856,0.0323898283329991,-0.118200530199303,0.0696041794780892,-0.156405452954147
"Frontal_Mid_Orb_L",0.0881583373041537,-8.53081089601443e-05,0.32747051039543,0.0784682701112202,0.426949440882659,0.341446330238638,0.346445930530697,0.0567804156104596,1,0.361506919239154,0.126842995099008,0.00414019881892208,0.312831848926619,-0.0503376688798171,0.256942051968064,-0.00632778803419021,0.0631844317526904,0.0203629268657408,-0.184111486484811,-0.0664398577345928,0.0157638058488943,0.0398874107756888,0.104885449468163,0.0418729935275266,0.0143601700747881,0.093050444883785,0.0675851786676471,0.149011435648583,0.054427491925088,-0.0341345032574955,-0.00439658680161834,0.082233546707925,-0.0800225392419882,-0.0939557735181659,0.0220556994972528,0.00386229986645082,0.0773474460495833,0.00858605224834984,0.0128603363860028,-0.0484796998337437,0.0222512420901746,-0.0177887492889635,-0.255219574681113,-0.205491704049484,-0.141223007810575,-0.172849352296136,-0.273047776412724,-0.234314710835259,-0.203188227791206,-0.104425599059157,-0.0727174139284858,-0.0633917032957584,-0.0268597567066649,0.112712965500169,-0.040374501840016,-0.0823479856258889,0.045056407241983,-0.022580715799626,-0.00565368803962259,-0.152045065201062,0.0848455077556673,-0.044104780283952,0.00125073966400627,-0.112246658053662,0.172741695122506,0.0855414812469017,-0.0514489685285836,-0.124563454465151,-0.102734804772322,-0.0796981556640976,0.120618824947614,0.0126477890541025,0.102651984895777,0.00339963018285063,0.117455089492856,0.0169300308615337,0.0269695690966334,-0.114064151381423,0.0288043559655349,-0.0502162826178519,-0.0157524157348318,-0.0518428034943699,-0.0527656155678054,0.0702907247554208,0.060985573600934,-0.0649875343548621,-0.0774135571437755,0.0938457624302498,0.182037789169672,0.063520512648148,-0.106287270225152,0.174458819881569,-0.0580831110470924,0.238245778961371,-0.0051779785915721,-0.267905222843191,-0.122790661242518,-0.111057687065103,-0.100873377746649,0.0290823583600873,-0.134397672118892,0.121869942922113,-0.013771849159007,0.0900184082833061,-0.102334874191448,-0.0477061685305007,-0.156887607497245,0.13518176674781,0.00458732194706191,-0.0807288024824087,-0.233121882307432,-0.250795212715366,0.0368534457711899,-0.00392551833860719,0.0347013797324033,-0.0480519544304606
"Frontal_Mid_Orb_R",-0.0966123058913384,-0.128626287875627,0.0685807570757208,0.34457819496213,0.227830957625943,0.765644581567759,0.0468285290412248,0.511530885951017,0.361506919239154,1,0.11657995964491,0.28038281178863,0.275274066424666,0.325759623252106,0.305024817840971,0.448744021538132,0.0939362862232416,-0.0108994903723417,-0.156726609747069,-0.056615756724373,0.101002063213383,0.295395714156543,0.269171479544111,0.347725350901823,0.195849500239142,0.346965291298776,0.177900434077996,0.424198921414674,0.196396948102846,0.175464283060629,0.133714415988182,0.24562641200145,-0.154369948583325,0.149948251948158,0.135086712972512,0.123713897470171,0.138838870537848,0.0664502449706659,0.165068774082106,0.242295448060705,0.300949239566002,0.235918186920113,-0.233329567476528,-0.304918559206284,-0.34933897897784,-0.312243494964539,-0.355886262247724,-0.274498810511231,-0.441648861482538,-0.21208076798272,-0.361926852986935,-0.129124128946535,-0.169779726893086,-0.0367676976184494,0.0138601158836465,-0.00440198350566504,-0.118860231325264,-0.185440266922407,-0.384374119246171,-0.168142614827051,-0.113517843801828,0.379657825771022,-0.204009440327122,0.00343225451371957,0.155696575663391,0.32739727824608,-0.277745306845935,-0.150441420463617,-0.0987055365777683,-0.102933677346469,0.0638365870771444,0.216223498513452,0.243632520664989,0.24589850808988,0.103310785629923,0.220090248254569,0.0127288626488172,0.0603403117344516,0.144750780611355,0.0709833571475209,-0.00626347298515109,-0.00309928193527452,-0.0120748864269712,0.199209240682983,0.0428184820313769,0.130754929955728,0.136850545436299,0.180276953528025,0.251576221072616,0.206334569031631,-0.0864975247526795,-0.0133146894745888,0.154450308690175,0.0308704789558717,-0.173364194382192,-0.178110300888774,-0.0863455996963609,0.0223263516460382,-0.21271605676143,-0.182294540050801,-0.0310259031081981,-0.124805261193808,-0.166570700750623,-0.150610869522611,-0.0939768103114956,-0.152233952210317,-0.0992711935527546,-0.0318417826055072,-0.135469668495748,-0.0985895117885744,-0.0434726495789529,-0.258625132096651,-0.0741551029014497,0.076755510415408,0.204653686597534,-0.120004662918841
"Frontal_Inf_Oper_L",0.429818865448233,0.182320906262158,0.0679526979505628,-0.171652469287696,-0.0834528660870435,0.0317940336828068,0.20745745490962,0.124672516289259,0.126842995099008,0.11657995964491,1,0.487247216275396,0.728128716822224,0.344193514625823,0.339227518981455,0.174369914075286,0.300039664541255,0.207956145563342,0.1843975277768,0.0413300566143666,-0.117933855250954,0.171992817749057,-0.0233902520426969,-0.173443487462119,-0.2521712861207,-0.274376455743287,-0.049151403749887,0.106739179401632,0.300955580266833,0.223470796858618,-0.110086124727384,-0.0448549605122634,0.0478190249614744,0.0297642134140718,-0.0727157122559248,-0.100757210338252,-0.0373435203767186,-0.172550781030451,-0.23868637118554,-0.037916837606673,0.130335004105162,0.139099911328312,-0.300349785329017,-0.191775942718465,-0.109983188487252,-0.17399210492637,-0.268670968912416,-0.298333429862848,-0.185851054885822,-0.0912358584522366,-0.0519552706442675,-0.0560138764202124,-0.120067488723646,-0.057119711186689,-0.186678993272267,-0.19727961208004,0.184471258517795,0.16851429545022,0.124709461267823,0.0728149420237921,0.414826167007764,0.210547979948552,0.242647949787428,0.0817246925002813,0.165448948362886,-0.00756155608411695,0.0460188586728465,-0.0942589277580019,-0.00794439568196836,0.0401046660425661,0.0562875957486784,0.0671953451088045,0.246014368913929,0.228654614927025,0.184532995142874,0.260173686923644,0.152801806583765,0.0492091684714805,0.0795585120644999,0.165031426167638,0.0590991350651169,0.146784037518048,0.18449060808527,0.0789194375420371,0.247735526496453,0.0614592694309306,0.15249324890341,0.0598258577420797,0.292235033974493,-0.00698013303783158,-0.305008509623164,-0.210408507832065,-0.23995104193698,-0.0384460916949783,0.0360970828110941,-0.21253724960069,-0.126414831211115,-0.16503612242155,-0.263808413534213,-0.185184873488128,-0.0112730054094677,0.00714861766667055,-0.0521886482670309,0.0357288645622519,-0.153711717517021,-0.130523738393207,-0.209254659167868,-0.0467221329702711,-0.0263399665350234,-0.0341066315467567,-0.253323492000114,-0.228126743150297,-0.0959462362203387,0.000558133256224249,0.173062261763465,-0.0898423268022421
"Frontal_Inf_Oper_R",0.445771681203049,0.267710695190213,-0.235983598373402,-0.0437197749524554,-0.332436790528454,0.209878262773669,0.0619445140880736,0.388760281610135,0.00414019881892208,0.28038281178863,0.487247216275396,1,0.32192416247043,0.429754526382875,0.113792508617661,0.187958411133613,0.42667650202993,0.411483658144261,0.270786543714782,0.275879989042434,-0.126472508917398,0.13484327736897,-0.355054500150727,-0.355316834717961,-0.411057005501238,-0.312410030662524,-0.198262585682158,0.173974941013466,0.366477404167043,0.467329521705205,-0.182995803871385,-0.164379643874632,-0.146524426835194,0.0248809202686244,-0.375817576956799,-0.324669938579179,-0.13711017623876,-0.126340525324471,-0.0729166824819016,0.0387539033779264,0.170756369437128,0.0937874598311179,-0.277922701204923,-0.113229187395943,-0.159495203447934,-0.115077978246987,-0.152191487997019,-0.0661275379542054,-0.14843580261397,0.0155488674612135,-0.126917351568298,0.0531563697866982,-0.0290403391668704,0.0436772451602766,-0.0915201536493569,-0.0288800851976836,0.208175058559021,0.279527613749873,0.044987515759868,0.266919669400997,0.308256712738812,0.451267631214299,0.300570249411612,0.479697073544977,-0.174837593830074,-0.080700356605717,-0.266177004172443,-0.124188159850533,0.200431620485795,0.125530355402662,-0.106296583220143,0.0442694171101682,0.160841977098786,0.350661745447344,-0.0662228096046501,0.226494980072623,-0.0477759828862182,0.118497497316725,0.260197291326374,0.306933004667363,0.343946578748022,0.308824158615986,0.0917481987439608,0.303092976478357,-0.159986737228599,-0.0873394709928604,-0.079958302855857,-0.177850693237923,0.0532923554134728,0.0738075901066487,-0.363745391840489,-0.331717380611217,-0.297598612351714,-0.355219375535003,0.0643279267363542,-0.0414810925264118,-0.11642789991596,0.0605585539446865,-0.117851506116845,-0.133726509045722,-0.00233692968015601,-0.168917623519669,-0.0699353830706018,-0.0814756667903648,-0.278065034517954,-0.216471876897965,-0.180845386384696,-0.0177247285258003,0.0267229106168544,-0.0508111365046096,-0.270725465872086,-0.191161796645568,-0.114943847288446,-0.107296480167405,-0.114713021959549,-0.225592319775695
"Frontal_Inf_Tri_L",0.219946042210819,-0.0405908204478894,0.133050079285294,0.0381285618932891,0.0883669126332554,0.247841473860409,0.405951361647006,0.326357606147674,0.312831848926619,0.275274066424666,0.728128716822224,0.32192416247043,1,0.49021272956827,0.440403188715424,0.249810330991412,0.0137071791954329,-0.0796916976164565,0.0180856689205763,-0.128810089666057,0.00550780383028074,0.277517553966883,0.140903002691486,0.0361436930897007,-0.0319515249453753,-0.0617534149482106,0.0389476094641566,0.13973422881545,0.227289317016777,0.0469478810862127,0.0986944524178798,0.135552450687252,0.0790780629259412,0.0640286253095426,0.0622630342967136,0.0873052777865905,0.120175777647252,-0.0951785510476094,-0.106008978305982,-0.0553451945617134,0.14944501089936,0.063585946296444,-0.272005263971833,-0.322449252626461,-0.149729595272076,-0.255599331580662,-0.368534206354101,-0.384270610111717,-0.257053348236233,-0.164710863874257,-0.144669857528624,-0.183612340485452,-0.255939388706764,-0.191529674339407,-0.203244180312343,-0.292875291408411,-0.112637391377331,-0.184146114218181,0.0296392804049514,-0.0228815092715979,0.316835137367021,0.280510974211786,0.01129742294817,-0.127427621784432,0.285618338680572,0.239420202615504,0.0762236677707611,-0.0246625000130637,-0.145151195419203,-0.127087326160739,0.239271286544771,0.139093078323764,0.247875703073175,0.132457420300061,0.223267172768977,0.199759971458381,0.237441746218128,0.058130829200352,-0.0593450478337466,0.0542417782230313,-0.169834740494241,-0.0191718801424502,0.116625245812081,0.0141628266304038,0.197346603386106,0.151300430964851,-0.0120665049429821,0.0114258093416629,0.380347883799164,0.0674129357145392,-0.20832049718668,-0.00821768898504201,0.00809541836455353,0.159040176293815,0.0465954730039013,-0.280028944017778,-0.0363071127696751,-0.292531663521846,-0.312459347815135,-0.235126480248773,0.0766168804554806,0.151366563217799,-0.0867429779456343,-0.0249559214843324,-0.133321632599482,-0.0652416984802696,-0.186481051618826,0.0234425588634112,-0.0377691245480699,-0.0370927703551831,-0.138285382123818,-0.176176808072416,0.0937344527115376,-0.0120501025270988,0.253361917250758,-0.115891682983066
"Frontal_Inf_Tri_R",0.0224116735672087,-0.267845898624603,-0.316129749026376,0.102029069406058,-0.0568066720188091,0.264092950223475,0.0301955434687814,0.523027057989634,-0.0503376688798171,0.325759623252106,0.344193514625823,0.429754526382875,0.49021272956827,1,0.206920903476947,0.478164554768726,-0.0666161300683523,-0.158398379088108,-0.14124252997455,-0.172447675754951,0.168569935643353,0.269704965911046,0.0244015704948236,0.166842490855078,0.00450924878425395,0.0692942224824686,0.101940158826256,0.170405572711084,0.0757134687897806,0.173617915228296,0.13415918655789,0.160589465100108,-0.0511312477985212,0.0874270677007366,-0.0159391513960536,0.124981909973133,0.151538259026693,0.124586268010042,0.112721987188297,0.209940794326702,0.184726095808274,0.249638607105247,-0.220022264112022,-0.277964220169472,-0.142546382753288,-0.171221874120562,-0.217813449117012,-0.233939914850231,-0.207121914645251,-0.153254472122201,-0.155526785004665,-0.098612856322073,-0.207932441619918,-0.247047145357398,-0.01262250619715,-0.142139730825953,-0.302987127354795,-0.269077046450127,-0.0881067378929455,-0.0546934688337129,0.0568393622140288,0.367277457436636,-0.0688965606059113,0.089602495615261,0.0415790800002814,0.373690913582711,0.0125819555346634,0.105114276352362,-0.116088297896905,-0.155820433875943,0.0365067745718063,0.132244567007277,0.106755292255768,0.138236574626843,0.0230516319889443,0.125506673856336,0.120834660534125,0.19487233493749,-0.0531156194123542,0.0316763162772642,-0.0916523175839916,0.16531452827963,0.083515673003092,0.228344214830118,-0.033846577593131,0.283426861056289,-0.0302947069777716,0.0854780354969748,0.232841364835282,-0.000422523498699287,-0.181163941347101,-0.247726124918085,0.136612936057186,-0.118798881408817,0.173422548604215,0.000200582503930044,0.0124103858989901,-0.0771907501087675,-0.292726823298245,-0.378189758358939,0.0632668743578866,-0.0576524207307341,-0.175673557551365,-0.200990240740924,-0.150590143789563,-0.101136609487946,-0.157638451496823,-0.0658731250945357,0.0431584658084763,-0.0306734646913443,-0.0724572259195287,-0.208623649619759,0.0149410929953307,-0.0615907137593192,-0.0030587001131874,-0.212590194096676
"Frontal_Inf_Orb_L",0.0491047282239288,0.0659722378112312,0.323726875962713,0.0951142441361191,0.249813460862077,0.222355614113216,0.0762616185899962,0.108521687038066,0.256942051968064,0.305024817840971,0.339227518981455,0.113792508617661,0.440403188715424,0.206920903476947,1,0.573379207012874,0.110965766153818,0.048643554225852,-0.0914537952489871,-0.0609104211794998,0.156027488037055,0.337375038088504,0.408060388776289,0.176229442638529,0.230273551204731,0.159294890132346,0.118245253297615,0.0749455491774828,0.268404952337148,0.279490694404197,0.395273485486954,0.330688208905784,-0.034900174200577,-0.0256151974234273,-0.0302539409791153,-0.128910631642954,0.189477140269759,0.0120690536443837,0.222783181037275,0.183098230941264,0.314265585415477,0.257813307152918,-0.350855204582767,-0.411935734234914,-0.385669168382642,-0.419849342852362,-0.339537850644981,-0.352167437716023,-0.378278155276028,-0.283859015918587,-0.370287086229665,-0.212222603913168,-0.190212611655004,-0.126123427283983,-0.0278566998979385,-0.127838924396391,-0.105307407918411,-0.0355679925163637,-0.204950593598697,-0.177454705979588,-0.0599189804290773,0.0529338481019774,-0.061372513839438,-0.0732943167723966,0.235256940786683,-0.0222217626887818,-0.378213552074765,-0.348257550305576,-0.208144667511834,-0.227036493469627,0.224890464895639,0.282947722057505,0.366991737844945,0.308002371456778,0.343763978961887,0.274169651840021,0.0758925297394112,0.0331741750645445,-0.0202375785850986,0.137586016366345,0.00363208641118559,0.032779017204641,0.596695097055609,0.271999151255196,0.215579164167618,0.0399102798245292,0.395656371284038,0.232273748441218,0.293968288104142,0.00429433004585509,-0.298592524487104,-0.105159746987667,-0.113538559942357,0.119202240042761,0.0599153372905763,0.0333962176848782,0.0186465980068355,-0.0474946623640151,-0.289018358560757,-0.218967780024932,-0.138354163389152,0.0771510699001337,-0.00208481638049477,0.0572807177614771,0.0174999987383722,0.0446893692491114,-0.0585503336753775,0.0123714814784674,0.022668681867035,-0.108292099458119,-0.256590938708224,-0.256484581234091,-0.0210021782851281,0.138828022126683,0.187849984899488,-0.0284151554137922
"Frontal_Inf_Orb_R",-0.0915152508485857,-0.0884472143219218,-0.00640120164291407,0.213294002809985,0.23307926746856,0.379912699499954,-0.074518559515928,0.323996626603786,-0.00632778803419021,0.448744021538132,0.174369914075286,0.187958411133613,0.249810330991412,0.478164554768726,0.573379207012874,1,0.191178933657141,0.0269550991354425,-0.129283249660914,-0.0208161129850142,0.369914819744245,0.514877381082389,0.340387317694482,0.344669028421398,0.356325418244432,0.365615985209165,0.234390344165278,0.251036898720428,0.265690566857648,0.445309815816372,0.456599097937025,0.364051909079929,-0.103339752654758,0.118862844024161,-0.00634982644733215,-0.00385681370917628,0.323411992638541,0.23757416405461,0.289203731557689,0.487164185659005,0.484905454012792,0.457580581446924,-0.225282718082856,-0.322930361726181,-0.32399124266492,-0.315555779957584,-0.246409431197191,-0.266407693878727,-0.388864048393804,-0.296851865923405,-0.362070264457407,-0.239524835505152,-0.196552735157639,-0.252788990922524,0.117843566884668,-0.0853060260940663,-0.149111908851596,-0.125021259992903,-0.302152424449729,-0.221788266570263,-0.217750761398271,0.107934410824436,-0.0336055078546666,0.0591162808090691,0.012850298568227,0.0916376614964188,-0.363944565408085,-0.252236633525342,-0.123334317677765,-0.166514234739576,0.0723219213916123,0.203906281676443,0.302785435903837,0.352950416682377,0.121335370284862,0.243698443661676,0.0197244581400288,0.048330769927427,0.104711225646215,0.248348429350068,0.121070836238823,0.246445675929423,0.515699970115931,0.557130244105493,0.225827600282072,0.361165074875054,0.385975573000887,0.387269455935888,0.298463247319983,0.0601459828122549,-0.339526984056583,-0.364902272491082,-0.0575180553096802,-0.104638997411546,0.151009613494604,0.12368757590207,0.0629848255412299,0.071839879378352,-0.363843479839478,-0.475845174534569,-0.186246398269482,-0.124932690730413,-0.235653847019087,-0.216096235384917,-0.248510894844471,-0.224681609817156,-0.236251477225146,-0.303063714722534,0.102271840739029,0.084969804244686,0.0469509698022816,-0.252801127235411,-0.214908434869188,0.10071483691428,-0.00181820426634115,-0.1937289171673
"Rolandic_Oper_L",0.425162690808985,0.410008554816699,0.0408343055989279,-0.104687241084027,-0.0662848580182893,-0.024605102487309,-0.0752225881336764,-0.0651054906641408,0.0631844317526904,0.0939362862232416,0.300039664541255,0.42667650202993,0.0137071791954329,-0.0666161300683523,0.110965766153818,0.191178933657141,1,0.785910504880501,0.314104062725072,0.48079859987874,0.00245174008075536,0.081251615222616,-0.183099820288396,-0.216392245448321,-0.175908319180104,-0.208315063219109,-0.0256343398848638,0.0457934860317555,0.60635759787641,0.650115961132748,0.000656282859389106,-0.0418444829719888,0.0662156887482492,0.165401928702534,-0.32523017754375,-0.437278518685746,0.0370882996055082,-0.0786850453756156,0.0254662218923682,0.152567469002614,0.268591978559952,0.263994348220115,-0.34804838183515,-0.151821130740248,-0.300164958387023,-0.25025381679807,-0.191497272593236,-0.0828446207466573,-0.298087369290856,-0.270132479508488,-0.306195944054357,-0.239448904695074,-0.0878222427102994,-0.102787859583419,-0.0639806306181457,-0.0368895964488073,0.602326089526278,0.507522542813745,-0.0356169244946149,-0.05529170401643,0.23865718240706,-0.00390001692629948,0.641461097168492,0.475027966162485,-0.0692820603471887,-0.258113533641816,-0.378489136708027,-0.362916715523754,0.250539577120591,0.193652608366859,-0.125248352838372,-0.0395939636764958,0.352570281215107,0.45562633374374,0.169798205113226,0.352492476668001,-0.019394234991725,0.0721088478267131,0.700377175909582,0.581156404168197,0.762408450778105,0.537067039006837,0.295558334603321,0.418118253752455,0.0993961780361373,0.0342312988238983,0.174929144006073,0.124696600350036,0.0981784479985973,-0.0203645357544304,-0.46247015926378,-0.356921172279653,-0.50378894113683,-0.247175585615298,0.0333380469021038,-0.02793038466536,-0.111686849139001,0.268825606611157,-0.0933802221326804,-0.07414179961965,-0.296644649069716,-0.173575157484708,-0.0936080024405531,0.0469080781050091,-0.311137375359295,-0.23948771247973,-0.179378072859065,0.0214226835642483,-0.0877480541621995,-0.149826258938978,-0.232215302039451,-0.176172561249778,-0.361696201295104,-0.0511858339228971,-0.0645253416496796,-0.0726695386713831
