"","Precentral_L","Precentral_R","Frontal_Sup_L","Frontal_Sup_R","Frontal_Sup_Orb_L","Frontal_Sup_Orb_R","Frontal_Mid_L","Frontal_Mid_R","Frontal_Mid_Orb_L","Frontal_Mid_Orb_R","Frontal_Inf_Oper_L","Frontal_Inf_Oper_R","Frontal_Inf_Tri_L","Frontal_Inf_Tri_R","Frontal_Inf_Orb_L","Frontal_Inf_Orb_R","Rolandic_Oper_L","Rolandic_Oper_R","Supp_Motor_Area_L","Supp_Motor_Area_R","Olfactory_L","Olfactory_R","Frontal_Sup_Medial_L","Frontal_Sup_Medial_R","Frontal_Med_Orb_L","Frontal_Med_Orb_R","Rectus_L","Rectus_R","Insula_L","Insula_R","Cingulum_Ant_L","Cingulum_Ant_R","Cingulum_Mid_L","Cingulum_Mid_R","Cingulum_Post_L","Cingulum_Post_R","Hippocampus_L","Hippocampus_R","ParaHippocampal_L","ParaHippocampal_R","Amygdala_L","Amygdala_R","Calcarine_L","Calcarine_R","Cuneus_L","Cuneus_R","Lingual_L","Lingual_R","Occipital_Sup_L","Occipital_Sup_R","Occipital_Mid_L","Occipital_Mid_R","Occipital_Inf_L","Occipital_Inf_R","Fusiform_L","Fusiform_R","Postcentral_L","Postcentral_R","Parietal_Sup_L","Parietal_Sup_R","Parietal_Inf_L","Parietal_Inf_R","SupraMarginal_L","SupraMarginal_R","Angular_L","Angular_R","Precuneus_L","Precuneus_R","Paracentral_Lobule_L","Paracentral_Lobule_R","Caudate_L","Caudate_R","Putamen_L","Putamen_R","Pallidum_L","Pallidum_R","Thalamus_L","Thalamus_R","Heschl_L","Heschl_R","Temporal_Sup_L","Temporal_Sup_R","Temporal_Pole_Sup_L","Temporal_Pole_Sup_R","Temporal_Mid_L","Temporal_Mid_R","Temporal_Pole_Mid_L","Temporal_Pole_Mid_R","Temporal_Inf_L","Temporal_Inf_R","Cerebelum_Crus1_L","Cerebelum_Crus1_R","Cerebelum_Crus2_L","Cerebelum_Crus2_R","Cerebelum_3_L","Cerebelum_3_R","Cerebelum_4_5_L","Cerebelum_4_5_R","Cerebelum_6_L","Cerebelum_6_R","Cerebelum_7b_L","Cerebelum_7b_R","Cerebelum_8_L","Cerebelum_8_R","Cerebelum_9_L","Cerebelum_9_R","Cerebelum_10_L","Cerebelum_10_R","Vermis_1_2","Vermis_3","Vermis_4_5","Vermis_6","Vermis_7","Vermis_8","Vermis_9","Vermis_10"
"Precentral_L",1,0.469315042807977,0.140457715907693,0.00180519317303035,-0.166395717343046,-0.225878712072698,0.129624912255845,0.0325740625783451,-0.0470753903388197,-0.111578832806864,0.423733472417955,0.342872546310397,0.349876313121488,0.0763244283841863,0.31513612988962,0.187092231581723,0.532068850952284,0.438141011443883,0.67299946626525,0.472218366243277,-0.167848092547365,-0.102148825143289,-0.0606673840027603,-0.20650598744385,-0.247484462331454,-0.401359407565287,-0.196537552513621,-0.271445064892153,0.392107491608681,0.396270602929839,-0.0749979206682417,-0.194140176038301,0.243137650302648,0.25133960979737,-0.361235580715144,-0.417817317671817,-0.364372899202513,-0.223786667337199,-0.332527277528781,-0.254497545143429,0.24656407424124,0.118081627965846,-0.163675694132001,-0.175640582591191,-0.11301585810482,-0.142795931399434,-0.0424076430983665,-0.0898092271144104,0.0192785747050302,-0.0147671881358191,0.0356461614446238,0.0131872233607874,0.218612709505558,0.0643819741280695,0.00890622805688097,-0.0163070159234321,0.586341197811881,0.392086007335677,0.248295960009482,0.0274620411374797,0.432730497637737,-0.041345908569117,0.57317275376683,0.365891209857445,-0.149002008217579,-0.28297422386865,-0.295528374524044,-0.372458672664778,0.326207480380737,0.14964709807786,-0.217663233213485,-0.149353825975722,0.193893752835248,0.293226507509529,0.0281202775116338,0.215019779134054,-0.153829050171913,-0.154517201018999,0.352182910708181,0.237592678589658,0.461320842041766,0.184377574135316,0.349120364027226,0.181907207696843,0.118854554969353,-0.110396898252992,0.193667679383342,-0.122396116153199,-0.0671667583831002,-0.013468793785869,-0.0686796945101537,-0.111074884089531,-0.360206205190575,-0.220728961279047,-0.22768220768542,-0.342397412256665,-0.176688184676364,-0.083826841289673,0.131058170214658,0.1325640377272,-0.243707122438996,-0.0253553565947547,-0.154732315782091,0.0428827072118201,-0.435889345274846,-0.252013862302549,-0.339303813080515,0.179330577721246,-0.238276241718095,-0.274678891554297,-0.265794707659304,-0.0666183299036341,-0.138331637581952,0.0753753023368214,-0.228503991986775,-0.265545194727501
"Precentral_R",0.469315042807977,1,-0.0705518179223844,-0.0102311304655481,-0.0478135713290221,-0.174169917088289,-0.108938039353756,0.0305010182151041,-0.159150359011016,-0.146399945473186,0.0911683291209671,0.282597580738581,0.0209738145980818,0.0276414123984065,0.0821563224914186,0.178892361480291,0.490019945375861,0.646700714175997,0.463397211774774,0.518328289115096,-0.120638750487033,-0.169446838438769,-0.0991934560322501,-0.123880609418749,-0.122633720325819,-0.21016385602387,-0.0209908848225414,-0.209381495662885,0.261564189573607,0.423827770120326,0.00696827497733871,-0.132917770218236,0.151692572076983,0.189233920338926,-0.255306423763109,-0.362325805748124,-0.328590380863621,-0.211026201542483,-0.214643793541324,-0.0967519327182577,0.148820582807193,0.130290517529404,-0.174496322601117,-0.168878753635663,-0.149401091847027,-0.0743632328652543,-0.0733983303771713,-0.0553336457099073,-0.0211093596742714,0.0146574763716381,0.023137582592842,0.0744003033963605,0.200285803576594,0.128187824335466,0.021132444450818,0.0338325792056356,0.68897301181973,0.741371640242266,0.0294962076956219,0.131435117910674,0.190591164250245,0.0373274682309747,0.434975595339633,0.343267929587474,-0.127203027464688,-0.178754607220226,-0.374528080328564,-0.3232477673896,0.426784041477156,0.33716700634959,-0.388232687826393,-0.248561285551615,0.1087250777825,0.42209974785157,-0.0420006302815461,0.299010314393181,-0.303907014067209,-0.0653105490491054,0.40578840619096,0.544869425784028,0.511056709875216,0.421281745318008,0.209853013149423,0.264537467486499,0.16147689580362,0.102531335484099,-0.0213353359124736,-0.0434436151813389,-0.061350676743005,0.045764708868583,-0.115652528835113,-0.267528130321592,-0.369092582678672,-0.331684796607639,-0.227344684718827,-0.241526089310637,-0.0866350141440608,0.00237245927528845,0.133340196288903,0.0675542849234388,-0.175935602201935,-0.132608379715164,-0.181877117492939,-0.125211038393336,-0.46371693185028,-0.346736080269898,-0.261846786363406,-0.0920522376548739,-0.122610058492932,-0.270260382188353,-0.152803445216091,-0.067840782198348,-0.113630570894092,0.0155025072531843,-0.430939086200524,-0.238183866477596
"Frontal_Sup_L",0.140457715907693,-0.0705518179223844,1,0.0751093317669392,0.467114770050077,-0.0970646512094201,0.495408179613535,-0.212901960285855,0.300673744979937,-0.241252249848867,0.100571984217263,-0.26626801286954,0.1857169323722,-0.274286895168233,0.43385964225117,0.0404133896625383,-0.0740437568077115,-0.151117552731739,0.193491631278447,0.0335000973794678,0.150817946974379,0.0333281857917158,0.585183389777451,0.406142611183475,0.388400250170272,0.208662672153778,0.391283591294735,0.316885999934165,-0.0239494589082581,-0.162520609619766,0.317385757695571,0.110480118172485,0.15146520571252,-0.0556858213688154,0.206475520930998,0.0809622618153822,-0.0925996701005374,-0.29961334456739,-0.0214143586266763,-0.0556951233065811,0.000921068736576874,-0.0810294301285246,-0.0561313490298282,-0.0595252553553099,-0.0389267754598136,-0.170523167847262,-0.104633422128933,-0.123224694709129,-0.0840021010311366,-0.252648875849649,0.0578859502242276,-0.0597414924033051,-0.0265097420351958,0.0645398474564901,-0.0647814097609165,-0.0827014889561114,-0.012463092733252,-0.165140858774009,-0.0803075432297746,-0.431347071417778,-0.115810220685892,-0.421366116913573,0.0118585357836053,-0.242584618345376,0.444919784092172,-0.138070956126721,0.0495632149403131,-0.239285716861122,-0.031854460035035,-0.101075909880238,0.127349736040277,-0.0360647567285104,0.222589072332914,-0.0657758564603388,0.0792910015845206,-0.0825248243196722,-0.00856767550649832,-0.227045530487738,0.0371037119959527,0.0117591961477242,-0.100673427458497,-0.108398294867839,0.267582395479304,-0.0156527064875093,0.24013022075331,0.0148098871701263,0.306468530842461,0.267307740214494,0.0824555022566383,-0.175608119940493,-0.294808040816174,-0.028911122672185,-0.23942984531288,0.00983271728750412,-0.0725581247218499,-0.091623271813256,-0.0842832867913757,-0.062080799747686,-0.18125721945846,-0.133108797704243,-0.2866039499469,-0.00427869952776026,-0.184805191830488,-0.160692295219017,-0.0739395589901915,0.0386877290298169,-0.211746433913009,0.128775028443465,-0.0967865208841863,-0.177260889377435,-0.0816716370022356,-0.160686250044418,-0.157894827962265,-0.105176311515013,-0.0139453270407605,0.0321897093964815
"Frontal_Sup_R",0.00180519317303035,-0.0102311304655481,0.0751093317669392,1,-0.105920300729931,0.268900248112247,0.378594405800253,0.677671276036677,-0.0209554825997725,0.254250425248093,0.0388097631772251,0.278340626969326,-0.00635613100999382,0.228334835515668,-0.203870057773974,0.0386386930714457,-0.157178234674308,-0.067469942924491,-0.0847628489305243,0.0909594012571509,-0.289068505544924,-0.0196094997596718,0.13349269639173,0.417303459759006,0.117915270576573,0.317461704803644,-0.047852034313026,0.0466917964602188,-0.0971614199669704,-0.0689094465503474,0.0760673404179486,0.327210540688142,-0.00183269211438,0.173652575875295,0.0597087804193118,0.135316393281112,-0.257548318038079,-0.219180649467331,-0.233110930901416,-0.192067863412892,-0.0227644909494996,-0.0287856344893534,-0.240045041285665,-0.192077217048318,-0.193871184003761,-0.173272949045387,-0.29780987757204,-0.237611012814596,-0.216256590259596,-0.166363127577966,-0.145415632563194,-0.0105913976146572,-0.123081079234339,0.0198877327315511,-0.151618400052169,-0.131806051396751,0.00540653990348244,0.0466764162587825,-0.280970182637941,0.0695216708654456,0.0550244127317242,0.484000309071236,-0.123998048232414,0.0534089242422703,0.0487964496382926,0.550616276965203,-0.0805443663517062,0.0518171519956356,-0.17129511072703,-0.225386801697586,-0.0504441543915199,0.143810373242485,0.0530492559481571,0.0387312521457311,0.118867426791612,0.182389039275589,0.0237152122482735,0.0376545787309125,-0.0986251415585559,-0.129934464551458,-0.13988290882131,-0.136664287116391,-0.192388645044123,-0.0831553898005599,-0.12757755860636,0.177229130180134,0.0432139865606962,0.046891651026282,-0.115517158349139,0.129600088414506,0.0280489470571609,-0.0432445815332167,0.18193635123696,0.019292668092417,-0.219813743021793,-0.239826006710744,-0.322290549010262,-0.3248310495997,-0.270005712869956,-0.342712182228543,0.156653648253679,0.0862516499358534,0.0499212368655691,-0.0299594301019786,-0.0783910973966153,-0.154881349444236,-0.095493429256964,-0.169324133652054,-0.0295046988880078,-0.233090020572568,-0.183887717049045,-0.268828748952824,-0.117721239789566,-0.0646129405995991,-0.00250320333096717,-0.0785895580979109
"Frontal_Sup_Orb_L",-0.166395717343046,-0.0478135713290221,0.467114770050077,-0.105920300729931,1,0.126381971090604,-0.0436642588384765,-0.310322461002817,0.48710592531861,-0.169901965197959,-0.100124418982628,-0.379518697173492,0.0188619993255018,-0.234072396118692,0.250546734581156,-0.0560818708475418,-0.191889044353061,-0.211295745909262,-0.187897510354305,-0.232574079815703,0.49589960901825,0.116297432597753,0.497221127031023,0.416289694172897,0.691504871272115,0.54074161646575,0.839936110467163,0.645037110385338,-0.235522997007722,-0.334770871737918,0.187204606623243,0.105736911390969,-0.143719968836903,-0.236909551260656,0.328752121128451,0.295496232016085,0.206596813057007,-0.018886492414573,0.12896590129676,0.0454166045446755,-0.117133489117112,-0.200102001463877,-0.0520722850114834,-0.0467517468936378,-0.0362801687609266,-0.119230048674255,-0.126266884323476,-0.0576458962116803,-0.161635801503391,-0.153153626674588,0.0507570654157256,-0.0144880346390534,-0.018439379959118,0.0604475299810674,0.0401753459763354,0.0214124335161082,-0.0651577644445973,-0.0836828596909901,-0.00936276304086063,-0.189521401888685,-0.190748018012525,-0.370206358206843,-0.15091206370067,-0.451357677318495,0.505708487585348,0.0374731615321662,0.209976186637493,0.0847705838891405,-0.0787849615708689,-0.0890233741501592,0.0798955062803492,-0.184365695529793,-0.0106686011656421,-0.197574072343835,-0.165933769972999,-0.169389449521521,-0.106527290208214,-0.14665163909413,0.0170615160321773,0.0556394582799249,-0.138061928944879,-0.00233144318225092,-0.0149393634286223,-0.194655656109231,0.401688795860453,0.191045609715041,0.267375150654448,0.418328011220186,0.237766498720295,-0.0330702510088837,-0.266384503644438,-0.146748310616415,-0.0656892793586234,0.0184311770179377,-0.0656670960351868,-0.00194984917936837,0.0759601266545113,0.0352124321111986,-0.214054880501658,-0.170263335328409,-0.12468598324857,-0.0131168290672336,-0.100708570983477,-0.153060957351029,0.0384492215451242,0.0446813294893852,0.0151055619494539,0.0849648433789307,-0.0725209095491888,-0.0915476698345433,0.190898827229956,-0.243421988034645,-0.0676125385106257,-0.163095308987945,0.0581086228238836,0.156580775794289
"Frontal_Sup_Orb_R",-0.225878712072698,-0.174169917088289,-0.0970646512094201,0.268900248112247,0.126381971090604,1,0.0795763695905865,0.428328005219276,0.305467480264886,0.739228458630806,0.0766923003466735,0.247486309563509,0.08274064701619,0.340792028160432,-0.0382978986450915,0.160028312167882,-0.0816287079972786,-0.0563189561413014,-0.235834301225908,-0.21469967742924,-0.089655230600425,-0.0238184900275972,0.0305050618741715,0.283981274555524,0.143967582409522,0.456041996502093,0.127101842641034,0.422304815757607,0.0575995070113579,0.00708426194455642,-0.0359934064473401,0.263580784192518,-0.294105014233524,-0.103651478730268,0.174651675888838,0.173768442739095,-0.0123787232245398,-0.0377297451162013,0.0350300523365597,-0.0636873882313996,-0.099718954471717,-0.109187254991708,-0.197481976783576,-0.214721711944086,-0.18493052268751,-0.12502130294756,-0.197471460244995,-0.203332125619181,-0.262153953144227,-0.18669200495735,-0.15259700237934,-0.0949993751142701,-0.137621679965707,0.10436924656436,-0.0237586091538491,-0.0722808280545779,-0.161042094042756,-0.0954871265330552,-0.0840333950558801,0.190379562156025,0.183167457099245,0.427175996115975,-0.197659374641528,-0.0688799034285319,0.059394520437366,0.385596057929158,-0.0403434263620867,0.163280353206284,-0.171152888572304,-0.157990803731158,-0.0154672799204661,0.0847718943917887,0.00110947329761462,-0.00615134686981593,-0.000183598924342746,0.0276320828386082,0.00983155049089194,0.142701358063252,-0.103380315373883,-0.130142972537077,-0.0560213016902537,-0.124833825616967,-0.215604702567535,-0.00189630797506032,-0.0305385238996183,0.107817439829317,-0.131934559592514,0.0973630236368412,-0.0579185720341892,0.200730950266027,0.124840342763689,0.00615624751732275,0.372835360663781,0.010323038856131,-0.211667043993648,-0.0500771620123772,-0.135480900949095,-0.0682754027787394,-0.0544875610832082,-0.217584874478755,0.322508590075317,0.114948518855149,0.190011633351748,-0.00461282999342239,-0.0558559419227394,-0.186123380357543,0.000737974173348602,-0.159276434026838,-0.0778764370177188,-0.206746520809398,-0.113909919249237,-0.246977059365349,-0.0107709290911764,-0.0387761610744467,-0.00844425010151624,-0.0792873422592787
"Frontal_Mid_L",0.129624912255845,-0.108938039353756,0.495408179613535,0.378594405800253,-0.0436642588384765,0.0795763695905865,1,0.390127799796647,0.286473316256844,0.0711316398313771,0.229165345731537,0.0581488038862328,0.35711634932677,-0.00446402946205952,0.208666335525843,-0.0121160898746488,-0.123803459337449,-0.129976747713452,0.173379864503058,0.0730698387396229,-0.257201642298784,-0.0937600359793819,0.180576542961348,0.104016146000688,-0.0794541022194881,-0.0170335947869688,-0.118149768495905,-0.0665422077951159,0.122296634120266,0.00582255650112407,0.231652771637348,0.278905693495015,0.186273550177455,0.240841860185288,0.0845898043228847,0.0721383699492352,-0.381821540558878,-0.399484148759424,-0.28322758752756,-0.358855013426927,-0.107733334487206,-0.176755236867584,-0.118802407000932,-0.106120321997468,-0.00593791020070247,-0.0845056907636452,-0.214413047056784,-0.243693434076138,-0.0425768725818552,-0.155080586569062,0.00954596418858378,-0.0972697025334971,-0.226457307476843,-0.16614641953235,-0.283618973219569,-0.298906481856597,-0.119075025119152,-0.213386515086915,-0.0716116899543476,-0.247481001878033,0.144719536674821,0.00796007985494229,-0.0401005977712933,-0.0048651003251014,0.219494999582488,0.0189763153774665,0.0603842625108366,-0.111634126393268,-0.0989971549515383,-0.137655579142913,0.130629849397349,0.110615857734812,0.0872059846833594,-0.0596264692828212,0.141945225905269,-0.0570447225033618,-0.0477656701633362,-0.187193086911076,-0.169313353355604,-0.217895689529877,-0.169914064814003,-0.264151012677786,0.024632436119684,-0.0477848596571803,-0.13506855829495,-0.154043863204726,-0.0288692840449117,-0.181334587608245,-0.178650587865361,-0.21518626944562,-0.145888784391687,0.103266842141967,0.0200579057497626,0.171646119147835,-0.0705632873673684,-0.147278875247222,-0.302440674881835,-0.402902902580441,-0.228789998860443,-0.254584974445863,-0.0410844494242962,0.202886909334175,-0.0732132016030999,-0.0695940790889102,-0.110512508453874,-0.0181805013532611,-0.106132951022966,0.024640625127881,-0.0404865995954821,-0.256420948523167,-0.329927393759029,-0.174859065883636,-0.00504151395704967,-0.080351368566219,-0.0744404934892324,-0.0540166744281146
"Frontal_Mid_R",0.0325740625783451,0.0305010182151041,-0.212901960285855,0.677671276036677,-0.310322461002817,0.428328005219276,0.390127799796647,1,0.0566113198241709,0.591014914677254,0.28313668915955,0.583038561494215,0.282718935847133,0.586086597810509,-0.138240416867285,0.175108261933116,0.00536286616713282,0.0350898550183725,0.0420676974856917,0.143459341649005,-0.471297610728307,-0.143335176602406,-0.119532311035192,0.155548398064932,-0.215629081144979,0.0894875772770106,-0.288856663854787,-0.127449946618486,0.155904471921788,0.17643640874784,0.0492122941813611,0.303569650260309,-0.0321900162824361,0.284736012533083,-0.0701589192517213,0.00431206636072712,-0.335827200889851,-0.281354074219627,-0.317950190390754,-0.30703660076247,-0.0350206792168315,0.0196009919698689,-0.244808049798977,-0.233750687583333,-0.222577340156212,-0.176305247642145,-0.345703010331588,-0.284293594342012,-0.247590920757601,-0.181103332136215,-0.223341159620115,-0.074465561332216,-0.17215936780377,-0.0350751777315148,-0.22404032904178,-0.228542840554138,-0.0854980218759973,0.021845225352106,-0.266668399813599,0.18206153723831,0.250076975354893,0.681841778085799,-0.00567898004858495,0.298101340818295,-0.0236881573641938,0.488376148846952,-0.233827483292009,0.000566208242116029,-0.0760199502296809,-0.0987654956130339,-0.104340117350346,0.157300853337318,0.0602062607412346,0.184442490729765,0.149392631121576,0.311927635975161,0.0425635029898633,0.137511025100302,-0.059707490850668,-0.115160709030412,0.00910400063332838,-0.0758237072701067,-0.113648466055051,-0.048358772946532,-0.089335152044485,0.08738805897867,-0.14350951704385,-0.270793856086488,-0.150331979707464,0.278574436360969,-0.0791577684869137,-0.130862521522274,0.166934205013006,-0.0419095304832687,-0.183286513763092,-0.199420244572431,-0.37278130934887,-0.366496530953686,-0.296988321462769,-0.375937544063156,0.179461622297764,0.0805851270511775,0.0729666892555767,-0.0566819418708435,-0.077790228062533,-0.155963518362486,-0.0715979182520357,-0.156444211121743,-0.0542411872250328,-0.109220242686541,-0.340600118120226,-0.302020359315253,-0.0538433155982067,0.0306991135948626,0.098559999958003,-0.101114410907053
"Frontal_Mid_Orb_L",-0.0470753903388197,-0.159150359011016,0.300673744979937,-0.0209554825997725,0.48710592531861,0.305467480264886,0.286473316256844,0.0566113198241709,1,0.224712316304333,0.0195015704440343,-0.0657801749977225,0.209762255574245,-0.0936191538824764,0.233951533490173,-0.116841753086235,-0.0614862268219158,-0.107484298353959,-0.0846434404454966,-0.191526468265162,-0.0476032539114172,-0.130646602592086,0.0491213545374527,0.0499238286878608,0.0681039500662299,0.172360785844902,0.236994609107732,0.382277086982906,-0.0599979511508749,-0.178838962907168,-0.0227274530780154,0.0639373253416077,-0.0623673014229455,-0.0102075642371189,0.0907503034398442,0.139748984239345,-0.21833056896332,-0.223386351914788,-0.143597366062588,-0.254374295158644,-0.318840754224024,-0.292025504367069,-0.0616724157584249,0.0143271636324711,0.0236625992183363,0.00138826457935767,-0.13963869502429,-0.0755122667165865,-0.0221056375121108,-0.0502905817448485,0.0761587925107178,0.0193641806799249,-0.0777847344414399,-0.0203900606032473,-0.0759736370465378,-0.0699357821730234,-0.0864011867561013,-0.0563651436503218,0.26869284055957,-0.019348240367441,0.227704222373395,-0.0628752525890707,-0.0293956293191259,-0.0913833700266845,0.283518401756672,-0.061891108751224,0.155290114615018,0.122657424106456,-0.0554077000110308,-0.00652002284854073,-0.0632018377744001,-0.173523181460942,-0.177553805349231,-0.194040890146434,-0.225643592915004,-0.233803890635893,-0.170832122394464,-0.206575085974038,-0.116672772682475,-0.082365914994988,-0.0993972620711874,-0.172115707859858,-0.187304110145286,-0.203351905291456,0.0628904410802698,-0.135864988542093,-0.0185111051831171,-0.0578294620140488,0.0365252443472707,0.0252341559702003,-0.202046447407935,0.0300309672708171,-0.113027391560421,-0.0156561656489936,-0.115173008296287,-0.0293200412646952,-0.155571478900352,-0.075211339212579,-0.177383335828561,-0.09567974436414,-0.108018109114059,-0.0117864216153351,-0.0619640240822637,-0.0789195847704847,-0.0745267946464796,-0.114352087500576,-0.0351710224602908,0.0249998232968475,-0.0640908109814842,-0.159141180305215,-0.170765024656591,-0.232373374880703,0.0823635494320175,-0.117714776240131,0.0784315766378379,0.11652424078984
"Frontal_Mid_Orb_R",-0.111578832806864,-0.146399945473186,-0.241252249848867,0.254250425248093,-0.169901965197959,0.739228458630806,0.0711316398313771,0.591014914677254,0.224712316304333,1,0.225562244493118,0.444447677932175,0.20303789243271,0.556207091334355,0.0372093190341321,0.296696071935323,0.0306864666644781,-0.0178302645477756,-0.118616896535062,-0.125741485509039,-0.250274233684404,-0.127686305322612,-0.157048864792537,0.158362662370827,-0.166727297760574,0.155629556537697,-0.170398222344845,0.0352953220707233,0.0759087018253043,0.0975252864824223,-0.0927591924407202,0.206554505856848,-0.183410573324067,-0.01646636117915,0.0219646764542515,0.0395168720908,-0.119895060599472,-0.0945143148193861,-0.0574206294899202,-0.108881984372866,-0.125692065777471,-0.0976508439378056,-0.113203029179946,-0.114746306731849,-0.121519990637594,-0.0242381493887944,-0.0925930999625668,-0.0830483129993672,-0.143023799863178,-0.0807269174798941,-0.131349757304636,-0.0532524421253417,-0.0876764348158964,0.114728341989161,0.0116992764252306,-0.0273802694488491,-0.128312298853613,-0.106768307130516,-0.0618242654227276,0.218966047153741,0.272056556042217,0.556751778861091,-0.105942413829488,0.0734850322034953,-0.0633919422923976,0.340944995983625,-0.123001019629196,0.0763519603308704,-0.115401265654769,-0.142603626474326,-0.123550156593578,0.0571123538043518,-0.0262187230860879,0.0521454964457041,0.0377361286673177,0.106481386579528,0.00823208958266076,0.116495220997233,-0.0839171236746434,-0.178892003340345,-0.0408182417289214,-0.144104768778036,-0.194535857964135,-0.0371341975088305,-0.133903937025973,0.0333480376364854,-0.169456154093574,-0.143052619958073,-0.112040159858373,0.269230640788516,0.00491244159877825,-0.0159371477564299,0.2492410269959,-0.034447827032236,-0.240598580354462,-0.121372003703188,-0.182947429031964,-0.0554773124125586,-0.045067511316721,-0.179672859517447,0.190879885067426,0.0580619250523805,0.0110493358071749,-0.131183202287944,-0.110507012048679,-0.209697628583242,-0.0650494964001568,-0.207662568861062,-0.152278152806806,-0.15189907687212,-0.137652229392631,-0.0914969440614157,0.0380038112063348,-0.0477662388360968,0.0623889590555433,-0.112460234628369
"Frontal_Inf_Oper_L",0.423733472417955,0.0911683291209671,0.100571984217263,0.0388097631772251,-0.100124418982628,0.0766923003466735,0.229165345731537,0.28313668915955,0.0195015704440343,0.225562244493118,1,0.505303984339369,0.798525686324854,0.527875994103206,0.521188749282141,0.319058143968604,0.338831076397478,0.147038808294329,0.263222219686905,0.0891488684806455,-0.275443383485528,-0.153644700264383,0.0386161090526033,-0.104203990808036,-0.208539484961611,-0.282391013505461,-0.166508429981159,-0.219586291398113,0.373138044833368,0.37365931248386,0.158038430807398,-0.0400796537256026,0.239051473690351,0.210736988240871,-0.105507107027282,-0.225210862340927,-0.269908678849947,-0.249286749255514,-0.222279498306622,-0.27621511346695,0.262772265297356,0.151443736515706,-0.0976036357421452,-0.141832329667808,-0.0438838753598573,-0.111325953548518,-0.051913709556949,-0.101201279585579,-0.0402667139931333,-0.0720200811433826,0.0133617134649318,-0.0185978368242928,0.221132044073119,0.170808424712223,0.0805302936863989,0.0148945544799519,0.0474312520658917,0.0639412626263278,0.0491110047927139,-0.00562454466316935,0.342958514429468,0.104619761287193,0.31362853072867,0.257673162361219,-0.0209769681119096,-0.0915911185916506,-0.20577710025403,-0.319612499037116,0.0919765426758853,0.081365814264996,-0.261260741595456,-0.113190248254839,0.163520179798196,0.232344055491795,0.131565453845348,0.20152137432044,-0.123736694768529,-0.211998978706591,0.234160632768866,0.0605758957889426,0.268800326820288,0.146512206593375,0.397460756791241,0.111091235115597,0.216426896439527,-0.0916917641278459,0.0873045958987372,-0.216465634070069,0.230880637314212,0.128621776161847,-0.040773438696454,-0.015482766457727,-0.106989166941188,-0.0617450942978247,-0.266993059832201,-0.279917992989468,-0.181373418508544,-0.171849842740015,-0.0399976592468757,-0.162188846316716,-0.0376358742553725,0.0587399535183806,0.00688580333154114,0.0148031653297875,-0.36892148716045,-0.242572211198193,-0.178521100154849,0.0984243841161546,-0.243793840297848,-0.167629042668082,-0.256147648014785,-0.178788844485888,-0.112026593615724,-0.0616425734545532,-0.0338394709913436,-0.229266702547598
"Frontal_Inf_Oper_R",0.342872546310397,0.282597580738581,-0.26626801286954,0.278340626969326,-0.379518697173492,0.247486309563509,0.0581488038862328,0.583038561494215,-0.0657801749977225,0.444447677932175,0.505303984339369,1,0.387484386344822,0.661992382933143,0.121686821119347,0.437048491212799,0.368569331522729,0.340011047160189,0.328221917085191,0.319357583150145,-0.521908444156254,-0.214998534468846,-0.208402566520382,-0.0872801745751309,-0.375904405424891,-0.288233473782215,-0.36297390771197,-0.28471438070075,0.442057130974324,0.558014527163383,0.0150076047896067,0.0622929835620543,0.130359224048228,0.272955372979361,-0.245092906161765,-0.324194749660374,-0.360775101522198,-0.180728595225814,-0.27965364879223,-0.192587100405285,0.241429088464973,0.190668494626225,-0.208944713196539,-0.219151660572865,-0.217067565679982,-0.145910765888112,-0.152406369758489,-0.148887988333585,-0.144170357454542,-0.07326356724087,-0.0853034183279006,-0.000825966227246732,0.191775128740916,0.167598680792148,-0.0227301898293816,-0.0261413122319017,0.214165815352457,0.336770101499042,-0.0208546654424886,0.196277293275896,0.369844541734807,0.450729879398218,0.35604566112608,0.590602276261434,-0.390891649390092,0.00616042855838825,-0.4207540022381,-0.30885597040436,0.124210000939594,0.127970486621393,-0.325666710750683,0.0186587207422208,0.172705380682972,0.426387826187708,0.080093668641713,0.412762115564856,-0.112750274237679,0.0363581959726544,0.277921042057691,0.157289100414192,0.35178513359997,0.121855559926003,0.197717287020494,0.145697932023042,-0.0201116124414751,-0.0164057301961324,-0.135496571938622,-0.337400314118878,-0.0246800735265306,0.336536696575253,0.0744555588055866,-0.120423522438104,-0.0206051155690011,-0.210163537962906,-0.323051900869817,-0.327520246764263,-0.321571078423136,-0.202952862750602,0.0171324694546991,-0.114499030671499,0.227465996062737,0.0595732730473112,0.197445485279435,0.109616193342152,-0.266126232738044,-0.325376504665506,-0.07247378740018,-0.140811134735365,-0.191718313931317,-0.190898014182409,-0.291633665228402,-0.187485743465351,-0.165926402194434,0.0874029553449897,-0.0670646046535851,-0.266555091261836
"Frontal_Inf_Tri_L",0.349876313121488,0.0209738145980818,0.1857169323722,-0.00635613100999382,0.0188619993255018,0.08274064701619,0.35711634932677,0.282718935847133,0.209762255574245,0.20303789243271,0.798525686324854,0.387484386344822,1,0.515334185362826,0.550954046355738,0.359432420321397,0.226364985646002,0.062793816034842,0.239746441285227,0.0250151562527362,-0.208312213558979,-0.155699998959375,0.149381276067887,-0.0436747339824175,-0.134364320135497,-0.190183787346755,-0.101564712800104,-0.183106857672828,0.289217817171859,0.269922481054426,0.242091557154568,0.0258433271149848,0.182215424144526,0.157818399986208,-0.00239966749457444,-0.0918388116838465,-0.247594587671423,-0.288897669393364,-0.201011311301753,-0.242411614284724,0.216239166186413,0.158110250414511,-0.088728676372374,-0.191669940902804,-0.0462112399617219,-0.138523838968876,-0.129798307315595,-0.247582418710641,-0.106298452727886,-0.184731741765442,-0.112683053253138,-0.157042546758258,0.0265368691229391,-0.0517667822655688,-0.045518481801274,-0.135138950073125,-0.0109404903023186,-0.0336980414420134,-0.0495272305908184,-0.137206913658807,0.326829972700322,0.0213730000551811,0.288845774836759,0.135912268618771,0.17131529500786,-0.0293562235327378,-0.183707698263306,-0.264415515893683,0.123943344927383,0.0609803166533462,-0.105606534503851,-0.103696899525012,0.157580985826222,0.170957876867569,0.13268220483164,0.134751824068668,-0.0574830941365823,-0.221650006210213,0.212857398843186,0.0560085162771595,0.226551433351025,0.145846763975125,0.336716317451106,0.0846289828602621,0.31378165232463,-0.00272910932878269,0.168192880791454,-0.126401878660297,0.270227468414812,0.157751948325499,-0.18984569690273,-0.117097431345406,-0.114583921794319,0.023921188979792,-0.147500406015302,-0.244480512519759,-0.232935063212587,-0.275144024585682,-0.199284698100419,-0.330078296132998,-0.210372884323256,0.0902244651744704,-0.210107693748441,-0.104238867248496,-0.370081323957077,-0.226545578674181,-0.257276493610135,0.0405241766620607,-0.215688450287924,-0.194341527904761,-0.273661805110327,-0.269071500372685,-0.172828486777736,-0.0347422601185097,-0.0133347951839405,-0.180747644219482
"Frontal_Inf_Tri_R",0.0763244283841863,0.0276414123984065,-0.274286895168233,0.228334835515668,-0.234072396118692,0.340792028160432,-0.00446402946205952,0.586086597810509,-0.0936191538824764,0.556207091334355,0.527875994103206,0.661992382933143,0.515334185362826,1,0.145699625726836,0.568320876512459,0.0861348969332818,0.060526276577301,0.0823996769015832,0.0983495746646006,-0.335523832534498,-0.207518364087878,0.0426077342463248,0.200648366456234,-0.193433489655074,-0.090199553986237,-0.182754738913902,-0.207422794566292,0.130827530559569,0.214976123505589,-0.050167615516377,0.0460983636156857,-0.0197252072210647,0.121655417525081,-0.0366088338361278,-0.0514869071765937,-0.177557316055891,-0.0980400270525119,-0.22468808967344,-0.0952386262837743,0.136631758713132,0.165763576266691,-0.132622353034395,-0.233041705471223,-0.184342372384948,-0.179749977134846,-0.171714914232692,-0.255114828673848,-0.21028512781829,-0.161740069574119,-0.208789354760261,-0.114257321420269,-0.0758567716888342,-0.0339314803340913,-0.0562130662116239,-0.163171065013675,-0.0937538585450651,-0.0457202138558471,-0.204833164680466,0.0625855923645322,0.160306118496597,0.433437203014511,0.0633389851778852,0.227692764083164,0.0201636194565472,0.359584697660344,-0.173377938376685,-0.0546295216990516,0.0994086177791041,0.108849336320572,-0.194305767131014,0.0461078188444193,0.0338938459220552,0.187191985013803,0.125064404943666,0.299909561158544,0.0188998081088705,0.136575319591791,0.0939293851350096,0.0417789432685722,0.0875567061823685,0.144216266386512,0.0712427745810175,0.0147327551097209,0.202108765303677,0.31148359555146,0.0112833018897439,-0.0843643845891822,0.15581448645345,0.357832810366547,-0.0537311030248822,-0.19648377850385,0.124820912615496,-0.121839351467851,-0.259737208364332,-0.183708873583766,-0.262300833253092,-0.238263502757638,-0.23877657638994,-0.41208675620155,0.109853205719097,-0.0379352673546595,-0.00384387925632586,-0.133754456439475,-0.143770919587264,-0.20470519332123,-0.0987019873879215,-0.280445559589194,-0.124076855795916,-0.118209363051529,-0.186531316753263,-0.265396158817038,-0.247995613583754,0.0117819478363326,0.0951072209978009,-0.156050837432705
"Frontal_Inf_Orb_L",0.31513612988962,0.0821563224914186,0.43385964225117,-0.203870057773974,0.250546734581156,-0.0382978986450915,0.208666335525843,-0.138240416867285,0.233951533490173,0.0372093190341321,0.521188749282141,0.121686821119347,0.550954046355738,0.145699625726836,1,0.472738736831334,0.280847542779884,0.100907418241259,0.330145468606249,0.0812498754285786,-0.0402983522132565,-0.130621256875356,0.387819682852297,0.127408755608638,0.0348267561823753,-0.169474761822404,0.118787640272853,-0.0559402023911572,0.351267708729498,0.273363623631466,0.320592385385467,0.0805532698196155,0.241506414524238,0.0683330692655095,0.0133058650568968,-0.160911716692718,-0.167110929459544,-0.262006248347189,-0.11352134487855,-0.208654996201354,0.12023935045175,0.0969202923066227,-0.0903425181072605,-0.107207388053701,-0.00364666216483205,-0.143217269070664,0.00469620277090023,-0.0832612925219941,-0.0637047804010949,-0.103829039556876,0.0110492439085244,-0.0606115784068631,0.109673104817008,0.106284328429681,0.0330375280059314,-0.00418472862952642,0.0896256493481669,-0.00453383278086739,0.105572863318022,-0.173131374296786,0.118442577828998,-0.248294283765835,0.350876287679702,0.0508118354535986,0.141616081889643,-0.294046200242356,-0.200414925391773,-0.4123998642379,0.0846336631720285,0.0639518692511612,-0.112590301507283,-0.145263719282285,0.18877872680979,0.152385786738599,0.0859761370891284,-0.00399999346143031,-0.128079994254167,-0.365106252853933,0.330041405390245,0.130485934758798,0.271067132136214,0.110286109560223,0.608494420202309,0.220963892911363,0.380247686063476,-0.0519132524536295,0.348432648230386,0.162688597510389,0.292818839258745,-0.0541793256378436,-0.281163909528765,-0.110704134441129,-0.304779238773191,-0.0601194057871962,-0.14710740876921,-0.264884277511919,-0.150022385612397,-0.146519826990704,-0.0315050373610286,-0.0586434645856713,-0.250689553431385,0.0289681285372143,-0.131897081988394,-0.115414313694028,-0.368388721074805,-0.249522583026168,-0.292476567098679,0.171607208722551,-0.169958052567586,-0.266238444591859,-0.207828339612069,-0.070653354066375,-0.114918557805725,-0.100883998794469,-0.108791453378803,-0.152285948518277
"Frontal_Inf_Orb_R",0.187092231581723,0.178892361480291,0.0404133896625383,0.0386386930714457,-0.0560818708475418,0.160028312167882,-0.0121160898746488,0.175108261933116,-0.116841753086235,0.296696071935323,0.319058143968604,0.437048491212799,0.359432420321397,0.568320876512459,0.472738736831334,1,0.244809626005293,0.168602959115017,0.244790659335132,0.179183135011914,-0.187234776811821,-0.104022820348723,0.216886258903848,0.316317570653842,0.0215657919049521,-0.049949749074278,-0.065758518132747,-0.19664019174173,0.265220170676703,0.419372150956807,0.12339996309687,0.0893171826933447,0.114666853838306,0.0750780557663514,0.0109759933721744,-0.167223111228463,-0.184480432500649,-0.126955415168511,-0.120943615427165,-0.0106155976605421,0.256123099794041,0.32739635495326,-0.193519284530258,-0.249226726968634,-0.0632476476674589,-0.101245794384214,-0.0916672733559406,-0.141770029033246,-0.106718030745718,-0.173618608886156,-0.145738329235712,-0.151143521904039,0.0142334324314313,-0.0771631360910764,-0.0102415242573223,-0.0599942151321145,0.198178048121427,0.117413424200476,-0.0414439063909345,-0.0408625494094321,0.145287992122443,0.0723668402214962,0.364591841524863,0.270234559528667,-0.0188167968691571,0.0554426140247156,-0.181770080020945,-0.194075431468773,0.0989996692300026,0.0109500428534962,-0.217414883703493,-0.0161841149502687,0.278739705930498,0.358892922044751,0.193449659950179,0.322200808284114,-0.0577373305547557,-0.0361499563712243,0.300787961821798,0.171438562490453,0.268644837107307,0.301456198276213,0.424719109471955,0.443474677977631,0.312050534871754,0.337287943264059,0.160294985171088,0.275071137726217,0.0342556292664944,0.194561702977889,-0.222253295102121,-0.271640578734948,-0.136920409748072,-0.195333417446346,-0.338115315531211,-0.372053402929488,-0.309343477394687,-0.130894190055989,-0.090630412798503,-0.173777009121269,-0.119936774372761,-0.0995909732807982,-0.139165454101727,-0.178065095938941,-0.345147584076827,-0.306974821919979,-0.362302669045579,-0.0852929469432427,-0.253419759425219,-0.32775829712904,-0.141880667951569,-0.134099644937864,-0.258089768032539,0.0259659924746345,-0.162799050255014,-0.352158468915663
"Rolandic_Oper_L",0.532068850952284,0.490019945375861,-0.0740437568077115,-0.157178234674308,-0.191889044353061,-0.0816287079972786,-0.123803459337449,0.00536286616713282,-0.0614862268219158,0.0306864666644781,0.338831076397478,0.368569331522729,0.226364985646002,0.0861348969332818,0.280847542779884,0.244809626005293,1,0.81194003304122,0.511217181987931,0.3582349722241,-0.198021800965997,-0.0478428197639903,-0.121875080359727,-0.198941183263339,-0.242824219435414,-0.271275976722995,-0.189385963999564,-0.209765605196516,0.680718280779867,0.765449092862181,0.0952286012976576,-0.0629841638594161,0.414286548745091,0.356367520767574,-0.259086883827182,-0.36549777008929,-0.151555316673999,0.0165736492033929,-0.269826508994293,-0.13547943276896,0.317668877733158,0.379396378742755,-0.292820983733592,-0.24492308633079,-0.185793562681615,-0.165586001283213,-0.10899513012903,-0.116476321905815,-0.173362680512874,-0.251186973691151,-0.23089784464668,-0.252827131596498,0.110792073609204,0.0620009425569854,-0.100798422724081,-0.0830961588932367,0.687808350528584,0.622380008821853,0.0988041154901224,-0.0295383087404277,0.346783186640387,0.0196034351841495,0.783091788002686,0.57938307628715,-0.256492052266929,-0.304824768734445,-0.348791079678115,-0.338896091909186,0.270967083097058,0.216182857966747,-0.314290411543653,-0.197806126200482,0.301971860484311,0.573387063535123,0.0653213687513024,0.322515497511023,-0.0890035537786383,-0.0745382633073876,0.76646727331851,0.576302235859753,0.853739997929508,0.519493816181174,0.363903917089,0.455904977345215,0.211818222459089,-0.0361788703982175,0.037633274785862,-0.00180672442856337,-0.0860587673229105,-0.0104148489957221,-0.213891121597743,-0.286755010147025,-0.421764070721191,-0.406750562274931,-0.270729135000447,-0.331537718161712,-0.270593790333804,-0.109002494126246,0.0557021637588335,0.0189135712266882,-0.265721258695323,-0.222692451196844,-0.123650767547807,-0.0269828891734138,-0.528423815404266,-0.339349285477031,-0.173129138627445,0.150214191287413,-0.134454368848194,-0.314268453171893,-0.295190240300972,-0.121363784935336,-0.237273097545721,-0.033445545848037,-0.222298983137266,-0.193091612983564
