"","Precentral_L","Precentral_R","Frontal_Sup_L","Frontal_Sup_R","Frontal_Sup_Orb_L","Frontal_Sup_Orb_R","Frontal_Mid_L","Frontal_Mid_R","Frontal_Mid_Orb_L","Frontal_Mid_Orb_R","Frontal_Inf_Oper_L","Frontal_Inf_Oper_R","Frontal_Inf_Tri_L","Frontal_Inf_Tri_R","Frontal_Inf_Orb_L","Frontal_Inf_Orb_R","Rolandic_Oper_L","Rolandic_Oper_R","Supp_Motor_Area_L","Supp_Motor_Area_R","Olfactory_L","Olfactory_R","Frontal_Sup_Medial_L","Frontal_Sup_Medial_R","Frontal_Med_Orb_L","Frontal_Med_Orb_R","Rectus_L","Rectus_R","Insula_L","Insula_R","Cingulum_Ant_L","Cingulum_Ant_R","Cingulum_Mid_L","Cingulum_Mid_R","Cingulum_Post_L","Cingulum_Post_R","Hippocampus_L","Hippocampus_R","ParaHippocampal_L","ParaHippocampal_R","Amygdala_L","Amygdala_R","Calcarine_L","Calcarine_R","Cuneus_L","Cuneus_R","Lingual_L","Lingual_R","Occipital_Sup_L","Occipital_Sup_R","Occipital_Mid_L","Occipital_Mid_R","Occipital_Inf_L","Occipital_Inf_R","Fusiform_L","Fusiform_R","Postcentral_L","Postcentral_R","Parietal_Sup_L","Parietal_Sup_R","Parietal_Inf_L","Parietal_Inf_R","SupraMarginal_L","SupraMarginal_R","Angular_L","Angular_R","Precuneus_L","Precuneus_R","Paracentral_Lobule_L","Paracentral_Lobule_R","Caudate_L","Caudate_R","Putamen_L","Putamen_R","Pallidum_L","Pallidum_R","Thalamus_L","Thalamus_R","Heschl_L","Heschl_R","Temporal_Sup_L","Temporal_Sup_R","Temporal_Pole_Sup_L","Temporal_Pole_Sup_R","Temporal_Mid_L","Temporal_Mid_R","Temporal_Pole_Mid_L","Temporal_Pole_Mid_R","Temporal_Inf_L","Temporal_Inf_R","Cerebelum_Crus1_L","Cerebelum_Crus1_R","Cerebelum_Crus2_L","Cerebelum_Crus2_R","Cerebelum_3_L","Cerebelum_3_R","Cerebelum_4_5_L","Cerebelum_4_5_R","Cerebelum_6_L","Cerebelum_6_R","Cerebelum_7b_L","Cerebelum_7b_R","Cerebelum_8_L","Cerebelum_8_R","Cerebelum_9_L","Cerebelum_9_R","Cerebelum_10_L","Cerebelum_10_R","Vermis_1_2","Vermis_3","Vermis_4_5","Vermis_6","Vermis_7","Vermis_8","Vermis_9","Vermis_10"
"Precentral_L",1,0.603504428128071,-0.0938945184454548,0.0584931023109989,-0.192751887349847,-0.0993132334998607,-0.0630013372179913,0.208849466844204,-0.0529445189111467,-0.0382557188144217,0.423541959250788,0.594723393479525,0.0910922241897091,0.306048542936648,-0.0480641010795103,0.130959221880657,0.506617295244489,0.383646412783593,0.48437672320498,0.553444790240908,-0.224707242903644,-0.229420455890958,-0.195806392508618,-0.174263751778031,-0.320153258217692,-0.268950285301225,-0.131347494162618,-0.14063543984906,0.235323062221985,0.335898887077346,-0.259992850257754,-0.106950116803885,0.0234580541713233,0.172250488505701,-0.341060702205793,-0.402441509858052,-0.195163121533026,-0.0961271587052337,-0.241347337964399,-0.124545955511946,0.00316464821457815,0.0989926156841801,-0.255342977162375,-0.182619518435885,-0.204359723543901,-0.101881028526109,-0.0611745274889471,-0.0166754270769267,-0.133808372466084,-0.0519141352743716,-0.00840987040640286,-0.143691863225485,0.196965294573619,0.0209045835785923,-0.132173069147478,-0.0143185131532152,0.660334810656073,0.57162313050976,0.0909825159719833,0.103425083959448,0.30725705208946,0.204891460706768,0.482849761990122,0.305339010434655,-0.358009808144204,-0.251147204339494,-0.449695737225206,-0.37812480598222,0.247531367568605,0.125104516291885,-0.249870988246202,-0.211211753053153,0.056793007319644,0.18056893062584,-0.0988981306652924,0.0958712899899899,-0.201812574143516,-0.146472171591516,0.318670492552105,0.266948443737233,0.342066294679944,0.296663268308979,0.0185180086864772,0.0962995052631281,-0.0480459870981393,-0.0738784904084856,-0.200221633410073,-0.176407811779374,-0.0833664812735721,0.0531652470906087,-0.0578399235206425,-0.145975085433688,-0.0998577822396386,-0.115727504285005,-0.13128078299453,-0.143253259498235,-0.1810266804978,0.0240054428565711,-0.0990641987226445,0.0405481521774844,0.0773416631987343,0.00680286833252143,0.148353728116513,0.12145880144289,-0.226511823777228,-0.161658874055224,-0.269167397559928,0.0200666815413947,-0.0551010325487422,-0.229234023057672,-0.226987264554908,-0.174698533920133,-0.127048265099432,0.0442371114748439,0.00988781571149022,-0.167358555535912
"Precentral_R",0.603504428128071,1,-0.0958997006143387,0.098705094759463,-0.0830648501421302,-0.157508149589681,-0.176724380460512,0.0903760810469288,-0.123060322690162,-0.111649044053889,0.15926052484464,0.345556163364605,-0.0128808497597409,0.0990621152237112,-0.0950660555223992,0.0241299119851678,0.536106759788492,0.615477136934574,0.471366333739428,0.485645653228219,-0.183979274257334,-0.20588701046363,-0.243994997222068,-0.161270739511785,-0.154837176799084,-0.16859164037648,0.0119439379663936,-0.0911196354725972,0.214441186906869,0.385470221712208,-0.246710711717608,-0.223033607343817,0.0480876995211429,0.155805296924738,-0.245897335935155,-0.210602203195983,-0.0668378629093067,-0.034058991985143,-0.0983043269198298,0.106064525138632,0.180505732178204,0.233476380131157,-0.223701759271847,-0.173990655748634,-0.192605060265275,-0.114119559736651,-0.118646026279836,-0.0413425803673434,-0.153939223571543,-0.0688980855024297,0.00459189192235416,-0.0853058934513379,0.0674815642796908,-0.0858962401981269,0.00365864161475677,0.000898940502282806,0.74900477876298,0.636066536274155,-0.0449603211542109,0.0453917393645569,0.0758784472525105,0.0511855796076253,0.41178869687392,0.220412991987778,-0.291734299237844,-0.19942804107744,-0.398756621617914,-0.260399630647125,0.303987199437585,0.232581001501557,-0.277960980110291,-0.263125043200098,0.144554203257413,0.333817600530286,0.0415872726889895,0.211526184188782,-0.0708948302958094,0.0370995201229128,0.486190192764762,0.555195278242879,0.502373824057266,0.428136048286392,-0.0284841632720668,0.184333452256019,-0.0316200971165377,-0.0871663067536383,-0.0925747245751969,-0.108620405098836,-0.030519362904284,-0.00149551695027935,-0.186292165913682,-0.205664497356041,-0.163777758851083,-0.161089284517465,-0.103217521286505,-0.139239950679926,0.0462704159826296,0.0392145836488289,0.0432202842945248,-0.0433430185087966,0.0647485834906973,-0.0233738547617161,0.103841285080871,0.136160577268621,-0.159617280771682,-0.123627355081974,-0.13278156064619,-0.0721974644832613,-0.0986618416111409,-0.10262211559892,-0.120269133207859,-0.144040206924464,-0.27254285555954,0.118856830212235,-0.098308322518735,-0.302665825697975
"Frontal_Sup_L",-0.0938945184454548,-0.0958997006143387,1,-0.0162293865451359,0.351904489567023,-0.051795203723225,0.600927808846699,-0.224961133162892,0.29785056039297,-0.0680192123794703,0.0881297136609514,-0.202994439280727,0.130900974901708,-0.198996904150972,0.197473572642091,-0.0464039837572717,-0.0968014837677763,-0.147940308450786,0.115805193904893,-0.0252694041107433,0.0507398954860274,-0.108979405671895,0.652110500598439,0.508547807408888,0.353057116940696,0.295528102078278,0.127292735776294,0.0942203131233363,0.0405704044597864,-0.0742164228630999,0.176858970303633,0.224049304586896,0.0898701619046714,0.105277899203287,0.278839768643149,0.0537519622919998,-0.137180909361366,-0.106047042918234,-0.108041260159888,-0.0191612183223737,-0.0643636461579437,-0.0471338184792832,0.0179845910763005,0.0413126984537501,0.0355274643822483,-0.024203963146058,0.0211266170718405,0.0434557870019324,-0.165492100751306,-0.203908526348652,-0.39213040557219,-0.306349999705721,-0.388263938327463,-0.250948595727069,-0.103228388079802,-0.158260389485069,-0.23221733984675,-0.281592106935235,-0.356897248363675,-0.438406435940975,-0.230143880266222,-0.320161588191365,-0.206691526636543,-0.154070863867969,0.412911079482701,0.0290492865213576,0.032435781849818,-0.175214652399229,-0.00244736194895687,-0.13888507137496,0.147280469116591,0.083476140196435,0.111780889468199,-0.00226363091816162,-0.00432225597316134,0.042112685520743,-0.13425510641026,-0.025474054185432,0.0759167288861026,0.0107448897513098,-0.0486176453980584,0.0827125567307327,0.0758146159016929,-0.0169474682743628,0.355756638461609,0.20473482106557,0.17071047925031,0.273929704100375,-0.0724018847238042,-0.188662607700871,-0.405390724539589,-0.0470747099638208,0.0010418870225732,0.213084261168585,-0.171103459523867,-0.201696647967852,-0.123409514818161,-0.12535012061483,-0.334345094241648,-0.120158297305332,-0.293556392387908,0.149660610385851,-0.217346070516309,-0.124276776103305,-0.118133308656469,-0.0795431718070394,-0.303398936865221,-0.00958804713844892,0.0639129803154241,0.0941423964251222,0.0730285361814126,-0.258751513489501,-0.125960338393424,-0.0685057414482489,0.104844250404863,-0.0515261770186859
"Frontal_Sup_R",0.0584931023109989,0.098705094759463,-0.0162293865451359,1,-0.164917564771415,0.380001526033272,0.101987768323956,0.686494538728192,0.0920347046168909,0.396238230604987,-0.0153664972949787,0.224346144239647,-0.040145291754196,0.347870764433905,-0.160199332414078,0.124057861967252,-0.0243476399779148,-0.0666884516966139,-0.0760309562480726,0.103314051480299,-0.14634943491707,-0.023933171571468,0.157790478478238,0.428324761517643,-0.0211301902951613,0.207869913093195,-0.0844469216927485,0.121502223057162,0.0181588471363484,0.0110705260298376,0.0215106164495141,0.348553552541624,-0.100126892076596,0.10978115286339,-0.0974337243968215,-0.0118469189365411,-0.272506507234896,-0.245466140762463,-0.173747964477415,-0.222585495715074,0.0269183015105802,-0.107393628702973,-0.0530140120000979,0.0671893957691442,-0.224034482311276,-0.0975427548119829,-0.018937352535604,0.10659046649722,-0.250011617047238,-0.0214741367156643,-0.0753146219322719,-0.0279532606409829,0.0460313276111127,-0.0849931537700096,-0.0463951822765584,-0.0491843411316557,-0.100379364808957,0.0396993565845601,-0.129931013529738,0.217602495555917,0.121355621122327,0.486691928877827,-0.11902474781602,0.100517974209284,-0.0401911891450871,0.408936132476053,-0.19121747042271,0.103553058088759,-0.0927995695911801,-0.0176259537367126,-0.0870849130080642,0.00178689768482403,0.0531277963020162,0.149331146993889,-0.0302010112495683,0.0957915912503253,-0.102494511839612,0.0990262121807357,0.0676871389537151,-0.0086031781566721,-0.110487235448374,-0.0273727120484184,-0.220737104375328,-0.292496369974716,-0.207516328366697,0.0972738388235323,-0.238037828725496,-0.132420689810638,-0.186911818385276,0.17125617872004,0.154933158570994,-0.102358851673889,0.292219356758222,-0.0533453949980673,-0.202100340013977,-0.359969691494276,-0.326712482419674,-0.2084219580056,-0.0555315426892578,-0.118859078930286,0.0654594494616001,-0.113207000110406,-0.0423515198234641,-0.170800368683499,-0.120767797429335,-0.0937236327827225,-0.0483519140969612,-0.145267881146104,-0.0603402624230853,-0.111187190203897,-0.262274130320113,-0.236646311247489,-0.129420375503857,-0.0914172520456236,-0.165085239903186,-0.183953278492079
"Frontal_Sup_Orb_L",-0.192751887349847,-0.0830648501421302,0.351904489567023,-0.164917564771415,1,0.207699329116063,0.0831705182879592,-0.274203147847904,0.358346530291874,0.0248758060975534,-0.0785092739393444,-0.0992701234543745,-0.0563379432060395,-0.0912320721889485,0.215351003970571,0.146335573978338,0.127480806329899,0.174097272879623,0.0121618826279397,-0.08992753714309,0.375826612251867,0.20975656677314,0.231021928396913,0.150210401170279,0.638551735961474,0.48338336762185,0.753837550426385,0.567683705719001,0.0085476198402737,0.0861085671116021,0.135228446059616,0.0218510817783257,0.126489954194792,0.0084271944360524,0.416265417536312,0.22738715030458,0.171272313743247,0.0935129964461076,0.31033151994384,0.0933979453287685,0.195355613221896,0.0683718475753279,-0.0899316277369514,-0.175889031400178,-0.0588963380014304,-0.14842997495416,-0.118680769934647,-0.0716257042739043,-0.145281073345102,-0.253698030420785,-0.137213674129082,-0.216652978319222,-0.145394944121118,-0.176688780346081,0.184628637776828,-0.125087764478598,-0.00634686704433686,-0.165952278340977,-0.259803854675898,-0.306998633116252,-0.32105283442007,-0.262258808993597,-0.0752174278297939,-0.120257937794032,0.286904798277982,-0.0226799765922482,0.0134601931224764,-0.171389511306145,-0.121599701070221,-0.184780053497269,0.0467246871442473,0.00567293474486848,0.133304927199296,0.0791727417827669,0.0977465008000984,0.0642506261983435,0.0103880492350638,0.0859983369608234,0.192767855400205,0.195380021768134,0.140862769980403,0.122961825316612,0.168278298711368,0.101820680251964,0.223121004249419,0.0155249878359308,0.240775164630493,0.0640436498270181,-0.0234406546255798,-0.184439572165304,-0.280426696038329,-0.218853390520623,-0.273741902328726,-0.116062342446091,-0.123328935946201,0.0392602506274002,-0.0141312910561004,-0.0739174019213931,-0.0822214638034117,-0.238042950208388,-0.235611422744224,-0.171885149128047,-0.198204168316433,-0.243468560940529,-0.0286657625137748,-0.073152157373302,-0.0153565567620501,-0.0981725109708308,0.024466861777285,0.0740424970665482,0.189836742683948,-0.193446335129363,-0.381949337148723,-0.0968404782062356,0.00610096972399158,-0.0346182332923663
"Frontal_Sup_Orb_R",-0.0993132334998607,-0.157508149589681,-0.051795203723225,0.380001526033272,0.207699329116063,1,0.0615257928371591,0.400226555577749,0.456137875550921,0.793714017450899,-0.0258654854855845,0.244346539740122,-0.0907021095536906,0.260504502148712,-0.0636416666459356,0.195140539513739,0.0310998774697476,0.0104714077120414,-0.0695796506187655,-0.0916490235067332,-0.00876846150000823,0.0797076044923218,-0.0885733054134842,0.142816148547934,0.112317135140008,0.424484787488049,0.156644172642308,0.581348327373595,0.0485633146564025,0.186327515891348,0.0320576628519078,0.130891535363556,-0.0883292619343491,-0.00435774421706184,-0.179255551304424,-0.173507212480016,-0.12449544290218,-0.16604651681675,-0.000516609592995715,-0.126977043381232,0.0373473559057228,-0.0552905366105877,0.00235241450254905,0.105936707037733,0.00716656581502398,0.115696249274641,0.0891510128262331,0.125509928086684,-0.0606769510104577,0.0934048511303688,-0.0857027961267252,-0.0586643457840742,0.037886276036514,-0.121093780825128,0.0945294257214554,0.078712808517331,-0.0744452772964413,-0.141203159501008,-0.134696340197754,0.152844921777682,-0.179368356073833,0.265948013470615,-0.168725179313713,0.0787953884686629,-0.186658889108378,0.0150031897337613,-0.250218392355157,-0.0573312406730583,-0.228291006513545,-0.254250993902896,-0.157152295670402,0.0187406239684415,-0.0154281736938893,0.181240486967315,-0.109861125927119,0.172871236287566,-0.227176096457406,-0.021043302452423,-0.0306565903099741,-0.0225397231725786,0.00735653150930562,-0.0597470009436785,-0.115218131496411,-0.0215211865678198,-0.259350765179012,-0.238027600987874,-0.271418859438093,-0.226794994258012,-0.343090266570874,-0.00562831961784285,-0.0232346420328476,-0.15782385417523,0.0291083632032387,-0.227711275186281,-0.166984552016291,-0.189079104530863,-0.187420680249703,0.0821110860620311,0.120564741628301,-0.0709724498400813,0.0787820691546812,-0.162053278257187,0.00803861430167249,-0.0770529834696784,-0.0933446746260742,-0.0866575958267537,-0.128249062854309,-0.156657856221681,-0.0326518384615932,-0.0479771925819229,-0.195283060787294,-0.129049925911821,-0.0213326021051475,-0.0336419897570695,-0.0979730074159709,0.0291882796041642
"Frontal_Mid_L",-0.0630013372179913,-0.176724380460512,0.600927808846699,0.101987768323956,0.0831705182879592,0.0615257928371591,1,0.136364783002709,0.383662505423791,0.0332622364554957,0.192566753053566,-0.0662518469911481,0.236948425218163,-0.132553370326372,0.109710522312319,-0.135820285800223,-0.100687377374516,-0.140812925209666,0.0429318794983047,-0.131182321939866,0.0246840691818855,-0.0283516027950059,0.353996846409665,0.152154966373818,0.0758314364818431,0.183377316940808,-0.0617247220464956,0.0284880825555087,0.0672137271890599,-0.0413008198562616,0.291558239585224,0.36228361614518,0.196886163881785,0.175876262210763,0.130805551040828,-0.044710101134874,-0.214797578347287,-0.371145757807013,-0.24154600941701,-0.272449051524901,-0.186568542493765,-0.289153787131096,-0.019669117666321,0.008832604428249,0.0259106658745161,-0.00429282752829555,0.00472506540789822,0.0247903511966267,-0.0123075904991626,-0.150158118403734,-0.165241291315666,-0.191214135841817,-0.173777528553355,-0.0795407614010627,-0.266696306671481,-0.203291229566825,-0.278829805833663,-0.260515330906214,-0.134378474988439,-0.26261717211345,-0.0241904674073507,-0.117106323723381,-0.156688399906944,0.0620913630970937,0.12911541273302,-0.0824489744301169,0.0428388895914062,-0.072056084791504,-0.142814616621698,-0.125661554244448,0.297097581118692,0.329492953727672,-0.0203188602117004,-0.152970185189957,-0.0296464738789082,-0.0945646734495048,0.0370913802804942,0.0603646768622856,-0.0838627532697542,-0.109370628580509,-0.123363149687443,-0.0578184056899981,-0.0330057943146205,-0.0833389595119418,-0.060925793535963,-0.117140506830645,-0.123422221225634,-0.199874478817029,-0.230671840897047,-0.241802323932699,-0.220430051605236,-0.0654537836955407,-0.0278676222049859,0.0761868951251365,-0.254989848025858,-0.143910166079859,-0.259732850962049,-0.193839699260506,-0.270070123263958,-0.135631947776107,-0.225648393458259,0.0676745690242126,-0.233795004357186,-0.124689276270509,-0.223623259716144,-0.188559988499001,-0.294223322099355,-0.155336171013802,-0.0842715589410946,-0.211011777457494,-0.0701974546489854,-0.205471946332416,-0.096426957650028,-0.195284106915431,-0.131120225354568,-0.123026392099583
"Frontal_Mid_R",0.208849466844204,0.0903760810469288,-0.224961133162892,0.686494538728192,-0.274203147847904,0.400226555577749,0.136364783002709,1,0.244179662400225,0.427178220945007,0.199254841332604,0.48859027282705,0.119992766878526,0.518619314974479,0.0437166546265145,0.226156398075485,0.148748353784339,0.05418863579882,0.0818402519471659,0.205327928801194,-0.27699184546176,-0.0532269964317202,-0.0516696422742841,0.129759049680611,-0.313514314357281,0.0476310310191636,-0.191532576757605,0.0391085460612417,0.231366600381507,0.275554577112683,0.00535868598304641,0.285818602203395,-0.146283409696838,0.135306092720242,-0.331658165108782,-0.237381911174636,-0.360786056752338,-0.405066280382322,-0.291511746414236,-0.33450554996559,-0.0228310216394901,-0.0789449292236643,-0.248799814825049,-0.163574375953043,-0.263491225416057,-0.0595921323873094,-0.115753973220754,-0.0504594082627831,-0.168112057330813,0.120707884240272,0.0252506722569125,0.0917540991603287,0.161363534145039,0.16532436412635,-0.101337241490034,0.0982651801581282,-0.0340846619089755,0.117448011078993,0.0176335791319167,0.379851615383278,0.195145217813778,0.677142179279582,0.0222735819964651,0.281040713035312,-0.339314534682413,0.201750354576878,-0.397817748780028,0.0220111861073568,-0.173375031960342,-0.0949890648906292,-0.220312978438692,0.0208406373548245,0.0760701242149809,0.245245508771715,-0.0243395138046688,0.200262191017287,-0.242060096527933,0.0669473226032291,0.0830999794883287,0.0477673019378837,0.0754847932141078,0.0710354633153007,0.0240410315766612,-0.0270409547978242,-0.307827349784028,-0.0334562962660875,-0.228893624336679,-0.228569973073378,-0.175510103977463,0.27227504463744,0.14425816194999,-0.0965859892179492,0.234272467351839,-0.210022246709046,-0.152316537564625,-0.25752260530715,-0.396888292311335,-0.137799611759766,-0.0966347151800126,-0.0771244567338886,0.249509703645847,-0.0868902150170739,0.0937184449865369,0.0131963532481291,-0.170140424472677,-0.16018241580817,-0.126946251922823,-0.0286236647381109,0.00700072382137314,-0.281791041422037,-0.467950443450548,-0.164458019582376,-0.0268176494936238,-0.0426976406810213,-0.192963663598966,-0.206071390084157
"Frontal_Mid_Orb_L",-0.0529445189111467,-0.123060322690162,0.29785056039297,0.0920347046168909,0.358346530291874,0.456137875550921,0.383662505423791,0.244179662400225,1,0.325120706403664,0.273137310639823,0.122642765370287,0.235205267781957,0.135809117263405,0.307573950659013,0.0225551069020613,0.023350639766645,-0.0489891851507292,-0.00173788908028415,-0.115744109942876,-0.165705703586372,-0.0889312922394753,0.0821639686120117,0.106517242689176,0.0491959466021832,0.334664518798318,0.0144133645450366,0.195854111488801,0.12121059258653,0.106928310283444,-0.0399781984083294,0.114906542239723,-0.194565781027283,-0.0876537105306433,-0.0946446147925044,-0.208624110461323,-0.126517275210285,-0.21894568669416,-0.036867008446677,-0.177446672801273,0.0984230906420835,-0.0480252214530043,-0.0123381488802109,0.0129871669254576,0.00639862002945211,0.0575891588468934,0.126074804032804,0.200236902501932,0.0143358466383311,0.110640267015993,-0.0637429910795919,-0.0800087250242042,-0.00217137045762615,-0.00552633032898606,0.113103369742463,0.0651878988953629,-0.174616838692524,-0.0825650581431821,-0.214846843736911,-0.0365933529123894,-0.200361000134561,0.143791442104663,-0.218804070876785,-0.0571461491683671,-0.0807735113528252,-0.0540229777392589,-0.362122623387106,-0.310588911502388,-0.268794635610505,-0.344815791052405,-0.0896132690788208,0.0220879777742521,0.121597876422558,0.129879804799851,0.0450897853733848,0.180510955160358,-0.250985851180872,-0.0496831971500883,0.0149784373274562,0.038186009036894,-0.00491856364395715,-0.036786223873225,0.0155559452542632,-0.0335993097848497,0.00644017493483862,-0.157993311839347,-0.164944625174496,-0.190941924377751,-0.102280151095079,-0.0566186843270418,-0.196042935639408,-0.0820020847804843,0.00675957354239747,-0.12362759412633,-0.144906657360377,-0.0625836288688889,-0.169367531795715,-0.0200536709186939,-0.0536789147671218,-0.0134288926956206,0.000776911362252485,0.0277011773680028,-0.0585470057031323,-0.0476942432986933,-0.181549338770197,-0.131249991977503,-0.226373975799985,-0.108862134206958,-0.0225481093099285,-0.121632392477544,-0.158726616257361,-0.119430832983226,-0.0928250852611239,-0.104883674726887,-0.133636449495979,-0.127418683313829
"Frontal_Mid_Orb_R",-0.0382557188144217,-0.111649044053889,-0.0680192123794703,0.396238230604987,0.0248758060975534,0.793714017450899,0.0332622364554957,0.427178220945007,0.325120706403664,1,0.0477044542420186,0.143179755851943,0.0162010981690603,0.289647798153745,0.0985624494605923,0.293243846059422,0.0195291021275449,-0.0764850305725196,0.0632670849136339,0.00808086712334377,-0.142457333427024,-0.0836768859777452,-0.0284098491284531,0.20212518037486,-0.0305160334725768,0.21636456054194,0.006661550301123,0.323431703520721,0.109258315929285,0.222561260063729,-0.0529482229917951,0.0553727920232273,-0.0238108828597089,0.0849365289178122,-0.184772631457669,-0.161868936928173,-0.206407542008721,-0.0994775426262832,-0.0796605210771447,-0.054160466654671,0.0682182158025803,0.121156340616351,-0.08755753693172,0.0625863678548904,-0.033863376211109,0.142794916740839,0.0719548759331265,0.105770170368968,-0.0613632116238334,0.156858965764311,-0.187302078372258,-0.0703294893517142,-0.0653336360134938,-0.153568722779867,0.128431766593301,0.119636803449187,-0.106033517907677,-0.0503696425760002,-0.0716991656821987,0.154770060750272,-0.0653360071840119,0.305994628947982,-0.190017469207553,0.0595499047635474,-0.187616199404051,0.0288167185696255,-0.196068548411557,-0.028930096764158,-0.016653064542235,-0.0696215418833195,-0.246094306639885,-0.121464361313857,0.0455510310058879,0.265418194987645,-0.0904244126356782,0.237728681350759,-0.32370589206576,-0.0174554958965182,0.0637450700315669,0.0390362928445142,0.0342772934968951,0.0957490223790334,-0.0236830873361653,0.0918563958951048,-0.124985467259974,-0.0866331130618849,-0.194313860684136,-0.0861109415359192,-0.300389403298813,0.0710643235479158,-0.132092554458009,-0.211842641916835,-0.0438830741569809,-0.22704891086459,-0.184191462393303,-0.246819221201331,-0.177625191583638,0.0273768451741793,0.0185450058595937,-0.128867298834635,-0.0667616044481081,-0.137657928683044,-0.0624733594343057,-0.0547764612175886,-0.155933306833396,-0.0741778445325312,-0.181794640723793,-0.0920457776138053,-0.0851105746123311,-0.138355690802226,-0.214335513213235,-0.242310905487883,-0.0374998651084266,-0.0905965646145184,-0.163229613485161,-0.0129282493542875
"Frontal_Inf_Oper_L",0.423541959250788,0.15926052484464,0.0881297136609514,-0.0153664972949787,-0.0785092739393444,-0.0258654854855845,0.192566753053566,0.199254841332604,0.273137310639823,0.0477044542420186,1,0.544301191292477,0.706528666600642,0.558480529592332,0.463627738636988,0.312281301192989,0.435828101028262,0.240740432929705,0.246095844228553,0.15810827111582,-0.348978434639264,-0.307121724578751,0.00705559510763824,0.0245548678458234,-0.315053834944488,-0.0960858888243799,-0.125833004215141,-0.0667733731799836,0.502282625989145,0.428238776680841,0.0228660829647239,0.115488752943744,-0.0800478736486267,-0.0127690146754735,-0.294813036796215,-0.384004120182267,-0.185359957281393,-0.322718328509414,-0.230426439154363,-0.130041071886344,0.0889260738143169,0.108010307664826,-0.21087210055555,-0.14593706316178,-0.235199223117698,-0.132547099652165,-0.0252275649909365,-0.0232006437542031,-0.168941774849104,-0.105516609736635,-0.0781643396038169,-0.158782612471162,0.0502617805614434,0.0313762728771799,0.142579834476386,0.0514719390764932,0.158556726349385,0.180850494135606,-0.173055347608048,-0.151539757167534,0.229743036494674,0.184731194281791,0.322614909781736,0.22031685709054,-0.106334496249567,-0.156466189476506,-0.452632978533067,-0.45384054353046,-0.0186004180748455,-0.124225033424688,-0.225841632232324,-0.072280787045705,0.298413557154982,0.377043890710804,0.160516911883075,0.342875852422471,-0.11850988598912,-0.0411146958571644,0.241186519962299,0.270522782050121,0.297948396342864,0.262422609419795,0.419147570531162,0.19307037184749,0.256878229671482,0.0649025427272181,0.0417979793504172,-0.0698174848332597,0.0581354043462946,-0.0323527898631068,-0.0915957933162547,-0.129018751810332,-0.0212911592340706,-0.111501262743897,-0.151410038587654,-0.134361295932363,-0.117240788225416,0.00790982696032266,-0.0803653637345841,0.060921197867884,0.00331971743243233,0.073766373193663,-0.0226375509514574,0.023251037062917,-0.244305893829917,-0.186629363092384,-0.224498007866927,-0.133846454136581,-0.0236993155372316,-0.122430589710006,-0.184154713134469,-0.0614890036650978,-0.0636600180743735,0.119586657811249,-0.0275062583589764,-0.178776807026386
"Frontal_Inf_Oper_R",0.594723393479525,0.345556163364605,-0.202994439280727,0.224346144239647,-0.0992701234543745,0.244346539740122,-0.0662518469911481,0.48859027282705,0.122642765370287,0.143179755851943,0.544301191292477,1,0.227657073706843,0.662370862374725,0.0291334123192719,0.355321097649589,0.4969307401009,0.461408140427506,0.220934375040113,0.299300026216397,-0.202068332081332,-0.101627919079835,-0.196383078160413,-0.0862136933291304,-0.28818111154913,-0.0460890037620294,0.0189811047916049,0.132786756083148,0.380293880394836,0.484697281996963,-0.015473660981766,0.103399764993717,-0.155180809787127,-0.0396728518663914,-0.454828767917556,-0.461053178328033,-0.233743832333651,-0.345402409884501,-0.184546549660211,-0.24937048739259,0.0695019054461637,0.035352725175928,-0.282458288958258,-0.230341495711693,-0.323103862988358,-0.126350474869973,-0.0980278730025698,-0.133012353399004,-0.227951040979155,-0.0612463994542297,0.0511762984784742,-0.0240337730103811,0.218188020639266,0.0659433846241688,0.0617511968480192,0.177624271878685,0.370209327260679,0.403970272526585,-0.0820593105677662,0.171384077515814,0.293549024522723,0.425469958282694,0.465522377912888,0.515017186112136,-0.392165048319881,-0.187060051867694,-0.507636509605701,-0.332770675800158,-0.0783475392536793,-0.138089115499372,-0.269864719921746,-0.120885580647319,0.146392238624958,0.302061087821117,0.0314353471135926,0.205274248394749,-0.187355899123378,-0.0194641430562355,0.202343541572104,0.220959410338198,0.394067499392933,0.291790004190969,0.204703420422524,0.195054132176747,-0.0976595989779803,-0.0522088007878266,-0.11973554826454,-0.244667320988203,-0.21048321525625,0.111539982079056,0.0150016772403547,-0.204678155385766,-0.00692534686347794,-0.296265346291404,-0.10795735840103,-0.168001401310982,-0.167533965568136,0.0916097701072151,0.0821138438615558,0.0843136383672335,0.214469142716258,-0.112098125990381,0.196983246985511,0.103152303320045,-0.204649303974015,-0.183970032324568,-0.139958220027885,-0.0790134932990103,0.0580714601038479,-0.0584408217756174,-0.370252332975126,-0.0895076610715276,-0.0670876872867864,0.184832640178344,-0.0249316068397488,-0.212440899675031
"Frontal_Inf_Tri_L",0.0910922241897091,-0.0128808497597409,0.130900974901708,-0.040145291754196,-0.0563379432060395,-0.0907021095536906,0.236948425218163,0.119992766878526,0.235205267781957,0.0162010981690603,0.706528666600642,0.227657073706843,1,0.443897003544291,0.574331256365265,0.237538897680908,0.192824593143912,0.155162577387543,-0.0527088501836926,-0.0771364335233748,-0.27656720572474,-0.150880185227055,0.0521790946317164,0.121554872350524,-0.175546555588118,0.0320044773929455,-0.132695529747658,-0.128269372248946,0.463443713358772,0.275814430560724,0.102441000073318,0.181845722821395,-0.097649791905957,-0.101676151217457,-0.158733376319533,-0.302496545440225,0.0367783519396926,-0.192514597628663,-0.0980710113902356,0.0337921547629818,0.237073526098174,0.145784778932102,-0.179240582327473,-0.129052875424296,-0.256352165707606,-0.176523775869205,-0.0496024373187287,-0.0300988266439966,-0.162459673930235,-0.0709901774408944,-0.0899094498411592,-0.0805981378094014,-0.0408085078485286,-0.0390214316128021,0.201027778200937,0.0592264332115418,-0.0473426321499765,0.0361412067451547,-0.144628583942569,-0.152664559670228,0.208341159503101,0.114686708710411,0.0611604387537133,-0.0378200810424609,0.0598234329930882,-0.0404650505923102,-0.295271412552231,-0.332593649947463,-0.158832151645075,-0.193554872263996,-0.0964122072178167,0.088773857117553,0.397446698004465,0.362041061490712,0.261073047254261,0.297151949668547,-0.0741830399812408,-0.0181503914803874,0.204762362939398,0.205977478430973,0.164200744129257,0.251860031000217,0.393925454250564,0.181129281323069,0.294984299457123,0.138758693244778,0.117451992395796,-0.00661778327425332,0.275037183791536,-0.00858841022314102,0.00680500682847355,0.025203569768838,0.0250045665278983,-0.0331664720175145,-0.0401019383749185,-0.11369841229385,-0.0292872502938488,-0.00478266374883439,-0.0219481153785479,0.0940564385789499,-0.0430429726015639,0.106275929665201,-0.13935834266918,-0.0812506381521126,-0.266123513633251,-0.204809519391772,-0.148232424444816,-0.166937010943671,-0.0938811320543405,-0.0815263915359164,-0.127547157468089,0.0297290952110739,0.0135660798545679,0.0279731894887917,-0.0917979688070387,-0.113110194201513
"Frontal_Inf_Tri_R",0.306048542936648,0.0990621152237112,-0.198996904150972,0.347870764433905,-0.0912320721889485,0.260504502148712,-0.132553370326372,0.518619314974479,0.135809117263405,0.289647798153745,0.558480529592332,0.662370862374725,0.443897003544291,1,0.281357899111859,0.480023961551178,0.239273991946686,0.178987997050062,0.0132643327888334,0.10346596047801,-0.248848315038264,-0.118624507772325,-0.0610013054282707,0.147292845554047,-0.223339094396455,0.0103183312437639,-0.0608139633018406,0.0613281499210133,0.310164625215557,0.377573856177928,-0.0653117795345353,0.0885304888243766,-0.177261044796552,-0.0684658197500808,-0.388160069945249,-0.372656161827959,-0.154188143595172,-0.219428112597005,-0.00726696513453412,-0.0247122998581157,0.190217395475103,0.200036495573968,-0.296591653874863,-0.193517774532205,-0.310237883060461,-0.14829674171954,-0.100999761751811,-0.121596400527376,-0.253853046361517,-0.000387968918605085,0.0750364671974342,0.0498681338496069,0.113281292021039,0.0727538510456304,0.259623513436992,0.218686038201468,0.107638317891805,0.127510418962267,-0.168769792421865,0.128286562235738,0.168186575470248,0.481507434981561,0.127851433804769,0.199904346229389,-0.163641539187515,0.117928947673102,-0.368864416194762,-0.169111732294712,-0.0673404581855995,-0.145516272954841,-0.348224995535857,-0.172177947402517,0.186929359802651,0.367016441662525,0.0751006662975843,0.300949008318393,-0.299558385126832,-0.135084453403206,0.161258206226867,0.163475039628165,0.218602428682661,0.201428968227045,0.233833215261619,0.101825105780731,0.0759303919920461,0.181143501736391,-0.0113049422010674,-0.0662888432907582,-0.0167984142351663,0.141575891766956,0.111788930979922,-0.0662392220773711,0.168437197156979,-0.166623620337056,-0.0521124513788351,-0.0458534301618736,-0.138227349038798,0.152479058115713,0.0332051958770097,0.0262169778129661,0.126954982686498,-0.0785628515960701,0.0386588839054945,-0.0639076922701088,-0.103007726203834,-0.127813402186958,-0.103828494285483,-0.188264386731285,0.00112131808605111,-0.12177784853185,-0.373452110655473,-0.162331809613625,-0.0492908307238532,0.0878762966579284,-0.0717560954188211,-0.0845760909124704
"Frontal_Inf_Orb_L",-0.0480641010795103,-0.0950660555223992,0.197473572642091,-0.160199332414078,0.215351003970571,-0.0636416666459356,0.109710522312319,0.0437166546265145,0.307573950659013,0.0985624494605923,0.463627738636988,0.0291334123192719,0.574331256365265,0.281357899111859,1,0.493985387250558,0.215062124307891,0.0492234411023047,0.13150192117089,0.00436107627884602,-0.0417037141129812,-0.0268999390976166,0.252314805808301,0.198457692727266,-0.0128080696403695,0.0883056724576003,-0.000657264875663666,-0.0426754093382836,0.437932571191929,0.338396029942581,0.197194073460963,0.0772965717551615,0.087383517215076,0.0156720420328189,-0.0150186392224787,-0.108697872771663,0.0725345158662542,-0.0196579513065071,0.121179370086898,0.170093642683282,0.246334656774322,0.351477296519372,-0.272489264785435,-0.258446807220859,-0.216260110480232,-0.187619562962664,-0.174048176733284,-0.0955072252635545,-0.14826123201034,-0.101121536881251,-0.2468850355692,-0.111409042998297,-0.13868725739337,-0.0288942640534013,0.18470990068945,-0.0521363400073981,-0.105028836450628,-0.125460089466804,-0.203774004073518,-0.175182545350545,-0.0310291459840487,0.12480165560513,-0.0178823132722509,-0.0429803511533186,0.128448073923181,0.00179638107240281,-0.285709638411759,-0.347250232006279,-0.0476759623044498,-0.188091274195767,-0.142600432554481,-0.0317951810700181,0.414560903738142,0.32488205247516,0.246154431846137,0.325025167840969,-0.0982629466211085,0.0448862295398551,0.306277944054285,0.238533888788494,0.264957633470569,0.254969868602212,0.676482191618546,0.347641545267034,0.522126868344715,0.200471179376147,0.370518703876965,0.240627124652662,0.301129819492067,0.0125450406241354,-0.224231109028061,-0.0998283015233311,-0.118735003497012,-0.0267029689113566,0.058437384566591,0.0413143273463722,0.0503593152904577,-0.0465833579869499,-0.193782390583476,-0.131575566665123,-0.259861174462151,0.0509140333955996,-0.200086312200754,-0.144423503637202,-0.252593432220418,-0.199920909528357,-0.233704491374385,-0.0696149416505916,-0.060916331922505,-0.0981046374904471,-0.0706326053180574,-0.130485004212819,-0.199982897298374,-0.0693809762628426,-0.111932520657548,-0.14826078729492
"Frontal_Inf_Orb_R",0.130959221880657,0.0241299119851678,-0.0464039837572717,0.124057861967252,0.146335573978338,0.195140539513739,-0.135820285800223,0.226156398075485,0.0225551069020613,0.293243846059422,0.312281301192989,0.355321097649589,0.237538897680908,0.480023961551178,0.493985387250558,1,0.33555000801354,0.26002292420501,0.0815257689315056,0.128326241236649,0.218281392275172,0.13882243002714,0.245460341959084,0.34939945691476,0.164133716773989,0.238002486439288,0.19778177131862,0.14663439984785,0.370691056851463,0.513986729596717,0.313882158430149,0.253940223136649,0.122027743459901,0.0464635461114426,-0.0960596789562994,-0.11921557599136,0.025318571101355,0.0578231368150513,0.15841530704943,0.1757996754526,0.31753679189442,0.352813487592664,-0.315661055643642,-0.28409373737707,-0.422192339206505,-0.318953533168504,-0.217782213963483,-0.193268043356887,-0.405375112402009,-0.329147817774313,-0.200244416969162,-0.186783024581277,-0.116281397277746,-0.0482327391965219,0.131777733524633,0.0853882896774469,0.0684079343131882,-0.0200670694368345,-0.304630137203552,-0.148936178176041,-0.06052622405642,0.162592493172321,0.169959815434843,0.270958138218578,0.0210376694291295,0.0391364662331803,-0.306662514757451,-0.252225393093858,0.0251492142619971,-0.0955938590653803,-0.253958721702411,-0.088892667095304,0.30622591705539,0.360313231264327,0.0834173863182906,0.306809162335304,-0.0999059084410202,0.0609522795926162,0.284538469478415,0.310180018877236,0.399400472153076,0.46742644782593,0.573342688906798,0.531653199548792,0.323410009270577,0.403943340490218,0.293069818388121,0.280432289626758,-0.00423000532257932,0.190015500093514,-0.13814594894228,-0.203076900838453,-0.00779229851071653,-0.176802356510759,0.0849795725025566,-0.0448380150669101,-0.0290000742898331,0.0812506035439394,-0.131774385989742,-0.164936364110047,-0.191158082060749,-0.153215627192428,-0.12266878092958,-0.185323012535005,-0.142690875843169,-0.110506890876864,-0.156221556008652,-0.0946323683199875,-0.0310143478616842,-0.0285641439432273,-0.187997587203016,-0.202432146692547,-0.166104994463883,0.040044002434514,-0.000106209524948728,-0.131593440030376
"Rolandic_Oper_L",0.506617295244489,0.536106759788492,-0.0968014837677763,-0.0243476399779148,0.127480806329899,0.0310998774697476,-0.100687377374516,0.148748353784339,0.023350639766645,0.0195291021275449,0.435828101028262,0.4969307401009,0.192824593143912,0.239273991946686,0.215062124307891,0.33555000801354,1,0.787394113285733,0.514322656206219,0.48361410923329,0.0270618233066409,0.00351116519328832,-0.188996031995781,-0.181605180492269,-0.127508337828611,0.0130218338472382,0.272554731651602,0.243331335285203,0.662791271977159,0.739968235855697,0.019531126535393,0.0378188378422387,0.199390031010562,0.292756280769218,-0.221545607239909,-0.323745418032931,0.0294129794059918,-0.0628911725659262,-0.104173781677053,-0.0309520543814877,0.200384096691273,0.261021014536415,-0.410943903388853,-0.380317444968762,-0.389416671084522,-0.275491039509623,-0.246271743621457,-0.20225338067387,-0.33236658560783,-0.296214041920352,-0.17022287210646,-0.270737913490736,0.0331182967260165,-0.04996559796642,-0.0152731971142184,-0.139151083325711,0.644163295224564,0.390421062881991,-0.270743838782657,-0.185423988292536,-0.00592775020509373,0.0178564673879092,0.614109979544785,0.456334049052949,-0.327411186059073,-0.384634921236021,-0.577396813256237,-0.498095273616838,0.162019793206883,0.076428616124713,-0.221177271803277,-0.136927612687026,0.378027510987781,0.550705656564384,0.129403329139626,0.322806715594056,-0.0434329108611537,0.0472332508482399,0.730463285687167,0.620746456034331,0.789854247942074,0.563247587862797,0.394122055110676,0.440183391247348,0.0291661635372557,-0.12439331505532,0.0892113256339561,-0.0851425635595986,-0.158774342189537,-0.114174146777803,-0.272474184035808,-0.403955532264025,-0.332226185915819,-0.31268703296948,-0.0987764513983397,-0.210131841629255,-0.123381571068884,-0.116248954203425,-0.115720224209368,-0.182053125605317,-0.0675650174896388,-0.191257225855367,0.0217323177061892,-0.00727905529759798,-0.230744319517177,-0.213623470266171,-0.125169644887248,-0.0522317846280459,0.010783422009942,-0.140966527001727,-0.180154349627243,-0.21315693936874,-0.311855302430245,0.144734746513939,0.0460259079721153,-0.139689110565372
