"","Precentral_L","Precentral_R","Frontal_Sup_L","Frontal_Sup_R","Frontal_Sup_Orb_L","Frontal_Sup_Orb_R","Frontal_Mid_L","Frontal_Mid_R","Frontal_Mid_Orb_L","Frontal_Mid_Orb_R","Frontal_Inf_Oper_L","Frontal_Inf_Oper_R","Frontal_Inf_Tri_L","Frontal_Inf_Tri_R","Frontal_Inf_Orb_L","Frontal_Inf_Orb_R","Rolandic_Oper_L","Rolandic_Oper_R","Supp_Motor_Area_L","Supp_Motor_Area_R","Olfactory_L","Olfactory_R","Frontal_Sup_Medial_L","Frontal_Sup_Medial_R","Frontal_Med_Orb_L","Frontal_Med_Orb_R","Rectus_L","Rectus_R","Insula_L","Insula_R","Cingulum_Ant_L","Cingulum_Ant_R","Cingulum_Mid_L","Cingulum_Mid_R","Cingulum_Post_L","Cingulum_Post_R","Hippocampus_L","Hippocampus_R","ParaHippocampal_L","ParaHippocampal_R","Amygdala_L","Amygdala_R","Calcarine_L","Calcarine_R","Cuneus_L","Cuneus_R","Lingual_L","Lingual_R","Occipital_Sup_L","Occipital_Sup_R","Occipital_Mid_L","Occipital_Mid_R","Occipital_Inf_L","Occipital_Inf_R","Fusiform_L","Fusiform_R","Postcentral_L","Postcentral_R","Parietal_Sup_L","Parietal_Sup_R","Parietal_Inf_L","Parietal_Inf_R","SupraMarginal_L","SupraMarginal_R","Angular_L","Angular_R","Precuneus_L","Precuneus_R","Paracentral_Lobule_L","Paracentral_Lobule_R","Caudate_L","Caudate_R","Putamen_L","Putamen_R","Pallidum_L","Pallidum_R","Thalamus_L","Thalamus_R","Heschl_L","Heschl_R","Temporal_Sup_L","Temporal_Sup_R","Temporal_Pole_Sup_L","Temporal_Pole_Sup_R","Temporal_Mid_L","Temporal_Mid_R","Temporal_Pole_Mid_L","Temporal_Pole_Mid_R","Temporal_Inf_L","Temporal_Inf_R","Cerebelum_Crus1_L","Cerebelum_Crus1_R","Cerebelum_Crus2_L","Cerebelum_Crus2_R","Cerebelum_3_L","Cerebelum_3_R","Cerebelum_4_5_L","Cerebelum_4_5_R","Cerebelum_6_L","Cerebelum_6_R","Cerebelum_7b_L","Cerebelum_7b_R","Cerebelum_8_L","Cerebelum_8_R","Cerebelum_9_L","Cerebelum_9_R","Cerebelum_10_L","Cerebelum_10_R","Vermis_1_2","Vermis_3","Vermis_4_5","Vermis_6","Vermis_7","Vermis_8","Vermis_9","Vermis_10"
"Precentral_L",1,0.51825860212383,-0.123418314324229,-0.261532165054525,-0.260426186170972,-0.310617532961502,-0.0184224130209521,-0.199874963888844,-0.0157795924776782,-0.151897707947424,0.335965522322533,0.251286272274842,0.253036109870974,0.0250817147182558,0.0364215529911706,-0.182472383345788,0.407551836219386,0.274663855054935,0.442850932837847,0.364210877317071,-0.0891021565292729,-0.248827691445115,-0.357489333526018,-0.425248998372041,-0.309390676364541,-0.293374146913538,-0.157725296772875,-0.181639639079128,0.113722398416289,0.121004468299246,-0.373976431546336,-0.398808571701741,0.243052431940474,0.133586204225853,-0.22371071160953,-0.196199512213589,-0.204803165145794,-0.0920625545763044,-0.259162378413125,-0.139528224732136,0.00367650585761888,-0.014892887313911,-0.131198600034975,-0.043158855711078,-0.193302302163601,0.0038297890086083,-0.0461964557707793,-0.0288963970262671,-0.0459894948869002,0.0637970757129171,-0.00182890849981982,0.0281846523893574,-0.0923154314527122,-0.106465477271445,-0.160325418581765,-0.0686505807621313,0.603036833153441,0.428771566466186,0.287470725677585,0.181411268977542,0.307712063136061,-0.0478834101914405,0.369227304084904,0.182097654217935,-0.116543840240557,-0.0994139174732991,0.0501716129656235,-0.0236993124813557,0.472747651480469,0.374269102640398,-0.00102013965466161,-0.196879770794375,0.108898574684399,0.160516121710291,-0.0175132902991461,0.080009247681229,-0.0952455986874845,-0.115937954025673,0.239362586645203,0.0161509994975066,0.228003224398961,0.123063494892503,-0.0755898377817233,-0.00373598047928284,0.17263336324021,0.0296070787472514,-0.0828113026110796,-0.0762263931518416,0.128862458155191,0.0865304765844794,-0.191179660454736,-0.0612262465305884,-0.26728461052566,-0.160346889663783,-0.0395219922847891,-0.154046518540291,-0.0568742750583101,0.0385728632810634,-0.107178746641621,-0.0100231510203341,-0.0498139696886902,0.00465272415976667,-0.0229540186017036,0.0471951913921891,-0.361328696097492,-0.134175850021876,-0.207248581079024,0.0367841722156965,-0.105241710350618,-0.0709877710785057,-0.0496784125250839,-0.0692593072170906,0.112306750414767,0.0381256971382032,-0.258819914898055,-0.128030956452358
"Precentral_R",0.51825860212383,1,-0.140592072326079,-0.286477469243398,-0.317436273538851,-0.411735508284333,-0.281740670265721,-0.265075365406046,-0.22114805135903,-0.27951263390882,0.104732163107811,0.130218177048627,-0.0153377629133979,-0.106131970858729,0.024007302707112,-0.13531543593742,0.576689208532735,0.638306089661987,0.528489894426833,0.51179662839567,-0.164419685318887,-0.207992428669143,-0.280801132855955,-0.3214908382806,-0.40937451095766,-0.304757709820094,-0.191312972854762,-0.120675486626799,0.138334616390356,0.283388831351477,-0.358753139382996,-0.3411439783377,0.0850021007746065,0.11790126931786,-0.330130829854884,-0.320258974149853,-0.0919849864192404,-0.0315629358138431,-0.218118791654028,-0.104974425240181,0.0964565640041008,0.158695323919604,-0.007279870663432,0.0653761029048013,-0.0780510811135616,-0.0153886988020952,0.132540474867428,0.140650721109434,-0.00717931073819813,-0.0295952644189459,-0.140193441595623,-0.0800877490726127,-0.202672405301251,0.0312866885442045,-0.135651313039512,-0.0102139475597676,0.831001068213177,0.672132058460271,-0.0671591849529447,-0.0650398952373993,-0.0535715863418345,-0.241673046688718,0.342741643265062,0.280816592443962,-0.286566867749846,-0.290470194359942,-0.249299763406256,-0.289022674392779,0.423517355951343,0.447105531243541,-0.174386577439421,-0.168421753915439,0.104234785119361,0.410796558391022,-0.0278061420849012,0.351424303330002,-0.144456491647723,0.0258201843120714,0.448454350570503,0.512956613600966,0.475200306218662,0.398638848826229,-0.0483712228323023,0.0258060423728745,0.0340319479454868,-0.156005270737257,-0.0967624760478534,-0.105852723337598,-0.138950308650374,-0.152653573857512,-0.242117679976955,-0.0878445526061276,-0.268518977032652,-0.124916394482236,0.0832136081486298,-0.0401500632650274,0.113258114214272,0.0457338507642026,0.119417544895065,0.136717392799902,-0.104961597908236,-0.0944024791881127,-0.000510984322205467,-0.00672847216196581,-0.204575838580942,-0.227028506481244,-0.117970359123345,-0.132716276539381,0.179255602635364,0.0946987841413204,0.0844717250584028,0.20202424095158,0.127055690344335,0.293005972746546,0.0463078921243596,0.0146447933242426
"Frontal_Sup_L",-0.123418314324229,-0.140592072326079,1,0.226469051068582,0.427902447181188,-0.0254236639598856,0.639426486162782,-0.121924566853423,0.284777777567083,-0.138543794975866,-0.0817128530709805,-0.378132556225984,0.0402780946426642,-0.323150482274876,0.038338488950462,-0.193676028692029,-0.183940497188875,-0.103141647447796,-0.0792717611965285,-0.134417771609848,-0.081919539043436,-0.0971071781810087,0.657527049780337,0.439357677001767,0.445680734267136,0.263334369195648,0.269987777772776,0.0213101575622794,-0.0933997029192096,-0.282365060178133,0.32614408819701,0.319095670728848,0.161418150296831,0.0316254128484586,0.412931936026533,0.266274596178504,0.0804965439036462,-0.102044141650537,-0.0615739870785282,-0.0565292444580962,0.0374827835990973,-0.0761894444499948,-0.250838327727415,-0.239519365074704,-0.15790076773899,-0.228204017362224,-0.290348390122981,-0.239831563158011,-0.239860666684191,-0.178168351159556,-0.0400961491051588,-0.139140659984201,-0.171351703905165,-0.019864852614472,-0.229862004256432,-0.286776088821454,-0.0973898018954383,-0.0468358859761257,-0.0864143389453618,-0.224242443224071,-0.0269027679496489,-0.169149893394007,-0.148635380706334,-0.298859675484825,0.472036052213243,-0.00506193055890886,0.15829990970535,0.0199061764774877,-0.0374103155942174,-0.0372436486362405,0.222645165463582,0.0332313620625023,-0.0675219698551292,-0.189493687355589,0.0455346596582195,-0.121299236448749,-0.0461444887484619,-0.20578037235845,-0.0618478447464892,-0.0360970521982903,-0.120043525673362,-0.0700671932402171,-0.054778424524285,-0.219819084096441,0.308252765535186,0.00165598452618993,0.225406447744582,0.184204427023744,0.129995687636951,-0.0303293034326993,-0.264577658780942,0.0700598014118484,-0.00790165708092176,0.384505546690564,-0.0515863099186434,-0.10122253125128,-0.15639593958364,-0.33808302546301,-0.356723552904105,-0.304727122652468,-0.284213863678256,0.205769228294027,-0.289917724788174,-0.0462359493075241,-0.0693419368266005,0.120131606627346,-0.176554846607508,-0.18234462166852,0.0374362920793214,-0.181776902598593,-0.100054260542832,-0.204659860029346,-0.264062891668829,-0.110384112828555,-0.0212075174339119,-0.0328837480561336
"Frontal_Sup_R",-0.261532165054525,-0.286477469243398,0.226469051068582,1,0.126222010458295,0.461931827315429,0.263028950181649,0.625435742613898,0.135270156230818,0.283766322291188,-0.244262477436834,-0.0280728419844305,-0.115680066532782,0.0765440104970392,-0.0419297773798099,0.146763878148597,-0.428527893406979,-0.409147766645308,-0.207433170912188,0.058459861819597,0.14738070620129,0.207024607322612,0.368060438260684,0.617436928781531,0.26893634656906,0.329629176661239,0.0499921737933873,0.0915758634982541,-0.11025040225602,-0.21403512955388,0.335728506950949,0.489097216519066,0.148751799439942,0.292786402787952,0.235509980139427,0.233924615364498,-0.166175725386009,-0.21266932729118,-0.0833265118103161,-0.135718883190362,-0.124133113747725,-0.161567892148204,-0.212490946391458,-0.257448916387776,-0.100016764623203,-0.221595219317539,-0.256252343629321,-0.230135366570644,-0.206814410254744,-0.206204386314418,-0.226709037552794,-0.114330119999077,-0.132541987886792,-0.279640412755505,-0.205773593370311,-0.385575914315789,-0.407156851608143,-0.111346387339033,0.0302528876762086,0.254179051199543,0.0513554679720749,0.457645963121042,-0.367836502342001,0.0383659181663071,0.18979446657319,0.51238283850315,0.103456964991328,0.200644544014957,-0.108479163562345,-0.101280449893613,0.198475498449554,0.316210674669151,0.0234503906620035,-0.0789372837962495,0.234494588360937,0.0426898891856607,0.0469649660501777,0.208534157273526,-0.276617690894224,-0.168977737962251,-0.316584054154761,-0.252154021363352,-0.154139690941795,-0.220400876225415,-0.131532621895782,0.281004808121199,-0.0909971218915778,-0.0561360828022035,-0.00430348188318384,0.161576978257547,-0.0483592748312603,-0.290774773667381,0.180104717462235,-0.0599143233758199,-0.301712454161517,-0.183108804599256,-0.199397083330761,-0.244028609904399,-0.290996020578021,-0.434373594549573,0.024208369533336,-0.0727874627062968,-0.0145368151159069,-0.115984486610991,0.0931274678051983,0.0786768546451603,-0.0136755576287611,0.0977667193837911,-0.0707059728004638,0.0704317627668815,-0.0330400918504522,-0.27211492522246,-0.318399521315499,-0.106455730856305,-0.0386590576224648,0.0469887750705973
"Frontal_Sup_Orb_L",-0.260426186170972,-0.317436273538851,0.427902447181188,0.126222010458295,1,0.296175123141703,0.257837261304866,-0.0812271411517084,0.603722395689391,0.0599379955302159,-0.295903273270796,-0.458457903084674,-0.135581319494843,-0.140798659372223,0.0799434272140381,-0.0932294886149341,-0.418462442301808,-0.300118737215692,-0.48037074728111,-0.43505151023644,0.337146274186889,0.202536660413011,0.289841898875607,0.249861433748835,0.795735609069404,0.610688794889812,0.795219673203469,0.592101247840935,-0.298923436248775,-0.331935224913736,0.135516264489989,0.139254701073432,-0.0950806187543516,-0.124904232342977,0.492055241201559,0.425116742363392,0.0665704206017425,-0.0137877023413816,0.259749271415987,0.248282419697839,0.041604352147995,-0.0598086646098489,-0.0138126822574047,-0.0506438877623567,0.0857554836488791,-0.0377194013423838,-0.0723101436336226,-0.0277055414577405,-0.0595847902046273,-0.1285681156152,0.0613727773695028,-0.0485894110508228,-0.0396251198647121,0.0469986035750274,0.071617900956895,0.0763419352532057,-0.321516164710902,-0.336733498260778,-0.0206222798722603,-0.139123890520038,-0.167638717840502,-0.140600192550123,-0.298544303527072,-0.447595298786478,0.327982668430379,0.0962451364819422,0.325023645111459,0.242982939572712,-0.19613757736411,-0.172641030351896,-0.0696675155064627,-0.0677507025932343,-0.135691493252434,-0.252580344426954,-0.29786749751345,-0.185948571476761,-0.361456603561898,-0.294551766640774,-0.328005480567953,-0.17948786551447,-0.278492137046495,-0.111784709224243,-0.0688399284528218,-0.00586531868044027,0.213875808791264,0.0583644125925277,0.280338062450299,0.403942851615572,0.232248669233955,0.0331918944160897,-0.215586061640666,-0.00695587085088963,0.0738026365711055,0.330598299612295,0.0128911034665394,0.205779807578152,-0.00534507294692866,0.00439194587821918,-0.302314282985322,-0.217748324825089,-0.217579193738071,0.181390457978205,-0.263350097772756,-0.0781489560950962,0.132310081193727,0.193439311614472,-0.0177450146386816,-0.173029627541261,-0.113004371013044,-0.271283463164511,0.105368330020474,-0.226458122448567,-0.0937297787397449,-0.18153332034649,0.00272780514774865,-0.0426973471411144
"Frontal_Sup_Orb_R",-0.310617532961502,-0.411735508284333,-0.0254236639598856,0.461931827315429,0.296175123141703,1,0.0378648050763402,0.59633779239852,0.371247901871173,0.730784170933695,-0.0108318653353459,0.0685210226835446,0.160369757519445,0.296843417899737,0.316650884505478,0.407114596928889,-0.303200119527415,-0.294865049397726,-0.427567406886854,-0.287904733824601,0.206103965099004,0.307028015868282,0.31018039446608,0.463811263933599,0.327751647104773,0.423248685818609,0.228512416413233,0.463547856610669,-0.0520475079994734,-0.136611425743336,0.146768945436167,0.31803858094854,-0.253898590115455,-0.099688287112576,0.0529962552058991,0.152958021398226,-0.103840767752804,0.0116495100299082,0.0574839031876514,0.0927826081001109,0.00508475210040157,-0.0397320881530614,-0.15561330075014,-0.222332032196513,-0.165355773754639,-0.262503261536546,-0.222126058449168,-0.183447886821833,-0.285107918502268,-0.285685534227869,-0.16289400412487,-0.178448945921323,0.00394029409197952,-0.207994403213949,-0.0195405394320736,-0.0841368953820066,-0.402956315590146,-0.287451979296319,-0.072417523426888,-0.0377214644204289,0.0990454834343921,0.361881655969136,-0.122352428558562,0.0168768909560334,0.158520276776557,0.391293559433038,-0.0774988242466663,0.0188017194386876,-0.293338683172151,-0.252971084618859,0.110029154012205,0.173322364751871,0.035336020452551,-0.101684353326761,0.0426238404773241,0.0154099231323986,0.00921613805341623,0.0920267386652593,-0.292163040184972,-0.155559451441679,-0.227721662535993,-0.046323360258319,0.0191908490223974,0.00131468162156146,-0.026840670129854,0.183137195021591,0.137293343695619,0.0731109723968155,0.229211596524253,0.196563298509049,-0.00715850118960516,-0.248456605210464,0.176642775849729,-0.0787192893722774,-0.194367724808777,0.00268122723150002,-0.160682035082574,-0.110145441194438,-0.236570509999011,-0.326274254098138,0.075321523797651,-0.154025507488312,-0.0240375575898343,-0.154601804459782,-0.000612044212983786,0.0350819179983699,0.0234204467195463,0.0336147333340099,-0.187952912212929,-0.145742088908407,-0.112330354528751,-0.298724237136026,-0.256135448820381,-0.182243164447606,-0.00460872445015143,-0.152557982481566
"Frontal_Mid_L",-0.0184224130209521,-0.281740670265721,0.639426486162782,0.263028950181649,0.257837261304866,0.0378648050763402,1,0.233147053899283,0.314111466458032,0.0338863251944925,0.0618022973532273,-0.23924461898831,0.303271988177467,-0.113057873376748,0.0819661485866599,-0.0686934656163019,-0.123571415588783,-0.167456239089288,-0.140084835656857,-0.221098196198939,0.0387198379420224,0.109005407287678,0.436504880107849,0.278764918343218,0.304717373706399,0.187784540792031,0.100054913500391,-0.0156734576681629,0.0928603695415195,-0.159043921407958,0.311096917568047,0.294406245855701,0.273595616325586,0.156214083815797,0.327437911457367,0.276850651070582,-0.050737716522126,-0.25219799183461,-0.118734728337194,-0.168457691879786,-0.113287243278916,-0.16023602697367,-0.259449960413051,-0.243959072180502,-0.0994304788854826,-0.174367533164593,-0.346631084656149,-0.305423286577926,-0.206140583197989,-0.244958218887938,-0.061781179628615,-0.193928361546441,-0.227628302240823,-0.26244110376287,-0.305719009600455,-0.423190316695246,-0.197031258619266,-0.14479346113137,0.114088480918858,-0.141718636811494,0.269133894970983,0.051385892476558,-0.130693994337298,-0.102947710147218,0.471769768505409,0.279614096600978,0.341705139362639,0.241350928097029,-0.0797162223561902,-0.120844686163304,0.159831639986477,0.0222056288603275,-0.0311178379912542,-0.22555488097699,0.0911963402168017,-0.192390742654418,-0.0800394042046016,-0.215014102759765,-0.0325009875720804,-0.116629294397628,-0.116706833806039,-0.108859005962645,0.0370666670871511,-0.195533052522826,0.0861722568029844,0.17642656454452,-0.068594226949784,-0.0999942190854568,0.0797465016947066,0.0068460842307782,-0.185946193070811,0.0452605790196415,0.0244083258049686,0.199227795721535,-0.140268323693784,-0.152299465330042,-0.162306487853384,-0.339554026204872,-0.395988012154803,-0.37501128213977,-0.165112431451007,0.174416016768963,-0.196522015518928,-0.0212456425958229,-0.0811112169581229,0.029392436030458,-0.155192755192708,-0.0272903316734735,-0.0186749635016854,-0.142454074776105,-0.151956875688297,-0.292154026551196,-0.259105594301331,-0.208854918035653,-0.172322404708514,-0.022220170736421
"Frontal_Mid_R",-0.199874963888844,-0.265075365406046,-0.121924566853423,0.625435742613898,-0.0812271411517084,0.59633779239852,0.233147053899283,1,0.185141156968971,0.539667487515122,0.0350424575407014,0.330565357000581,0.26388863534529,0.468999255983328,0.246317670794698,0.393478908136223,-0.149714717086654,-0.189898637881204,-0.2832812560167,-0.138442894139688,-0.0447435432345562,0.193114235390697,0.261140901456684,0.445758074230491,0.0234323228420635,0.184092701706434,-0.159130748889868,0.11758003954673,0.135342778739272,0.0551629985632052,0.122750194801601,0.323320748066977,-0.0835828000339297,0.12715277467784,-0.0664912958561874,0.0398756634973747,-0.201147855783164,-0.119779765526824,-0.140849588866125,-0.103550646175355,-0.12319371229866,-0.00505137240710645,-0.285123488694994,-0.321766042077643,-0.211573801044938,-0.323145027582005,-0.385472075470301,-0.32683419357552,-0.299575177465802,-0.281900840282445,-0.269763217837553,-0.116452616960934,-0.0908493965810041,-0.224881823169058,-0.225328816304159,-0.285704016098517,-0.32944020831967,-0.141471672624794,-0.0577008246925371,0.120387579287791,0.332005243136304,0.680263492601177,-0.184011766129517,0.298834487114862,0.200926423032625,0.640817764765541,-0.100155562301313,0.0394628172374191,-0.195399574148819,-0.202943816769155,0.0333602491533643,0.272450008362569,0.135419822038028,0.0935958284592224,0.162669236964819,0.171584520481509,0.0633311782278236,0.277406502394708,-0.0543426247384378,-0.0237824629543081,-0.0967779691229687,-0.038946173916555,0.00278771807461629,-0.115599326525397,-0.0545857963047978,0.371044643682181,-0.0549484604444688,-0.10824307954214,0.140672313943639,0.286761763249325,0.0992812796535599,-0.274588740307537,0.261161028641415,-0.114206771397208,-0.289613311345511,-0.158118853334047,-0.213213185058388,-0.242251060876415,-0.186615427261301,-0.325286122705104,0.215445227205081,-0.0722168910646302,0.108118195435186,-0.081014664969972,-0.017627899339603,-0.0363404716416514,0.0206405583504082,0.0958542214604943,-0.122183239574053,-0.00876506783375923,-0.181640261430328,-0.243393735033923,-0.215977543466561,-0.122331232331324,-0.0231303877363649,-0.00492858266535133
"Frontal_Mid_Orb_L",-0.0157795924776782,-0.22114805135903,0.284777777567083,0.135270156230818,0.603722395689391,0.371247901871173,0.314111466458032,0.185141156968971,1,0.264180298011229,-0.14145406131786,-0.262270258039835,0.0585680336509031,-0.0262180789351075,0.219969171056632,0.0143286537771822,-0.18614716602673,-0.0868769210247318,-0.23274431013075,-0.229085136762011,0.101143916169872,0.0771013555968454,0.155277009463095,0.112882288187468,0.403431592042857,0.431642791089589,0.36090979750993,0.427778066486341,-0.167344594691281,-0.0496706501037737,0.129692099366378,0.113407393368702,0.0753671244020681,0.0293684517177407,0.116129699155462,0.194007002352914,-0.0865760757016005,-0.138960608371667,0.203099437361362,0.183182844933071,0.0558451759568228,-0.01093154026547,-0.10097266479403,-0.0441419965278547,-0.0237445115899202,-0.0472244788464132,-0.115453926241007,-0.0451008555152264,-0.183261975676749,-0.190848486164507,-0.131877700554024,-0.0432993151598506,-0.219522092945255,-0.114356848292548,-0.0329919426890181,-0.0184737664854064,-0.142766975307593,-0.219792181774931,-0.0303324223706182,-0.179082704944258,0.0048566337420932,-0.0203932835752609,-0.145355725816312,-0.154831506486708,0.196543542347698,0.146641680683525,0.195536281212581,0.195446708806009,-0.0944316571161268,-0.063330374971965,-0.18389849534374,-0.148362540225101,-0.130811786290605,-0.197392044925624,-0.196946266869868,-0.1429929554428,-0.329450346491303,-0.237370704074452,-0.118341477620511,-0.0709408402946263,-0.106728659095654,0.0205088311998948,0.060673842921127,0.0518192229697068,0.125463455467827,0.0665677122068998,0.197844042658303,0.164551258507331,0.147991413702341,0.0393670653609039,-0.270994718434509,-0.0161775284852917,-0.0459130090180726,0.222565882151045,0.0407554708449081,0.219926961821505,0.0279807496037687,-0.0120271104743082,-0.343905154992721,-0.265809339815932,-0.248823369679695,0.0631855167545281,-0.293522429003063,-0.142700398659102,-0.101615867994733,0.0406648185868753,-0.0619945134955917,-0.196711443815719,-0.0841084600736594,-0.167247900876507,-0.0470863452518562,-0.251190658959759,-0.0976547704028893,-0.20796277959622,-0.113840062927041,-0.152450557893633
"Frontal_Mid_Orb_R",-0.151897707947424,-0.27951263390882,-0.138543794975866,0.283766322291188,0.0599379955302159,0.730784170933695,0.0338863251944925,0.539667487515122,0.264180298011229,1,0.185190733156938,0.11373389066064,0.400068375929149,0.423362353852564,0.427247806469238,0.495348193728702,-0.108079508849872,-0.152888923453044,-0.220903128508249,-0.119166535317256,0.032551863068138,0.119283589624746,0.2490915642782,0.308695039388541,0.0883679806307421,0.107535344811754,-0.0117201886954043,0.128324424676981,0.0184326393980941,-0.0259326762798029,0.0436272505363619,0.208360249886622,-0.190812049465066,-0.0635998620940963,-0.070859015582769,-0.0430426135656279,-0.0974716307567912,0.0153252207042003,0.0365852933568821,0.064020101960761,0.105901988141431,0.0837709942330358,-0.138695441226274,-0.212478137879306,-0.261895687686814,-0.328246606883813,-0.183944440500766,-0.138817858338145,-0.319015147064333,-0.303310560299318,-0.0877635874014658,-0.131651213330936,0.0622157697347345,-0.171226779375111,0.01015482341091,-0.0885570465772171,-0.241774448992808,-0.140883110590462,-0.0977950307340083,-0.0298308577896733,0.163827524498839,0.410712529659037,-0.0595511036611419,0.0295946854051787,0.133335853427437,0.420469622808103,-0.134984566556265,-0.0799941213118002,-0.0536827031477424,-0.0786218643546557,0.0179023022398409,0.0605911001703735,0.146910363203315,0.0271347725055276,0.0969069377133031,0.108716441521228,-0.00863600867404403,0.112041999305646,-0.107055507390999,-0.0424845086629488,-0.0592854077454295,0.0733870358293702,0.0887663083844943,0.0248589798437115,0.101278936762603,0.282737691931086,0.151158010123049,0.0388890002914687,0.216826978132733,0.160220462006056,0.0488522011163337,-0.165806224867195,0.0520950538567402,-0.146964916464476,-0.277869860211062,-0.0848138115466537,-0.188427499975285,-0.154993053733034,-0.170504309282741,-0.218946801467208,0.0021108364359038,-0.212479380343771,-0.149194578924179,-0.253008551385218,-0.158735872188557,-0.136145587961754,0.0318286391274771,-0.0449735119986925,-0.226805292318371,-0.136646562496367,-0.197660639953497,-0.261202745666026,-0.19669977152316,-0.259565340988791,0.0107523178324928,-0.209462132912192
"Frontal_Inf_Oper_L",0.335965522322533,0.104732163107811,-0.0817128530709805,-0.244262477436834,-0.295903273270796,-0.0108318653353459,0.0618022973532273,0.0350424575407014,-0.14145406131786,0.185190733156938,1,0.45369224099472,0.636015728441392,0.41943701246036,0.438910220383394,0.18092106255612,0.435355977330836,0.201293428940447,0.212292262362547,0.0334160403681721,-0.194588083076036,-0.051285295010973,0.0169762008680318,-0.0426971323085244,-0.295721801031708,-0.330939467365525,-0.253462465284685,-0.287239659328846,0.433076652942011,0.221908782987239,-0.123047483867613,-0.210819931620662,-0.103091013107862,-0.125493291145579,-0.225231586188663,-0.277982074616713,0.0263515563778032,0.0795322286788544,-0.236619066324618,-0.121524929587705,0.312608412146768,0.204365032627273,-0.185113756614549,-0.203610323872975,-0.38283344599654,-0.311634888477567,-0.120298898929612,-0.122712018042366,-0.238451201974645,-0.182300091703443,-0.10077694233714,-0.200434160524624,-0.0210545604874682,-0.200773633437045,-0.142137043905155,-0.181776989259571,0.126983338608063,0.0713510411861271,-0.143061013163672,-0.188499720668632,0.278790307134027,0.0790517987355015,0.421020042901824,0.277634320770886,0.0448033771378318,-0.042260221172023,-0.265457397977213,-0.330318780605607,-0.0283944634731789,-0.143444711166493,0.22261739156746,0.053909662291102,0.401168767558754,0.313950775276824,0.335193086093225,0.267601514722271,0.210636806499903,0.0195732263761268,0.331341637058119,0.0675247596023822,0.366261010957313,0.370275371999755,0.322604402255626,0.145362834304441,0.362450396484749,0.105267749723483,0.0983327440715562,-0.0375251139236132,0.191077246000183,0.107758710110326,0.0822383181966123,0.040550517530385,-0.0639349932596442,-0.0944268214597839,-0.00380578766363647,-0.19395516946592,-0.18040780758449,-0.179683866202662,0.0153064830439948,0.0387761792275728,-0.00130085967028571,0.03407054392144,-0.00650309889410495,-0.0127831500547664,-0.215192024217314,-0.0960611779866005,-0.258363650148054,0.0752281669909675,-0.0558329249490392,-0.156891508882202,-0.310870553299843,-0.016393270956517,-0.041107905814637,-0.0510464004037473,0.0304261593486339,-0.0543131740699345
"Frontal_Inf_Oper_R",0.251286272274842,0.130218177048627,-0.378132556225984,-0.0280728419844305,-0.458457903084674,0.0685210226835446,-0.23924461898831,0.330565357000581,-0.262270258039835,0.11373389066064,0.45369224099472,1,0.345828027723169,0.673273610549351,0.254082284545347,0.373605224041107,0.400913476260938,0.313510640906638,0.174101654330995,0.138327269711039,-0.151269576631473,0.0332936335575507,-0.111964350502314,0.00989595868494757,-0.425115382347698,-0.335109543518946,-0.33894821967248,-0.15880445730326,0.389746238893576,0.423662877230699,-0.197131500750432,-0.253614769020019,-0.246854566354674,-0.177551206387736,-0.404480587443175,-0.396547560329747,0.0169666074729813,0.186884602837194,-0.196737501218148,-0.106530280558665,0.19926603002948,0.266969505881851,-0.159260467816254,-0.190760178957608,-0.292542202293438,-0.24698664000777,-0.152223173399531,-0.138996398466366,-0.204744574240726,-0.0285725933306967,-0.220111934695601,-0.0874539093251496,0.00892237867138599,-0.0314239544554229,-0.133988210449443,0.0369721556420002,0.148226634844212,0.193062156448744,-0.0923089450445099,0.145800257415057,0.299750111489318,0.393001030210209,0.348606555762765,0.474113218182866,-0.157321718869634,0.175545663576285,-0.421631660807434,-0.316059917649266,-0.0874326978574479,-0.138972481280261,0.0659591262791951,0.193686159015257,0.34680074810674,0.381729395857931,0.338092792626276,0.386301961982855,0.244453155988363,0.322758676308858,0.277359447949926,0.178142362262064,0.355771292817655,0.30309565470954,0.213684554925243,0.192660077630616,0.0937380137157623,0.244456654204155,-0.0274858896331544,-0.129101016800863,0.0618416765803124,0.287431417565302,0.228311633935353,-0.0659596185664637,0.0929340636141204,-0.247489357892452,-0.116176972399279,-0.185026119335345,-0.179676620698436,-0.042045796467911,0.167302531590834,0.119380358866627,0.278510351038532,-0.0455685188277335,0.185552592822729,0.0351138712306962,-0.204287992780154,-0.207890064212154,-0.0855707369138991,0.16841442474166,-0.0428363731943217,0.0330741737809118,-0.181714647048797,-0.0245554909690413,-0.00100580553629133,-0.00791819279556276,-0.0118477380597058,-0.107091656181432
"Frontal_Inf_Tri_L",0.253036109870974,-0.0153377629133979,0.0402780946426642,-0.115680066532782,-0.135581319494843,0.160369757519445,0.303271988177467,0.26388863534529,0.0585680336509031,0.400068375929149,0.636015728441392,0.345828027723169,1,0.466457790334509,0.598003649424716,0.338788432369199,0.302170857331631,0.162348095338408,0.0319872282068334,-0.0473402259786319,-0.125709026170134,-0.016270308609445,0.117899779015779,0.0611965875990051,-0.138798133621636,-0.195507630498992,-0.170003227943634,-0.12683852837006,0.374705974583783,0.176823890432408,-0.151745679389636,-0.14696881263593,-0.0612299364263272,-0.11647469237856,-0.146369922255138,-0.247771490609009,-0.02326538498118,0.0454498685352456,-0.0535290984465906,-0.000357923296165399,0.191835338619537,0.189109785181146,-0.262574775824781,-0.323752872070929,-0.32228519754469,-0.344192038625616,-0.32060035822068,-0.286660071768534,-0.332808068882438,-0.234662129157261,-0.127408142375265,-0.206482985670953,-0.118007685081226,-0.21043328780949,-0.146539001152456,-0.203822290165254,0.0617773664513442,0.0566237054779618,-0.0310010782937389,-0.100097456957775,0.441064024271977,0.2409381701087,0.25002546370585,0.191455599043508,0.229459114705396,0.1747587275211,-0.144940721383386,-0.195455200902237,0.0560972392023922,-0.063790356569277,0.0947249342952733,0.0077365651538636,0.301574949428306,0.202695952256771,0.172571218225313,0.169844309196345,0.106911431888971,-0.102029446651009,0.222352397757312,0.0694845225774529,0.278472703047551,0.296074796812433,0.256461678098488,0.0621915678420425,0.268467730020446,0.284066771509872,0.0955236322764869,-0.0538637314980243,0.264778780270779,0.120644598608145,-0.078082645263293,-0.0979764036332007,-0.130640249958158,-0.0422981709639738,-0.164797556052086,0.000481243276843601,-0.177952175471808,-0.15938572217445,-0.148236009668911,-0.143192690441074,-0.1230703902165,0.0156018536372043,-0.12048699806417,-0.0651890441179483,-0.252733048225941,-0.119288407568637,-0.176278711771383,0.0688638795900058,-0.159721643999418,-0.234541432764193,-0.316250219313851,-0.206052946995414,-0.0697955226391151,-0.196850955472846,-0.0636681178474396,-0.113605620007631
"Frontal_Inf_Tri_R",0.0250817147182558,-0.106131970858729,-0.323150482274876,0.0765440104970392,-0.140798659372223,0.296843417899737,-0.113057873376748,0.468999255983328,-0.0262180789351075,0.423362353852564,0.41943701246036,0.673273610549351,0.466457790334509,1,0.386584598713002,0.56684044652862,0.0973569082838304,0.00538503973550031,-0.182654716118382,-0.0701523069524573,0.0438685845280436,0.084860245711048,0.100287345811035,0.269900226242161,-0.109573796176598,-0.0542789792734214,-0.0309814679677476,0.0323277650022903,0.153566861190949,0.197850608291347,-0.0794248033041831,-0.126666223569186,-0.248872632802186,-0.195373108962066,-0.200431887974365,-0.272544100177022,0.116252694503983,0.219854382428877,-0.0143847740617658,0.104028580312931,0.202276335489159,0.241365102184507,-0.0898347662371698,-0.178236687963027,-0.183823406146803,-0.213218150353488,-0.191860410470364,-0.152398165693038,-0.220541764201217,-0.120886282567452,-0.142909492717015,-0.050300484058881,-0.0323555898909903,-0.100621494710302,0.0594458412234191,0.123481654856266,-0.113740569540763,-0.103692892024683,-0.164312607276689,0.0303873342832244,0.235305690784689,0.441929269880669,0.1012669538357,0.219333439277325,0.0763225155811297,0.349687758024543,-0.248615105439691,-0.138955591741291,-0.192407263405346,-0.212899485210684,-0.0270163407336444,0.0667975108466845,0.221148043094459,0.165069253407868,0.180956236084732,0.246471499771633,0.15062752690558,0.256432742621422,0.0803283402631218,0.0455205729065241,0.155731353209046,0.26412351684663,0.222099657699858,0.205526802196552,0.172566750977953,0.447192398543523,0.168362669786286,0.118485328127594,0.230750874912091,0.287372282089368,0.183182111044132,-0.216348895960366,0.117036341538633,-0.227029732036244,-0.219416861987658,-0.155248804300239,-0.194000685526324,-0.0564492443058148,-0.0161199815763347,-0.0974469355050643,0.188119595619785,-0.147840704024935,-0.0138799502127965,-0.153999738707372,-0.157863120244089,-0.201615707940484,-0.0166710410418964,0.0250446219535495,-0.115064504171602,-0.153960622678298,-0.216250804106369,-0.20419506982768,-0.177147229395408,-0.136391305652105,-0.0452816527434287,-0.148210017539108
"Frontal_Inf_Orb_L",0.0364215529911706,0.024007302707112,0.038338488950462,-0.0419297773798099,0.0799434272140381,0.316650884505478,0.0819661485866599,0.246317670794698,0.219969171056632,0.427247806469238,0.438910220383394,0.254082284545347,0.598003649424716,0.386584598713002,1,0.571937535142299,0.277783956112593,0.16232387670037,-0.00434973811301089,0.0587285145125971,-0.137490775828892,0.0965780092195204,0.234877108529983,0.181546043973492,0.0296246403937658,-0.0299018944808405,-0.0352379186521348,0.104391235519787,0.469884065138454,0.290853844066907,0.0177239877084808,-0.0204234296649314,-0.101601535383255,-0.140397748970778,-0.188609066312092,-0.294692910952759,-0.0185976450942665,0.0656390650170432,0.0574201609805627,0.0609516970190726,0.328204612022783,0.254793689986824,-0.324379032935948,-0.337539669261413,-0.291881545131174,-0.388633660022181,-0.239088924397214,-0.212216331144103,-0.416737394764463,-0.322519538832083,-0.19873698538941,-0.325961390618066,-0.141471105403791,-0.113707683618127,-0.0185933989484471,-0.0830252834387352,0.0434772658907242,0.063205649439071,-0.215916723429182,-0.187651671038651,0.189353474721023,0.194755159297212,0.213340050075498,0.223940419453089,0.219350105370468,0.0681889702172948,-0.266936808975909,-0.318901780609948,0.0521410400942487,-0.0505323647996642,-0.0288677529426271,0.0332180976719464,0.353122678878505,0.288415795630794,0.166109656389551,0.229942454735112,0.0696316434890224,0.0521729663606076,0.226477564197704,0.176266965526224,0.3074865538968,0.306754318071807,0.56251085576293,0.226337734731222,0.311794000358812,0.0259256053373049,0.26279065675289,0.113702513893736,0.273826785631654,0.0701579872772267,-0.0344774321910683,-0.100047786177373,0.0845460416927267,0.11743434911028,0.0128247611702643,0.0977652610988653,-0.00741755886084246,-0.0474781382133007,-0.0611460508118859,-0.0888011806451982,0.0150828396293338,0.0698243661143771,-0.00563779106502066,-0.000125242690367093,-0.27432261999259,-0.161149547641449,-0.13097174801465,-0.0112192982415782,-0.1389401241437,-0.141768393905515,-0.263862639141921,-0.249367827970758,-0.103383006455067,0.0277720539374532,0.21749516877888,-0.215425150568303
"Frontal_Inf_Orb_R",-0.182472383345788,-0.13531543593742,-0.193676028692029,0.146763878148597,-0.0932294886149341,0.407114596928889,-0.0686934656163019,0.393478908136223,0.0143286537771822,0.495348193728702,0.18092106255612,0.373605224041107,0.338788432369199,0.56684044652862,0.571937535142299,1,0.0914949474087169,-0.0248138007559273,-0.161889492171485,0.111092565338116,-0.0111689565061513,0.162898205906257,0.163303102017931,0.351321694630604,-0.0547625632776739,-0.0431163723568799,-0.0963991295842498,0.0464022465151604,0.356819684089001,0.379771994402506,0.145498945128403,0.072688373914072,-0.198978331953103,-0.12694796723202,-0.282886389001248,-0.379662801686882,0.0483846915887583,0.268153453128304,0.132463322057828,0.241648377796386,0.213698762573044,0.324575018951591,-0.232987746844716,-0.282300247714596,-0.2947752484412,-0.343053099350059,-0.162351251941587,-0.186210965447302,-0.359851998359234,-0.279880645491279,-0.239036854545106,-0.202665616137235,-0.00700159749034528,-0.0513421064555566,0.165386476284932,0.0479702919473282,-0.0969892699434107,0.0170342071414178,-0.261683612073591,-0.144106942347922,0.0969026072525901,0.327880259978045,0.178033026406653,0.319191115726166,0.0281678954589968,0.192936691845045,-0.371234142611045,-0.302070462133387,-0.0679092377705631,-0.0796694495021856,-0.0134976009971985,0.183845773523375,0.297207245010436,0.308374401047413,0.20286655151298,0.309116011764787,0.23676879595395,0.398153794263963,0.129826959459894,0.0782360065455648,0.161142154541479,0.262908180375661,0.4769098607908,0.365341201035802,0.16874702661035,0.334885135906524,0.219437220971088,0.142526572339027,0.121719942870146,0.162158425103224,0.127606899749276,-0.259972171602999,0.0627467128097928,-0.179377626259353,-0.134144141960461,0.0435223058525796,-0.0337395377242718,0.00197340443632577,-0.00113433690116221,-0.11412898967204,0.101339023459096,-0.203661774303392,-0.00653383333501213,-0.0909505731767771,-0.304731792049814,-0.353540049757097,-0.0205530242736908,-0.058031697623237,-0.161029267504127,0.012803946476799,-0.263424812259366,-0.209216691539951,-0.265984027779152,-0.158521326722409,-0.0882490938679941,-0.284005040534956
"Rolandic_Oper_L",0.407551836219386,0.576689208532735,-0.183940497188875,-0.428527893406979,-0.418462442301808,-0.303200119527415,-0.123571415588783,-0.149714717086654,-0.18614716602673,-0.108079508849872,0.435355977330836,0.400913476260938,0.302170857331631,0.0973569082838304,0.277783956112593,0.0914949474087169,1,0.81684972245424,0.504440744322554,0.320266682391863,-0.23982458321094,-0.124463744091996,-0.219042426310963,-0.337471591460253,-0.414980251379206,-0.410920094953582,-0.410667387633765,-0.278322867979754,0.659732222978234,0.692300761650447,-0.0832667216412993,-0.253680129164691,-0.00449143247084693,-0.0899183587866959,-0.442772545078664,-0.436672647569712,-0.0194202953183121,0.0738168276945487,-0.161555200200488,-0.0501668742478744,0.301559127919208,0.411709665023173,-0.110900319242089,-0.0542154738193992,-0.204529517935666,-0.112949326806143,-0.00183333100009225,-0.0122818226726942,-0.149508296790038,-0.103624021076913,-0.313482785765337,-0.226911365846462,-0.204023207701612,-0.0347778735931249,-0.20238459479775,-0.101819984720896,0.716791584559043,0.390053547257999,-0.204552308330511,-0.1439485818013,0.0523282086194302,-0.116518412245109,0.637317580127518,0.412378313769283,-0.324362514351752,-0.26291507629987,-0.40657196513309,-0.421844004106051,0.154130019903159,0.0388981178675495,-0.155976587236492,-0.150884445465031,0.362938343036764,0.529984683003657,0.162119665320582,0.371037387920751,0.0350682647536019,-0.0259527189588562,0.792875458408401,0.579592910553922,0.845706319301629,0.635420848548931,0.422577351125626,0.367299939087989,0.268319366021897,-0.105634325437214,-0.0188610664239796,-0.0706836784161295,-0.0362519764484976,-0.0807858020986689,-0.0664635433846584,0.043066980847841,-0.193489301676077,-0.123828436834789,0.103294555969844,-0.0694034746415406,-0.011835149692567,-0.00378206859633661,0.133937538907256,0.223497108386084,-0.0494367362999799,-0.00860772230976771,-0.0131720710800159,0.00700128776311447,-0.349986237292757,-0.31940511139697,-0.313939662491847,-0.137325709314462,0.135613198142364,0.0104133775890004,-0.124083981889889,0.164561480103817,0.0712738377822035,0.153036332320228,0.0781219884166238,-0.0744375132390339
