"","Precentral_L","Precentral_R","Frontal_Sup_L","Frontal_Sup_R","Frontal_Sup_Orb_L","Frontal_Sup_Orb_R","Frontal_Mid_L","Frontal_Mid_R","Frontal_Mid_Orb_L","Frontal_Mid_Orb_R","Frontal_Inf_Oper_L","Frontal_Inf_Oper_R","Frontal_Inf_Tri_L","Frontal_Inf_Tri_R","Frontal_Inf_Orb_L","Frontal_Inf_Orb_R","Rolandic_Oper_L","Rolandic_Oper_R","Supp_Motor_Area_L","Supp_Motor_Area_R","Olfactory_L","Olfactory_R","Frontal_Sup_Medial_L","Frontal_Sup_Medial_R","Frontal_Med_Orb_L","Frontal_Med_Orb_R","Rectus_L","Rectus_R","Insula_L","Insula_R","Cingulum_Ant_L","Cingulum_Ant_R","Cingulum_Mid_L","Cingulum_Mid_R","Cingulum_Post_L","Cingulum_Post_R","Hippocampus_L","Hippocampus_R","ParaHippocampal_L","ParaHippocampal_R","Amygdala_L","Amygdala_R","Calcarine_L","Calcarine_R","Cuneus_L","Cuneus_R","Lingual_L","Lingual_R","Occipital_Sup_L","Occipital_Sup_R","Occipital_Mid_L","Occipital_Mid_R","Occipital_Inf_L","Occipital_Inf_R","Fusiform_L","Fusiform_R","Postcentral_L","Postcentral_R","Parietal_Sup_L","Parietal_Sup_R","Parietal_Inf_L","Parietal_Inf_R","SupraMarginal_L","SupraMarginal_R","Angular_L","Angular_R","Precuneus_L","Precuneus_R","Paracentral_Lobule_L","Paracentral_Lobule_R","Caudate_L","Caudate_R","Putamen_L","Putamen_R","Pallidum_L","Pallidum_R","Thalamus_L","Thalamus_R","Heschl_L","Heschl_R","Temporal_Sup_L","Temporal_Sup_R","Temporal_Pole_Sup_L","Temporal_Pole_Sup_R","Temporal_Mid_L","Temporal_Mid_R","Temporal_Pole_Mid_L","Temporal_Pole_Mid_R","Temporal_Inf_L","Temporal_Inf_R","Cerebelum_Crus1_L","Cerebelum_Crus1_R","Cerebelum_Crus2_L","Cerebelum_Crus2_R","Cerebelum_3_L","Cerebelum_3_R","Cerebelum_4_5_L","Cerebelum_4_5_R","Cerebelum_6_L","Cerebelum_6_R","Cerebelum_7b_L","Cerebelum_7b_R","Cerebelum_8_L","Cerebelum_8_R","Cerebelum_9_L","Cerebelum_9_R","Cerebelum_10_L","Cerebelum_10_R","Vermis_1_2","Vermis_3","Vermis_4_5","Vermis_6","Vermis_7","Vermis_8","Vermis_9","Vermis_10"
"Precentral_L",1,0.529513099847323,-0.0992892947433901,-0.0996087334740301,-0.163676566086128,0.0236507839016003,-0.0724160817683213,0.019651655709442,0.141226751864513,-0.00885345667744232,0.500678727845196,0.403559679641125,0.155902907154414,0.277425106722187,0.115264513144136,-0.0408164761264163,0.289307498246649,0.220778938459146,0.381576186543092,0.362035713469338,-0.170743162172977,-0.196983332504795,-0.309259633560791,-0.366537865357938,-0.426818271897653,-0.334138749074297,-0.0932718222644714,0.000766526698857371,0.0300145970227782,0.133824066540465,-0.44074821080899,-0.431831904134081,0.0482540168996434,0.124944302851618,-0.292765788733065,-0.33855088295871,-0.197568845893914,-0.241833884237099,-0.137124303748092,0.0788208906944703,0.121754902355667,0.110269772533569,-0.0571553505599293,-0.0284343902615406,-0.0682227497760189,0.0270535138893758,0.0483076821918011,0.0126689652900034,0.203644951104183,0.176693451312686,0.206760968589501,0.171385118658517,0.0895695672998629,-0.0582808024494064,0.0986139498701787,0.139744368544416,0.599211545041793,0.417064916075649,0.407080066825139,0.331099988905424,0.460533637855337,0.148824396866047,0.393991039275311,0.195306309195232,-0.207005753770836,-0.184938292862476,0.0169093553857108,0.0409656360950603,0.477307303773637,0.468397855834445,-0.253615745838875,-0.1584792857538,0.10133347825312,0.0865075200305007,-0.0689793642887317,0.0584272837647853,-0.159530868061211,-0.042367463294349,0.183197832893354,0.0665771757632847,0.223628382179089,0.126303236761974,-0.0608229367467272,0.123265671029935,0.0146216714603622,-0.0682290667270097,-0.0523942988996812,0.0290000793218262,0.0152069484194952,0.0116827208966892,0.025077776938782,-0.0913983098311715,-0.138296265674956,-0.197463936644914,-0.106424549026548,-0.163237476992345,0.0249752206741968,0.116921179987765,0.171567563800909,0.160746041209411,0.127047561161525,-0.0698214677568585,0.23131927435652,0.163843407277192,-0.346559005482159,-0.0889412953105573,-0.0294755263939046,0.045238158195464,-0.249359765859834,-0.194998276823387,-0.109642355876131,-0.0448104513835071,0.0862384393995469,0.0940550717648828,-0.284735671100456,-0.421859341948119
"Precentral_R",0.529513099847323,1,-0.119322862804106,-0.0610365233512894,-0.0344448154378953,0.0263265621842643,-0.369953622079588,-0.0734418828285198,-0.0442726111723541,-0.056085155755741,0.0801356726811799,0.387327034406734,-0.04101371947652,0.168126072116152,0.102584081516145,0.111751059878417,0.403017270633979,0.543761485074353,0.249032254807882,0.486009661141987,-0.152120825498429,-0.22161335004476,-0.176549285506459,-0.101109613014983,-0.153691830994107,-0.0730619661420577,0.0591166919755522,0.0046448123276046,0.023503469527096,0.257659185133363,-0.299249759666353,-0.432404010488086,0.0254620063327992,0.0991770567966086,-0.158368898634425,-0.170649287351378,-0.117786204824231,-0.0979020759180874,-0.0112543881689956,0.182614050691366,0.239323850262075,0.346674007274572,-0.125206862194096,-0.0464659932759329,0.0278217490960525,0.120642276722965,-0.000740836991608211,-0.00799801181410797,0.00532441880138575,0.078930903016868,0.0297582696031265,0.0378549860616601,0.000319580049683706,-0.028846339740417,0.0816599306780072,0.174177869117561,0.748382466699348,0.666606668043697,0.0873553950227631,0.0960888501735644,0.135271079253112,0.100956367784293,0.381809137808511,0.232161123631926,-0.157107449585071,-0.0206332735609504,-0.185857847350064,-0.0841379180372425,0.472856390457357,0.459815353089733,-0.389001987115345,-0.343721428247502,-0.0165083010886781,0.221109363838072,-0.190947893768913,0.10742603589961,-0.324776713374808,-0.0852952902752792,0.384235907844467,0.330040060663178,0.399510610560677,0.403100121550539,0.182334615551606,0.250898112512462,0.239280497485423,0.227729802107937,0.199123167028841,0.255794009494217,0.122186315557008,0.102011448982597,-0.223571565245306,-0.313123463424851,-0.203899803160878,-0.336504535139729,-0.117536279638691,-0.187891497279818,0.0458283705778552,0.100076631160985,0.0875648919058063,-0.0897536662204671,-0.112432643131183,-0.296206692463975,-0.0187396344323068,-0.213464893417993,-0.34303416280844,-0.239726953978458,-0.103892104892099,-0.228451481765064,-0.216194251913304,-0.210484427868695,-0.00393919827635793,-0.135404526849198,-0.138005692794869,-0.00226558947852093,-0.352004824961848,-0.291681658768089
"Frontal_Sup_L",-0.0992892947433901,-0.119322862804106,1,0.159922385485474,0.256773494595177,-0.22362228079414,0.62067430812748,-0.204715854366008,0.167436644243857,-0.134104915734528,-0.0124478641426937,-0.438511334215126,0.173674550468904,-0.241748072340224,0.322013934397403,-0.100653379302667,-0.12283049115008,-0.161686531066314,0.159423048003756,-0.0111103171199393,-0.0536639128744128,-0.109090762602694,0.692801559622785,0.429996739111284,0.188240981702952,0.0474861557515539,-0.021456824375201,-0.183999360876636,0.116633919212665,-0.277954388491668,0.168203950001654,0.197064650473326,0.0372859306322883,-0.115830700136825,0.232514979383674,-0.0242949008766139,0.00464495349963907,-0.0811645686569135,-0.0358066644831602,-0.0646982746210071,-0.0439715245893262,-0.153688493673092,-0.116712929177811,-0.129612746623536,-0.288961312695327,-0.390865337522429,-0.213332617613904,-0.132186237048688,-0.282191248104037,-0.207304941030217,-0.0925224147685871,-0.137128450451553,-0.0840631838520592,0.0567857659973798,-0.134469052767804,-0.161097279549487,-0.174677288816601,-0.16942823228432,-0.143260185897354,-0.262538793537008,-0.0878252765189065,-0.305481666405056,-0.16778570126634,-0.446965916574424,0.516632498073379,0.0128317159180112,0.0769611169002341,-0.309686277217728,0.0122605803768258,-0.120401942118979,0.278692151770286,0.200526170262766,0.203662104374402,-0.0708402984971515,0.175929922329283,0.0716885692743625,0.0605865873974601,-0.142514905542121,-0.0638840264734156,-0.0929877252505305,-0.270227382831646,-0.0805562535298884,0.0204989038931585,-0.182504273396322,0.177255001399736,0.00352251408172062,0.257492290374926,0.117131394588875,0.219223546690158,0.0515248891862957,0.0532375261970225,0.319283952349249,0.107357261340265,0.441369813857912,-0.0668053711168641,0.000933339882930088,-0.0605094338437612,-0.182723036342126,-0.258966953734805,-0.0541438218794575,-0.148703229191456,0.294595666380712,-0.272772440964501,0.131265098696886,-0.0714924376998007,0.0914270373922716,-0.181934900484397,-0.0279151328524822,-0.00102543629121378,-0.0302621621009778,-0.0558401927926611,-0.101915966788651,-0.0688939466776268,0.0220636725935599,0.0911401059629131,-0.0826698325415859
"Frontal_Sup_R",-0.0996087334740301,-0.0610365233512894,0.159922385485474,1,-0.0801368712885396,0.309965217206686,0.289594832383885,0.615943746444094,0.011044523537038,0.403498300474058,-0.180002161421263,-0.137753731018227,-0.0128820478809239,0.0127387977604664,-0.192643684587888,-0.0236519906401726,-0.16903619355594,-0.235991036627751,-0.161825881427137,0.0658441633810304,-0.0499090611335636,0.128881577706985,0.151846547722719,0.509662421342246,0.05796397933311,0.259507406474476,-0.0712789669434624,-0.00839537895884969,0.0168412110528482,-0.153165065836833,0.156882325900512,0.423656308891578,0.141750565737569,0.335765530414508,0.12772791741166,0.167948701922623,-0.195906235626752,0.046468850997885,-0.0769293753301004,-0.138154654696174,-0.0199602158293337,-0.00177937505610964,-0.148198554166573,-0.149054971206241,-0.00671599634564094,0.0312735372316704,-0.247842306420016,-0.171202181535296,-0.189257647350309,-0.124963267936057,-0.120345736792784,-0.116567553328207,-0.243975067793119,-0.0409040907885119,-0.197299529548235,-0.238208317473679,-0.0745349447602395,-0.167078913267597,0.00530830192611698,0.0383694574091773,0.0737321370321304,0.346973896857725,0.00274808277995488,0.127125408219386,0.261797215084966,0.577671488852363,0.177092961643735,0.273536832783428,-0.166425706907977,-0.177259937267236,0.0642808587548831,0.239932212623544,0.11321669132768,-0.00138658011898466,0.149493280511382,0.146893165386699,-0.125578908868077,-0.0150646388296459,-0.115245011199723,-0.0310081750105193,-0.141486865821221,-0.104200703675408,-0.279203575722215,-0.312490355104016,-0.0943031659007468,0.105437690148871,-0.0138185402170874,-0.0401964321783989,-0.0467818953199073,0.0734369127603366,-0.0717296516074494,-0.200030764759808,0.106141008749279,-0.148529255950785,-0.337856485152266,-0.273801751799212,-0.245982477337524,-0.303296191991904,-0.20709935935302,-0.355250033112228,-0.17673843030791,-0.15023039314761,-0.210332850037068,-0.235408932169299,-0.140451958783765,-0.267689159395872,-0.29019230735765,0.0235919540594456,-0.189492447611023,-0.324346298086234,-0.184623428491627,-0.105919055361548,-0.152341336668206,-0.151941692972307,-0.213419479727968,-0.00290598588140957
"Frontal_Sup_Orb_L",-0.163676566086128,-0.0344448154378953,0.256773494595177,-0.0801368712885396,1,0.141503097077044,-0.0875229813770719,-0.320107424155472,0.43794705337153,0.0350163789705108,-0.331034813934775,-0.356035121987235,-0.215707754266469,-0.252236644634455,0.110040786361442,-0.0393359513638834,-0.0865178217004337,-0.0679664489821344,-0.130411421213214,-0.0813950839067689,0.415773137767514,0.143788940007618,0.302271064473177,0.232577478089277,0.698528427863775,0.608998217515348,0.771164561169105,0.567841649076036,-0.271447381129044,-0.173766915043384,0.0263846657537967,-0.0393710744650401,0.0820173643876351,-0.111277795976023,0.419208290921619,0.34938271691954,-0.00339041606768642,0.0760459541312566,0.176236980292515,0.255520402578041,0.0134660671873221,0.00659943512332517,0.10765100296558,-0.000874270398219271,0.0289353826866997,-0.112311410687387,0.051088327104963,-0.0189817912714637,-0.122383490738281,-0.107200907100914,0.0334255642857824,-0.0402356277199337,-0.073531328556866,-0.0668101688066703,0.0736231933071124,0.0831095970250979,0.0366643076844925,0.0381144858967962,-0.263320324687849,-0.26044574908567,-0.254713243012013,-0.244474121139404,-0.146530623723811,-0.17385855674742,0.383258821877687,0.165310232514825,0.127632067249547,-0.0620313386335758,0.0125870315292173,-0.00607287569929513,-0.0847683220134796,-0.229623591517559,-0.0581244679296271,-0.191267065130956,-0.0885782478871997,-0.122401483682618,-0.196236091425117,-0.262965056416147,0.123762401599879,0.0835805194827766,0.0226109491199746,0.0536707641503361,0.0875498534634732,0.100560918076382,0.322120933445077,0.268457481312147,0.348702637575419,0.326235517004268,0.175021310097902,0.00201996850303587,-0.0185445995079518,0.042731431671552,0.0774491077266579,0.257672013979697,0.118943752634465,0.0401212835080956,0.0815049258310652,0.104539941011597,-0.154183496004815,-0.0617540494170702,-0.164344469908838,0.087383714174446,-0.127969205755017,-0.100466863679421,-0.0235227628509972,-0.0387047411363676,-0.247544245331364,-0.111381479326253,0.0733249974609793,0.117413616797092,0.263504539336816,-0.0788423125246316,-0.085474819874374,-0.0229066375122755,0.121718499637299,-0.0470025664318522
"Frontal_Sup_Orb_R",0.0236507839016003,0.0263265621842643,-0.22362228079414,0.309965217206686,0.141503097077044,1,-0.0827249140972466,0.495849316364615,0.390259712497845,0.815482034534653,0.0429962350511906,0.214745354081165,0.00240224387942792,0.169687380758942,0.0930938816776154,0.217333955454563,0.204151836604968,0.0177636531594971,-0.145166089731435,-0.0555614796532587,-0.0175300770126763,0.267219027966713,-0.121610747214963,0.0763644770604803,0.0235759227885072,0.274854617682455,0.17206799017478,0.497024805468681,0.172284408139634,0.354893548947531,-0.0397970808440522,0.101503973556857,0.0633764042425038,0.215658990302432,0.0518568542605859,0.0463596612400084,-0.224215931584537,-0.0791617120152913,-0.149212347550224,-0.152468128833949,0.119275561596723,0.164990872176358,-0.0759501708302629,0.00215828920551388,0.0559494082419621,0.0479841588681306,-0.104936367114729,-0.121847507458561,-0.0945350905027658,-0.0487925670583331,0.00320837074934443,-0.0816354989677912,-0.141048484392144,-0.12953809559682,-0.157211477497604,-0.207228158666622,0.127091558486775,0.00784466044052195,-0.000114576841097887,-0.0514186114881532,0.364608185547968,0.439811775404492,0.281539168512056,0.33914986270269,0.014554306264546,0.334366555053397,-0.0558429521360745,0.123100516217465,-0.02968162943334,0.0581285031428092,-0.187021659138252,-0.0472836899825305,0.19745860058096,0.200816476774982,0.089701216915985,0.262027148967874,-0.172405159421597,-0.0586261484490721,0.300069095361739,0.246866352269181,0.295414636331097,-0.00141716906214292,-0.0146572340992418,-0.113171258238351,-0.0569711661443516,-0.00427150228557386,-0.0341376073190976,-0.186069077598207,-0.0633670660787947,0.0229542332879392,-0.0388117553266045,-0.243859097211077,0.0656626141952401,-0.210259409728575,-0.242238266722544,-0.328743801442306,-0.232340068966144,-0.0959969448097566,-0.035551725875842,-0.222236535515603,-0.0300858115516074,-0.0382425416423635,-0.132143107479108,-0.143623006967981,-0.257211812466602,-0.298210489469352,-0.214336861396919,-0.0643574526743733,-0.026504662067999,-0.164720409790201,-0.154159351126667,-0.155599883474157,-0.0855248127057995,-0.0320609977715927,-0.0878137102271193,-0.0545283086170924
"Frontal_Mid_L",-0.0724160817683213,-0.369953622079588,0.62067430812748,0.289594832383885,-0.0875229813770719,-0.0827249140972466,1,0.228714220869399,0.299300239069689,0.00705339780768416,0.254187653462047,-0.289610955407962,0.450504671945645,-0.129287190558948,0.159609099431553,-0.156444958028417,-0.114535540016697,-0.21736482231908,0.0558826763929553,-0.191924700492096,-0.101794978000603,-0.0601290330515803,0.388396358906864,0.198982037795737,-0.0735994157959116,-0.0567610517449148,-0.266576552663106,-0.234372459777978,0.254876190289469,-0.153717126186697,0.213756152686415,0.366618285785911,0.014781934566635,0.00384102424729787,0.0308989644848172,-0.0821072782522421,-0.146345124274691,-0.237635830128048,-0.292408935659976,-0.354769283422293,-0.258373705631487,-0.282807034917059,-0.156671038630742,-0.147344677268696,-0.234806429114333,-0.276406566946,-0.263795410371411,-0.22648299353903,-0.101310827841351,-0.161471088448887,-0.0312174013444396,-0.122221906886314,-0.117095564982438,-0.0609221670983388,-0.29228213607722,-0.364925601960944,-0.399726369699494,-0.358835545398921,0.100738328243781,-0.10937568380573,0.22988266971515,-0.113982144773905,-0.0788829388277768,-0.173082412316329,0.339113251316022,-0.000350419511411333,0.226767622444882,-0.0547741336288768,-0.212679226066513,-0.266036789959937,0.370406104983258,0.425026575599103,0.2058933859897,-0.109595015858839,0.21397903875468,-0.0213150629615595,0.0987897662170876,-0.0535650440294454,-0.241585471943905,-0.182050026114883,-0.303444318553483,-0.206659817087817,-0.131006529686682,-0.239950785240699,-0.144431723725768,-0.227059052445352,-0.119664150411068,-0.244258395792489,-0.0348191973966407,-0.187065783220632,0.12718663308465,0.380348031948644,0.116076993050198,0.367191035708747,-0.14733837914632,-0.17335466578122,-0.21281305750951,-0.345425184619519,-0.286340373687197,-0.0540983359991854,0.00247378123496985,0.40953021817551,-0.0944739906244534,0.312528478409168,0.00624120449940467,0.13169290046213,-0.0361795434388157,0.172486869415116,-0.0569279307741829,-0.175529310523888,-0.308075051698981,-0.160559692470091,0.0721324548445123,-0.0550199531767939,-0.0467592577420306,0.0118655996945717
"Frontal_Mid_R",0.019651655709442,-0.0734418828285198,-0.204715854366008,0.615943746444094,-0.320107424155472,0.495849316364615,0.228714220869399,1,0.126364042934151,0.541691746013047,0.131802543740303,0.319878036931083,0.231977341811389,0.384691309473547,-0.0371317317243144,0.193449696401601,-0.037278812103706,-0.116157750610977,-0.0414005011277764,0.0461437404202646,-0.226087779915337,0.073154693285154,-0.116437777310353,0.126214660819811,-0.21867588029131,0.035180364432117,-0.227825425995743,-0.0305125807120971,0.216305536045858,0.256299831502002,0.162179210419319,0.309481805915009,0.121679794099497,0.372288851442057,-0.0704016186415763,0.0455866221799779,-0.298895019226652,-0.145287514106361,-0.265766242843868,-0.247468623876744,-0.0620166032304467,0.0537572394558606,-0.0691804873122482,-0.00297159691488558,0.10119257206764,0.228323826223295,-0.193095740336199,-0.110707916522735,-0.00398438618543486,0.0198249721503031,-0.045382317633014,-0.0714266030380273,-0.173378442385906,-0.0115166864107452,-0.235071217311663,-0.199424751887413,-0.117336426035952,-0.201424947523984,0.0707406280161453,0.0622161711514702,0.378929051806805,0.539090771277176,0.171260544210704,0.445114160913329,-0.0731394548592426,0.364125089760511,0.00266630964541763,0.254300979468116,-0.216716779645869,-0.17280083045676,-0.0972636354376342,0.185671784521778,0.0624434683304533,0.130333899936027,0.0708458778208393,0.153983476148378,-0.0393105459818665,0.128187684090062,-0.108427253506964,0.000710368196094732,0.0377667918438854,-0.0170469967820571,-0.172799880578389,-0.16342804490746,-0.279918837008033,-0.0420870331463153,-0.328522029136019,-0.303805859573853,-0.176819811152496,0.0541648228182091,-0.0718988530714778,-0.166606696383754,0.0155051389709943,-0.270626146168791,-0.390293951032423,-0.391453980764096,-0.342137139139266,-0.261929188005946,-0.115791777883071,-0.271310535601908,0.0523823958078298,-0.063587398715012,-0.0203233929275226,-0.086493157121154,-0.224498457361296,-0.233002565561995,-0.188114162093212,0.127296593461916,-0.146783671436765,-0.34344898967395,-0.341153140583298,-0.124471530721898,0.0951623363461364,-0.0582614412513037,-0.142894717828304,-0.0563211411273357
"Frontal_Mid_Orb_L",0.141226751864513,-0.0442726111723541,0.167436644243857,0.011044523537038,0.43794705337153,0.390259712497845,0.299300239069689,0.126364042934151,1,0.356298715489171,0.128422000991342,0.079595784615198,0.0796206895579144,-0.0594238672295727,0.219545325873923,-0.144068416430044,0.0384103144814785,-0.0432767371898972,-0.0438752712190475,-0.123397239670454,0.0314615078680322,-0.00722361256518044,-0.0142471040104136,-0.168960118977944,0.0535390312099456,0.0803207824978734,0.0795752289253123,0.223787364810142,0.0644982656601947,0.061658864191414,-0.099665755983576,-0.0388718002738866,-0.060581945007055,-0.0117188113597351,-0.0355825060966508,-0.0594382409812891,-0.375092808725767,-0.150608082689019,-0.273475944714276,-0.189517424965928,-0.193266145598943,-0.0989353467142294,-0.0788280896020492,0.0262525658389698,-0.05676118767635,-0.0840798317307122,-0.138458606281992,-0.189602107800392,0.0745209598558241,0.0282040292585787,0.0910530158728436,0.0158878255934489,0.0182656277517477,-0.0450708828221299,-0.253812792446371,-0.219425369132855,0.0133676446058676,0.0503108623890745,0.0988808248368614,0.00833534068104282,0.356514784234527,0.172327425205428,0.12605054200355,0.0936888370865336,0.183903721199512,0.0641712287384391,-0.021095210680517,-0.0955221399491891,-0.0284705338013501,0.0309193524406648,0.0595774304584592,0.0395553281821317,0.070076265366923,-0.145433225144256,0.0355276195885999,-0.00293753748907842,-0.114707371781133,-0.0305572512881317,0.0403462641563224,0.151147035839648,0.0221060936262694,-0.0897158796025054,-0.0648596028272587,-0.113186318928561,-0.0928917242640412,-0.203551657045403,-0.144717071581964,-0.245752444521546,-0.0877629409751859,-0.0953118933418237,0.117832077585415,0.243587331818947,0.226546280141469,0.300054875705307,-0.0427567118054381,-0.237459302115002,-0.274356905550043,-0.214475380758026,-0.216980018016257,-0.0467860877792551,0.0975669772832781,0.277731421149568,-0.00918477323905026,0.238586465450811,-0.10919271334287,-0.149186098970931,-0.199738871054197,-0.146570173721195,-0.0125097866506041,-0.141419924878694,-0.287625695424483,-0.11581642502519,0.00580927165181596,-0.025409009852894,0.00857153186361862,-0.0819581342718208
"Frontal_Mid_Orb_R",-0.00885345667744232,-0.056085155755741,-0.134104915734528,0.403498300474058,0.0350163789705108,0.815482034534653,0.00705339780768416,0.541691746013047,0.356298715489171,1,0.104842593262969,0.227822981046441,0.113994253702562,0.264891615526702,0.197507098988074,0.2785211907714,0.0851355529373891,-0.121577035697027,-0.173755111870513,-0.00493982204631722,-0.0953568140097569,0.111968346255264,-0.050529823142568,0.11357233438955,-0.0312600068252462,0.116265664339035,-0.00861018875573528,0.211899798662064,0.188644632188305,0.234613034838441,-0.0282318058771696,0.110576506665861,-0.0560659093060357,0.124624331241233,-0.0857105077424173,-0.0881118485303692,-0.215399914653956,-0.0694550438813211,-0.117396115574432,-0.130757707772839,0.0317376175538419,0.116371635531308,-0.147745681702654,-0.0281209283540252,-0.0841794798756491,-0.0188332681228531,-0.171391931300538,-0.159578939157289,-0.0680894470141812,-0.0183095614895024,0.0493071969654048,0.00918875199101352,-0.0690174804193315,-0.0840100028369824,-0.117925912386116,-0.162968085299762,-0.00862388004401622,-0.0568706220589544,0.0925217953980533,0.0168785478455272,0.34543238741725,0.516774284478374,0.120882458830881,0.228685043533263,0.0534356497898551,0.35424734938501,-0.0700152013045813,0.132848407595622,0.0271992673897363,0.0771721625231801,-0.177386122028591,-0.0114689815674395,0.174396909381097,0.134148787850046,0.0357424175019035,0.217714329228006,-0.199685149203783,-0.0213435855462777,0.10837267143502,0.206736663978753,0.188606918318244,0.016816309514968,-0.0770631265082079,-0.0424073438003751,-0.00446223088390727,0.0255888059685135,-0.0653130502628996,-0.162195238206748,-0.0661532036404394,0.0555273696638491,-0.107548705079785,-0.254279675418435,0.0549969466371211,-0.205153265725733,-0.273459225741225,-0.231889437198552,-0.300758289255085,-0.116498554905541,-0.191168373484653,-0.350695493297117,-0.0516290975420298,-0.133042945308021,-0.226049108988096,-0.125488702095869,-0.250050408948042,-0.35200001762524,-0.253114431264194,-0.11102732783665,-0.0615156220229517,-0.244493136867412,-0.261874451482739,-0.240482486340412,-0.185880415688229,-0.0217800866617032,-0.0356872854397217,-0.0747189439051824
"Frontal_Inf_Oper_L",0.500678727845196,0.0801356726811799,-0.0124478641426937,-0.180002161421263,-0.331034813934775,0.0429962350511906,0.254187653462047,0.131802543740303,0.128422000991342,0.104842593262969,1,0.507928717296838,0.667809909201692,0.452516176677021,0.340252936201745,0.0696312879122306,0.395260956803193,0.110460838981362,0.14721944058293,-0.000353027081106512,-0.303771309663297,-0.119943394640136,-0.141731146655307,-0.266289215397711,-0.490218307003725,-0.526682624502222,-0.318118989735502,-0.159396703402539,0.37421302184133,0.212813344574346,-0.182645953032257,-0.154622477687391,-0.146881192975141,-0.00764238927383905,-0.333299859814663,-0.444663989830329,-0.0793084268941782,-0.265574581439156,-0.239065135480301,-0.0960175377266248,-0.00957503223476062,-0.00182241160087768,-0.316808003451295,-0.207117857115485,-0.374753545459418,-0.23352745171969,-0.239781118208523,-0.245576665480182,0.0075686976860373,0.00991785737007271,0.0539095902629453,0.0927539121214259,0.0179387458267175,-0.0489444353348388,-0.0941079932365313,-0.110741499441487,0.106696523423602,0.120770380581783,0.23515054645082,0.16314727025135,0.5723752840585,0.266406675669472,0.284203218432803,0.194520280667932,-0.128439630647595,-0.242529086330448,-0.138888512611333,-0.154246283972904,0.152705615244252,0.131325055132081,-0.00645651948609508,0.187950821527276,0.169054407365757,0.151491366341991,0.0360115473114048,0.0891826618223483,0.0338494288552429,0.0808764745854862,0.019953418709811,0.0426255613252505,0.184640632336361,0.0754910019167899,0.0273639598063451,0.092711790363764,-0.00915509574246737,-0.178232598426019,-0.216507604550443,-0.161043460108778,0.132026675419714,-0.0731591014112897,0.0529768934928892,0.171401698427166,-0.107393861954871,-0.0564689166872697,0.036447868421544,-0.0835548262976972,-0.181090914013744,-0.145768316316581,-0.149829247262987,0.0333582442162098,0.185320720500077,0.0785160381397528,0.0810084368003836,0.302911451588267,-0.130454405318219,0.028434951313562,0.126312927549336,-0.038447226832156,-0.0838400142727925,-0.146030546046629,-0.382536344128557,-0.253628477793183,0.00804762267577885,-0.0382374449534299,-0.0851129832008661,-0.242891804190151
"Frontal_Inf_Oper_R",0.403559679641125,0.387327034406734,-0.438511334215126,-0.137753731018227,-0.356035121987235,0.214745354081165,-0.289610955407962,0.319878036931083,0.079595784615198,0.227822981046441,0.507928717296838,1,0.226200044711321,0.646887240114936,0.19709342708945,0.33003966451037,0.352493916781674,0.278325913278542,0.244928325010192,0.322770773309958,-0.275509468869809,-0.032609776946674,-0.362462574865294,-0.293667936279565,-0.495907553096025,-0.406948546325668,-0.256645358146812,-0.0274110469500916,0.279332938933274,0.485576224892629,-0.165406234835491,-0.232076366926242,-0.0483483809394279,0.0768202674447065,-0.458593315337389,-0.417948421086156,-0.212033312005582,-0.100555800184562,-0.214155417474389,-0.0324778499831124,0.178895767818181,0.320647338013324,-0.157776673263543,-0.0019748039611163,-0.0287187291905309,0.135557982676515,-0.0612816285645063,-0.0265150438648501,0.0968043248497195,0.118032144003418,-0.0125170465896397,0.0963095264341538,0.050965167479249,0.0358339816727992,-0.00334486061058329,0.0701014289183184,0.327260017176704,0.321791421844812,0.153207987196273,0.165872083270928,0.439139750839818,0.358721538889951,0.412829689503837,0.548338406808674,-0.411257326436211,-0.1917988936717,-0.322902972137722,-0.0437651482548502,0.23774369061753,0.266836004099046,-0.358250046456059,-0.0983272137664629,0.0860976008359032,0.405418514219463,-0.103490078142912,0.256938859819563,-0.139436808140629,0.0567199741384564,0.0883164754225512,0.187531674611289,0.358444129290195,0.227932909057522,0.124979622109221,0.17641855436757,-0.0816805222280226,-0.029157469295607,-0.273892269812842,-0.186457452412165,0.0146931422893504,0.0294196216223662,-0.0567353980241568,-0.181023031866258,-0.0641471968057737,-0.317330965734814,0.0122211843878578,-0.143792586864368,-0.0969218905015381,0.0323951532217262,0.0883650366440996,-0.0789385192535511,0.247159249897801,-0.148518344149608,0.269839211351725,0.0591791242021696,-0.251987788396048,-0.181144993509535,0.00671387398222617,-0.0932064002158569,-0.0450658356175588,-0.100284288000758,-0.225539391659004,-0.110646164350066,0.0394438315855997,0.121726637800943,-0.0587008553469417,-0.12036711594633
"Frontal_Inf_Tri_L",0.155902907154414,-0.04101371947652,0.173674550468904,-0.0128820478809239,-0.215707754266469,0.00240224387942792,0.450504671945645,0.231977341811389,0.0796206895579144,0.113994253702562,0.667809909201692,0.226200044711321,1,0.438490451865977,0.354811218358381,0.154542332671589,0.242619499365002,0.0187451281526045,-0.00341122192303767,-0.154167955440595,-0.222351918206264,-0.283600658027222,0.0554693651668819,0.0294138854887481,-0.272724028911397,-0.336797103369309,-0.212406196686642,-0.215254872358634,0.321891372086726,0.149846267214074,-0.0204090800999797,-0.029272858813245,-0.179405394367865,-0.0784643639262968,-0.123987614141672,-0.234796861995801,-0.0366915066657502,-0.147532410282404,-0.109411150328657,-0.00361914659024189,-0.0333983388911687,-0.00537159629470594,-0.222889896119871,-0.189999045135332,-0.235945652480018,-0.196368433568218,-0.190080115101638,-0.201985679899604,-0.035908809923879,-0.0757393844865179,0.0278660779322118,0.0222105940058683,-0.0830047952773303,-0.013874570735117,-0.0963268821942783,-0.136480066813032,-0.111822294798853,-0.0345557876833097,0.129090565550436,0.0800945828090184,0.401534918764137,0.157463039127025,0.0700793721194714,0.0309954603171771,0.0357950276936792,-0.0781362119821561,0.00440046931862187,-0.0821811573284933,0.017340587272207,0.0205754674297302,0.0640287358077313,0.150004508941183,0.00450551911420868,0.0271340613845491,-0.0208415160564619,-0.0692619347677852,-0.0271119188089139,-0.0328982484684913,-0.0831312159569556,0.0406614365314163,0.089640155524758,0.167979147578031,0.037267532974126,0.0811370235877976,0.112314662477557,0.0284622766016709,-0.0298904469225589,-0.0608457217068136,0.209883186310238,0.034812905473011,-0.0716396309612704,0.130351032037458,-0.0874707304764822,-0.1022194530167,-0.124334893852994,-0.166063726326613,-0.214152350019351,-0.212446475186863,-0.292350973108884,-0.137244728973936,0.0888172758842929,0.10189882178881,-0.148486815992468,0.124463182896861,-0.195425259411559,-0.051688008442864,0.0830092858073485,0.00356396309161318,-0.121445355781902,-0.230652223127735,-0.35673345793508,-0.26223172393968,0.0455064292030027,-0.135952364311489,-0.168775028817942,-0.28333678087203
"Frontal_Inf_Tri_R",0.277425106722187,0.168126072116152,-0.241748072340224,0.0127387977604664,-0.252236644634455,0.169687380758942,-0.129287190558948,0.384691309473547,-0.0594238672295727,0.264891615526702,0.452516176677021,0.646887240114936,0.438490451865977,1,0.303875423317871,0.561861851171905,0.189525574236885,0.0724610677922316,0.156080488291955,0.230704586221049,-0.113601589592967,-0.0166702846195444,-0.166988858144413,-0.036088266586812,-0.207741534554019,-0.202372422100696,-0.050825212593225,0.0451993350343967,0.265831065288421,0.389491958684145,-0.0266465887943866,-0.157296771183673,0.0148875730089725,0.0744955981358825,-0.238768176217447,-0.19661464714479,-0.0810135111758335,-0.0378252345367786,-0.018900914783115,0.165434823822817,0.180464136669873,0.215056491926515,-0.142225219712541,-0.0967462622071333,-0.0835981141608426,0.0437998561709195,-0.100333431770471,-0.106023864237458,0.0248655774494132,0.0297966805226591,-0.00503921749979098,0.068135296679487,-0.110106579658497,-0.0289515519241303,0.0973030764887923,0.131169135011119,0.0883686576343083,0.0960330047495532,0.067996299593453,0.0341168308518117,0.263352228729907,0.21862712547104,0.120800120526492,0.229063033196104,-0.276493017542926,-0.0131439786737823,-0.135184290317598,0.0239400272316791,0.296589507043828,0.234714230602599,-0.230931203935714,-0.0271706755672707,0.107764350851936,0.362412861505714,-0.0805102016996239,0.18835468553815,-0.198934090100337,-0.00166619717272033,0.0634189886752494,0.129269672114261,0.247604725929829,0.224071128278363,0.0802904681721238,0.177576892859438,0.00675660747371384,0.158501039188634,-0.0966797247897013,-0.0385548014832893,0.0154819556284011,0.0637725843134941,-0.11248555063622,-0.281680726804254,-0.0631992252361064,-0.317130560304297,-0.123208956714874,-0.0462363284738543,-0.0558801071284035,-0.0267276520094156,-0.0939680606993669,-0.269638700065262,0.135786157469577,-0.186551610075809,0.118960907587957,-0.0500426725325811,-0.169556885621071,-0.147121592665209,0.0478283142828177,0.0446519966202047,-0.0505864826031948,-0.150835546088132,-0.196458126818332,-0.280569451260747,0.0270654913699024,0.169006273339067,-0.00978968804464655,-0.234287005167093
"Frontal_Inf_Orb_L",0.115264513144136,0.102584081516145,0.322013934397403,-0.192643684587888,0.110040786361442,0.0930938816776154,0.159609099431553,-0.0371317317243144,0.219545325873923,0.197507098988074,0.340252936201745,0.19709342708945,0.354811218358381,0.303875423317871,1,0.523800159747621,0.264245686718229,0.0625205581168527,0.214633920162123,0.175651084144295,0.0489452647626346,0.119643600249673,0.423654756746407,0.0860708414438824,0.12879101558991,-0.0200796480379161,0.0539157024349676,-0.00804451614620324,0.462432949161551,0.369166601163076,0.308987195205333,0.0776669364261303,0.104555867635921,-0.0441869058248029,-0.114335815975184,-0.318722328708565,0.0768765588826736,-0.12925046784515,0.177505653614684,0.202907116606008,0.237295544337818,0.205768957775681,-0.217709415717059,-0.140973478737478,-0.271530818848858,-0.341247912733011,-0.232437231423773,-0.14675167308675,-0.205047610530201,-0.286286074828837,-0.211854989755435,-0.2303107790283,-0.142631411285171,-0.225030783924405,-0.0559827664350942,-0.0726885782469387,0.0813641674785233,0.0707751841588914,-0.21525626941241,-0.329317760568716,0.0679316095849398,-0.112555252389547,0.135539755816742,0.0132168862554477,0.0129170520624395,-0.253423419091465,-0.285857833723554,-0.428860119828455,0.285020598085132,0.260481320650092,-0.0459880384841637,-0.0513744093428558,0.279520152466823,0.274132972324453,0.113936717225331,0.0848338601226261,-0.114913232538465,-0.300712522772455,0.141496089657704,0.240164373993894,0.286857832003053,0.273754733962131,0.590235581162437,0.337972747346493,0.359888507147722,0.0916714689417734,0.281422241793298,0.162095610789616,0.210571209392468,0.000926729033376585,-0.328710213860738,-0.0843833403390687,-0.176068233158428,-0.0474027758135508,0.075781923625575,0.0324413968705634,0.0564398598713326,0.0784925741350019,-0.31001614116405,-0.198111547125105,-0.0746877848724792,0.100485571674797,-0.109546602315388,0.129191583737662,-0.173638042915173,0.00275923260156563,-0.0236822805152582,0.0404863496445746,0.0572083625240377,0.0210092139686895,-0.162019163501443,-0.24764021263241,-0.144696448640585,0.246449384890407,0.168312010999017,-0.125785172697181
"Frontal_Inf_Orb_R",-0.0408164761264163,0.111751059878417,-0.100653379302667,-0.0236519906401726,-0.0393359513638834,0.217333955454563,-0.156444958028417,0.193449696401601,-0.144068416430044,0.2785211907714,0.0696312879122306,0.33003966451037,0.154542332671589,0.561861851171905,0.523800159747621,1,0.237906042333314,0.151770250333605,0.199283089879118,0.30696407265701,0.0869633017941119,0.276278016961699,0.259327903528822,0.277964117181615,0.153799252593012,0.148500910408472,0.121806805873737,0.17139835142493,0.457627290371721,0.578927951784935,0.413077795346181,0.203286417734094,0.132496219918038,0.0870966367058894,-0.201801559438092,-0.204458931682164,0.0288625459248941,0.00646226800487368,0.156643131633472,0.191110840809923,0.397381067133873,0.468717478799676,-0.0655548966614826,-0.0459273980763247,-0.0534552265967575,-0.0705443799411319,-0.0837863505233694,-0.0515724896478394,-0.140114042171432,-0.329640660222677,-0.259851798767557,-0.375260274984915,-0.136093761400731,-0.212810216670777,0.0329022894726412,0.00497788747360753,0.103138882982453,0.0547527550889082,-0.305534738937315,-0.428994365108621,-0.0337847822859863,-0.0386473313959908,0.235291145801627,0.219139536630472,-0.245208353649003,-0.178467675519486,-0.325486597228633,-0.248890853204033,0.247017455527713,0.178256957008963,-0.224746960341711,-0.127191066914786,0.34304223083791,0.512090369557221,0.0850618721392889,0.319831455663021,-0.0604526730033872,-0.113577181651862,0.211596893043943,0.328586108368596,0.384383458907619,0.377637090694473,0.499605589861867,0.46504920823831,0.202499457111398,0.272715339057671,0.178035667877098,0.172956369527312,-0.0879373458570077,0.0188830405555791,-0.262961004597987,-0.337161263977438,-0.0494143080163046,-0.213706974910146,-0.0183115002345539,-0.108019317498251,0.0178798882685164,-0.0062028120842489,-0.13688263904168,-0.273758643493506,1.71428197900634e-06,-0.0985819528342372,0.0189466902180986,-0.0560236184768439,-0.170989332827466,-0.0919324922374252,-0.0646642666410506,0.0714152322590688,0.0964407388232936,0.0378003504847497,-0.0441973047033515,-0.326299236937159,-0.138945583403207,0.258386343070054,0.178834429647489,-0.0480303548021723
"Rolandic_Oper_L",0.289307498246649,0.403017270633979,-0.12283049115008,-0.16903619355594,-0.0865178217004337,0.204151836604968,-0.114535540016697,-0.037278812103706,0.0384103144814785,0.0851355529373891,0.395260956803193,0.352493916781674,0.242619499365002,0.189525574236885,0.264245686718229,0.237906042333314,1,0.746293614870128,0.209824362071408,0.126361931196062,-0.15082708314919,-0.0833680929465367,-0.0676482564616764,-0.136057258810838,-0.213287249360991,-0.131940361929252,0.0107983621994798,0.151623637738885,0.649698138396803,0.684799584109958,0.0153774845047483,-0.0821411125496649,0.0807333182551173,0.117575552649456,-0.232649997421101,-0.316663765386116,-0.0499849312364537,-0.0555361422681042,-0.0690320145944793,0.146720682383153,0.310710420312703,0.287320630650523,-0.164535761105525,-0.167902387042903,-0.15939453797481,-0.158254725005927,-0.0826234703886243,-0.0978819850275945,-0.124121389760821,-0.167817487966394,-0.0901584309204053,-0.111313091328557,-0.0935167991085886,-0.074179444808534,-0.09957993372433,-0.0117358154208518,0.58309717283987,0.351370212576568,-0.101843715447763,-0.174124251167173,0.163845562421223,-0.0351468176953351,0.534097936293914,0.270091925189118,-0.192361718137104,-0.232519717154823,-0.264187658524652,-0.293057369542008,0.326929287824232,0.326993053781914,-0.258361634413758,-0.104576105694211,0.242551189974959,0.484289887167147,-0.0290246243324928,0.255285391336472,-0.166806358564443,-0.117633216797262,0.670534012374961,0.649725013004102,0.723118079570461,0.486496030991506,0.332603952696574,0.320443520564707,0.224811251041347,-0.0013104077906415,0.129245672759066,0.0675421319941281,0.104698453990262,-0.112897709588184,-0.204394649661505,-0.211274750314623,-0.19407579107307,-0.263147707326197,0.00633826278667701,-0.239947694028843,-0.113447868899421,0.0317637847749884,-0.0235803345726711,-0.0800794621055071,-0.0178060683370464,-0.189909084260768,-0.0723198551980485,-0.024196066037197,-0.386021067823724,-0.142957580814135,-0.0567406883972088,-0.106105704230094,-0.0800723726625627,-0.18434816162704,-0.0598763365989624,-0.131522910913271,-0.122301832523303,-0.0535865878792833,-0.211674127893185,-0.167001202343584
