"","Precentral_L","Precentral_R","Frontal_Sup_L","Frontal_Sup_R","Frontal_Sup_Orb_L","Frontal_Sup_Orb_R","Frontal_Mid_L","Frontal_Mid_R","Frontal_Mid_Orb_L","Frontal_Mid_Orb_R","Frontal_Inf_Oper_L","Frontal_Inf_Oper_R","Frontal_Inf_Tri_L","Frontal_Inf_Tri_R","Frontal_Inf_Orb_L","Frontal_Inf_Orb_R","Rolandic_Oper_L","Rolandic_Oper_R","Supp_Motor_Area_L","Supp_Motor_Area_R","Olfactory_L","Olfactory_R","Frontal_Sup_Medial_L","Frontal_Sup_Medial_R","Frontal_Med_Orb_L","Frontal_Med_Orb_R","Rectus_L","Rectus_R","Insula_L","Insula_R","Cingulum_Ant_L","Cingulum_Ant_R","Cingulum_Mid_L","Cingulum_Mid_R","Cingulum_Post_L","Cingulum_Post_R","Hippocampus_L","Hippocampus_R","ParaHippocampal_L","ParaHippocampal_R","Amygdala_L","Amygdala_R","Calcarine_L","Calcarine_R","Cuneus_L","Cuneus_R","Lingual_L","Lingual_R","Occipital_Sup_L","Occipital_Sup_R","Occipital_Mid_L","Occipital_Mid_R","Occipital_Inf_L","Occipital_Inf_R","Fusiform_L","Fusiform_R","Postcentral_L","Postcentral_R","Parietal_Sup_L","Parietal_Sup_R","Parietal_Inf_L","Parietal_Inf_R","SupraMarginal_L","SupraMarginal_R","Angular_L","Angular_R","Precuneus_L","Precuneus_R","Paracentral_Lobule_L","Paracentral_Lobule_R","Caudate_L","Caudate_R","Putamen_L","Putamen_R","Pallidum_L","Pallidum_R","Thalamus_L","Thalamus_R","Heschl_L","Heschl_R","Temporal_Sup_L","Temporal_Sup_R","Temporal_Pole_Sup_L","Temporal_Pole_Sup_R","Temporal_Mid_L","Temporal_Mid_R","Temporal_Pole_Mid_L","Temporal_Pole_Mid_R","Temporal_Inf_L","Temporal_Inf_R","Cerebelum_Crus1_L","Cerebelum_Crus1_R","Cerebelum_Crus2_L","Cerebelum_Crus2_R","Cerebelum_3_L","Cerebelum_3_R","Cerebelum_4_5_L","Cerebelum_4_5_R","Cerebelum_6_L","Cerebelum_6_R","Cerebelum_7b_L","Cerebelum_7b_R","Cerebelum_8_L","Cerebelum_8_R","Cerebelum_9_L","Cerebelum_9_R","Cerebelum_10_L","Cerebelum_10_R","Vermis_1_2","Vermis_3","Vermis_4_5","Vermis_6","Vermis_7","Vermis_8","Vermis_9","Vermis_10"
"Precentral_L",1,0.588866372170779,-0.141891969853673,-0.402049311318932,-0.344962720377691,-0.250580787388287,-0.248041732545882,-0.259270157734395,-0.207453498361725,-0.20109745274682,0.392399976848788,0.105793250146862,0.0146052459004739,-0.109546428245386,-0.047413979513484,-0.0811635472072642,0.462289117248721,0.310308136729509,0.567706581084556,0.372304265942941,-0.149533395419606,-0.119135631820154,-0.355339772217515,-0.403635563604105,-0.486557975328938,-0.426493031176738,-0.202768197354164,-0.227414128829941,0.124054315818592,0.124704337702243,-0.292356471578391,-0.322517066430627,0.101657825022516,-0.0351604183573902,-0.292740296537692,-0.337861916845095,0.118294686583804,-0.280203937633451,0.0414048479605089,0.0284881675453367,0.154827871813668,-0.00695008097871095,0.00886131384177631,0.0485473544756457,-0.104414239270268,0.0220604517360918,0.132663631797001,0.159306292023019,0.10964715663088,0.0680249163485058,0.0344546609984858,-0.102974282055542,-0.00439275191005871,-0.0407815970647338,0.0199183131603516,0.05811524321349,0.703415098373541,0.43001989995081,0.377235995668118,0.176259425413816,0.250507074538652,-0.158901513060924,0.396339117469735,0.126409755547705,-0.321384914921168,-0.315575250984805,-0.10113832745993,-0.100079038446533,0.483783155966424,0.298858440534634,-0.170038172601936,-0.132088339671066,0.0116447971620658,0.0121149162647535,0.000369821540329302,-0.0174512247763361,0.165912535275412,0.081470595218031,0.367840808649993,0.1897983815565,0.417919361915835,0.139989567856085,0.0923753905435939,0.122879905862699,0.0236456098145395,-0.163427104899057,-0.0498973715099818,0.0039512150384614,-0.0228623835084265,0.0711045030280709,-0.0997081824650326,-0.0481986732920743,-0.203863036848601,-0.123561598816719,0.010714029261202,-0.181463619341737,-0.0434751854962489,0.0815565757230172,0.0539357248654784,0.161747791134766,-0.125502102230106,0.0686594490543044,0.0456726064981275,0.211608641408188,-0.135464961144572,-0.128308223820051,-0.204396110287855,0.149227991652457,0.00597387666435093,0.0107100287068762,0.0237528515358615,0.103078361660605,0.0729949071003138,-0.0575615333766425,-0.244771643976163,-0.114112372050459
"Precentral_R",0.588866372170779,1,-0.317865934576108,-0.362560264648553,-0.392401678953426,-0.276388546914278,-0.399332746863087,-0.185675325416092,-0.353187783657002,-0.218480243096116,0.108441284815548,0.158027861212971,-0.151757686088972,-0.117275806152738,-0.201900889294791,-0.0952400571345746,0.503909035840855,0.636268426011391,0.476744462859399,0.458448226521385,-0.079681653162622,-0.151694468243023,-0.440563187669352,-0.412928451306201,-0.454782707690327,-0.371384573013302,-0.285501380454192,-0.331953266241532,0.0884431794982947,0.219405617229471,-0.267333992066711,-0.269409935204301,0.198549091079047,0.220628776265213,-0.383228584522631,-0.365630894681376,-0.0410475773600735,-0.139731173524743,-0.0540375188517284,0.0544403281572938,0.131641818470756,0.154366624324839,-0.112888509410648,-0.10897516144466,-0.0804301814485066,0.0106121716332549,0.0525829066721288,0.089509279102412,0.0528684655860382,-0.0223585789433035,-0.100382322933308,-0.16763378398999,0.010071436600871,0.124777301878541,-0.0308937177342016,0.0500135139634359,0.770667139408601,0.662635278218192,0.213915426125824,0.130685265766052,0.12610002862004,-0.0110850789083987,0.358339906727301,0.264954735884348,-0.294623489313439,-0.252156851265946,-0.138814228301093,-0.0233425201767607,0.38774981458829,0.40790604636779,-0.351185714625787,-0.2291214991957,-0.0637890816714524,0.198550395993881,-0.137550235004696,0.131490079201317,-0.0267489296793388,0.0557962015664469,0.457770852142383,0.418749000171636,0.482499292874365,0.388325493651953,-0.0509193904060597,0.152696755242814,0.0414090149991987,-0.0170435107776316,-0.101615093014242,-0.0236361029422108,-0.0498088450238701,0.0857896253257759,-0.00819885673067842,-0.0785998474788485,-0.198530269778913,-0.276794017890951,0.0442772356761078,-0.0237555085841266,0.0230522390553116,0.100029712378117,0.171753317976754,0.165838436009607,-0.135529609581509,-0.0836507295554113,0.204026039119003,0.0860798716589003,-0.0117175564885079,-0.0226480297606705,-0.136943644122751,0.133132890215891,0.185124043814318,0.0561640900213021,-0.0867420856750039,0.159768503020861,0.0547889547531198,0.0716527213894325,-0.0879515191223257,0.102434259236228
"Frontal_Sup_L",-0.141891969853673,-0.317865934576108,1,0.257819463808631,0.558412848231174,0.247357161841586,0.692713402665999,-0.00289113593900968,0.452640032798525,0.137625273746343,0.0334775726891465,-0.333402643290416,0.231662576315371,0.0020512168189969,0.268663511539093,-0.0501374178326297,-0.268891281786485,-0.391149158524474,-0.159465406067898,-0.170263615130057,0.196284802192589,0.286203811173417,0.562190261715216,0.58503014380189,0.384333787956851,0.373026668699627,0.336696345818267,0.407088512169598,-0.0690765480370382,-0.259678206801942,0.320251762305853,0.327740236382047,0.0239804278724982,-0.22556302089093,0.239484344538858,0.149876422471309,0.0420910276922919,-0.0369504188216478,0.0179814642836906,-0.107234660639165,-0.0506835557477263,0.0159462840019313,-0.0872687172042943,-0.064233317810139,-0.0525574223252547,-0.134019849421875,-0.193574577152005,-0.209799976815036,-0.0769741198100257,-0.176547803366209,-0.0465598499522793,-0.0592905977052365,-0.232281134067213,-0.207235012855515,-0.147918293784703,-0.193846188006901,-0.293513627685585,-0.37104581346936,-0.0385112837290316,-0.379641967946079,-0.0314027192601696,-0.263655751848641,-0.292531084208945,-0.371509117298463,0.426509667925212,-0.00720313103167767,0.0989328878922128,-0.19928136186938,-0.122115041221776,-0.174634251776343,0.304553473225072,0.133230622503821,0.154005677389589,-0.0672200287136433,0.120380968626115,-0.0669527380240379,-0.0543182349215303,-0.285543941606695,-0.151314363892986,-0.212508014811288,-0.35657915246674,-0.299476904025744,-0.0261355244206584,-0.205387007249219,0.0348796953406324,-0.0424859580565677,0.0979003241680342,0.0432120536894062,0.0283930731021642,-0.21108631397721,-0.374980992848753,0.0524789351278392,-0.160847394173437,0.275570726080068,-0.138218954760604,-0.281866686591635,-0.212358407888443,-0.266141968926464,-0.40760212437388,-0.248603464226731,-0.253376445348641,0.0835012279092126,-0.198270436619087,-0.0394983705803336,-0.0399480001131061,0.0281707678810422,-0.163145601659154,-0.26995669185342,-0.228108353905853,-0.273837233919079,-0.194995115390147,-0.433664148863555,-0.308249532725209,-0.157988660711046,-0.0565194217994156,-0.221900224311282
"Frontal_Sup_R",-0.402049311318932,-0.362560264648553,0.257819463808631,1,0.136383669235138,0.46127794697675,0.492318900873946,0.689223124243262,0.167384768845281,0.430870929276966,-0.114997686957594,0.105547233878114,0.0302117160573843,0.211732748836053,0.0342239319908488,0.105416519133241,-0.210584569937225,-0.286234572880765,-0.284645029289076,-0.0931563824086085,0.00219979779209351,0.122820019946186,0.332230581208929,0.532901691442606,0.275447562655837,0.346292468155092,0.015907332268904,0.214212133088332,-0.121292523469997,-0.0979220898232113,0.252795880282079,0.419592530639987,-0.0182467709550731,0.148778922356205,0.029253689145865,0.148401499610554,-0.308093072248157,0.0435972268799426,-0.210572674234997,-0.152312094811524,-0.219293376985175,-0.0917463009890531,-0.11489084190338,-0.0746001113476636,-0.0810875968347122,-0.0198311665531395,-0.15884681862372,-0.164002783962088,-0.0380882213243304,-0.0924146917122172,-0.0375526350663818,0.0324269040266094,-0.0244936591330414,-0.187013730959174,-0.151801302526113,-0.14894045798063,-0.446138919867549,-0.317396705747777,-0.149236386405733,0.0359053829103225,0.0718959384325631,0.434988540540003,-0.171003000937212,0.0078490826423787,0.142142094143473,0.514752001396645,-0.0786421263813088,0.0693905306835066,-0.283094415895192,-0.153843606291203,0.185211953675003,0.232367876626227,0.0149351124853527,0.0199683377621434,-0.0297765919272548,0.0114173195910725,-0.25133664102951,-0.0841902441893365,-0.220177205602476,-0.279431166554809,-0.275200811812308,-0.215293815962466,-0.192488359137572,-0.198660042935067,-0.162592437294785,0.126551853761593,-0.239661886661176,-0.113359516827946,-0.163939538041277,0.0936968603009914,0.112803965395769,-0.00657208225288373,0.318384975786613,0.0319850179123605,-0.268063167952187,-0.185723878890373,-0.186473152093353,-0.234569027053379,-0.190253579884093,-0.246386434733489,0.190406824878323,-0.0393765009353639,0.0508332527553422,-0.0147548017987335,-0.174108783811159,-0.14169704169903,0.0581091251829757,-0.158838775543992,-0.334262842194294,-0.249524662825706,-0.195472879626223,-0.235162553704054,-0.157475520924303,-0.080207778444999,-0.0653737107760435,-0.203246032265728
"Frontal_Sup_Orb_L",-0.344962720377691,-0.392401678953426,0.558412848231174,0.136383669235138,1,0.316354128378831,0.335245770765149,-0.0658259749071089,0.475885005501838,0.121847582288991,-0.270420907213794,-0.397975572950124,-0.00566394271444732,-0.0875894075248667,0.165261847096853,-0.0487449015041562,-0.351920142600566,-0.403381080206293,-0.262678779540391,-0.221235770828391,0.509700999349358,0.304880927615051,0.458201792676331,0.453174019948575,0.789580189513529,0.6340493689775,0.804531158206639,0.639378115013908,-0.0785844918907634,-0.290951010255077,0.31465317910235,0.227377725225909,0.0306875797985845,-0.26409392356632,0.450541853835808,0.340594374936135,0.0595051015906295,0.0293907628987813,0.258502042640168,0.0677610889193951,-0.0240809688223241,0.00223229911720583,-0.074662295037498,-0.0317655305620127,-0.0430391951449526,-0.126995238516109,-0.200331060260896,-0.189030775493044,-0.218509546794616,-0.183928260179992,-0.0469953308897818,-0.0288484178622631,-0.244739316293662,-0.13388829572491,-0.122955050095515,-0.152370906100861,-0.371582380684655,-0.448796999466754,-0.126978562158445,-0.294517406076234,-0.182608665579567,-0.288418497718661,-0.357116785450683,-0.471134756951996,0.395613258330379,0.110702760379437,0.253424233986231,0.0391065985679514,-0.135546968960083,-0.115648503140642,0.183797708714928,-0.0513655865460011,0.0786727669276942,-0.14534458749731,0.00506039581692677,-0.147983607383119,-0.115513486328639,-0.279170291912584,-0.170486192782799,-0.206745011113651,-0.406789203021264,-0.351831448191682,-0.103723738921909,-0.156966958374149,-0.0175415443372112,0.0076972090907526,0.110438317587652,0.108004479633012,0.103097757803334,-0.212987296063608,-0.376452956404169,-0.204894828618674,-0.106431290211228,0.213181780606179,-0.0101395752447532,-0.0108247439934879,-0.0336136338706418,-0.0946168906038031,-0.403130136433642,-0.316785798546171,-0.199318990880935,0.0793879786847197,-0.187853123042926,-0.0990373854452647,0.120433334862309,0.114182591343034,-0.0877960524974795,-0.256273690150352,-0.274300912346176,-0.209522354483636,0.00228925716493347,-0.403185880842359,-0.274499890233088,-0.107513838714259,0.0414119278881308,-0.095446855408753
"Frontal_Sup_Orb_R",-0.250580787388287,-0.276388546914278,0.247357161841586,0.46127794697675,0.316354128378831,1,0.39988719745871,0.600943802816378,0.591549103062983,0.785263989721893,0.0136051805795903,-0.0161874669339558,0.263271212969396,0.261850185980379,0.361776495484902,0.30777793045279,-0.057146260787739,-0.144812199763727,-0.229529228414808,-0.0680729981106922,-0.00967126393987228,0.180590723382426,0.298076501452161,0.375991041558172,0.269736000862757,0.638160385149856,0.116924983756711,0.59513180479243,0.134909006000952,0.124037475545034,0.258728127631588,0.420346926256008,-0.136588304514857,-0.0707579703844452,-0.101783864018777,-0.000254447368585046,-0.300693623512785,0.0301790854495641,-0.0939709521109837,-0.205377096273175,-0.0808356214040282,-0.112710514214132,-0.202901691508115,-0.091433824568714,-0.201746538512924,-0.193703359903664,-0.248724383275927,-0.300255716486563,-0.205052477753094,-0.166789334075385,-0.150641263888771,-0.0649442174148101,-0.158408593684315,-0.227494903442972,-0.344119021051294,-0.355997798253605,-0.336486514737872,-0.306220071117104,-0.134695713018927,-0.085744436138159,0.117809073047515,0.293890018660521,-0.177440872587349,-0.0129190747355796,0.0809917335167414,0.270438602325957,-0.269275411848851,-0.210999196119731,-0.152905911910955,-0.218503275405709,0.175446393569953,0.249502388298006,0.104219756780954,0.107699089136455,0.0330678573958227,-0.011017496476385,-0.163959903912264,-0.110616794276124,-0.0616667662279606,-0.0854711293074457,-0.196338278271176,-0.15186719808361,0.0474440483120693,-0.0703271416284035,-0.186645441561119,-0.170677215620227,-0.0628462611332061,-0.21952104571609,-0.156287963663709,-0.192038621416313,-0.330551068066519,-0.236436935299332,-0.177989014189375,-0.00366043853729114,-0.197107408820114,-0.0630583169813114,-0.331543309496875,-0.360673736104869,-0.431467635623352,-0.404338181037288,-0.0914029489894356,-0.142605968623849,-0.134146907592596,-0.155083761210669,-0.179055116958028,-0.175683843931215,-0.247077816530866,-0.365979875008176,-0.25499652981103,-0.373553122129868,-0.336801385466407,-0.455984731112239,-0.307307110021249,-0.230087250784949,-0.164657762823384,-0.30137860780508
"Frontal_Mid_L",-0.248041732545882,-0.399332746863087,0.692713402665999,0.492318900873946,0.335245770765149,0.39988719745871,1,0.422492775042953,0.3831769500614,0.290010640139034,0.116967911987909,-0.0982674205395718,0.404413874524105,0.126728517169884,0.297002799357124,-0.0730072088489118,-0.151194534763735,-0.256162417179117,-0.191828144189146,-0.201332375375948,0.0129550882636803,0.244857958533711,0.485363130760502,0.472560994543101,0.286543222252374,0.349311480028206,0.0681421384199566,0.311393476095976,0.0676378350347463,-0.0815602712357456,0.32504513719838,0.47014260019452,0.0929979586784104,0.0200609772695302,0.144949424295666,0.16482388003084,-0.196124295975027,-0.0239104004788551,-0.196204746939772,-0.230873079168871,-0.0509682230484007,-0.0322763249446899,-0.151380252432801,-0.179714081600413,-0.116273113571968,-0.202724200002271,-0.2790799403061,-0.333547454127419,-0.155697639562996,-0.240243623148479,-0.0875478604881531,-0.168115470798263,-0.245484453259978,-0.280411279802679,-0.297097365182435,-0.333817749600541,-0.403396139026365,-0.356049597466578,-0.0446539238199322,-0.315914101933897,0.241316987595011,0.0852322256559678,-0.141670069937572,-0.10729100828573,0.407546137724114,0.227940761806657,0.0873567131528187,-0.145039562500285,-0.216296088230554,-0.197217955919232,0.387066075235339,0.221802971130809,0.177337843568672,0.0223914789501102,0.186310971000361,0.0348766569333641,-0.107380065143199,-0.24918387213793,-0.156675584412411,-0.192715248547966,-0.296762988241448,-0.289712776820954,-0.0496522613506415,-0.287157015224143,-0.189978967873011,-0.14421800467094,-0.134558709802652,-0.253540632133803,-0.0377487679149437,-0.202858709412949,-0.162722253775737,0.146134786415707,0.0916676030734705,0.302826643158186,-0.178413914855612,-0.322197313998653,-0.250927008148875,-0.412574510756497,-0.35737306800662,-0.251528215998458,-0.0285945317716332,0.178441535335681,-0.159366207416988,-0.00766622591418673,-0.062864940743778,-0.0432921127115731,-0.0317456282159383,-0.246664348316257,-0.247096938839735,-0.31696142985815,-0.28266841228735,-0.43418105618479,-0.269549069473209,-0.229856035468244,-0.119273971960188,-0.175453129118354
"Frontal_Mid_R",-0.259270157734395,-0.185675325416092,-0.00289113593900968,0.689223124243262,-0.0658259749071089,0.600943802816378,0.422492775042953,1,0.145173011342227,0.612087477803175,0.148679876994883,0.406340591804323,0.301354238392921,0.498189857025896,0.208824433498503,0.329202378245106,0.0353523702902954,-0.00508253768840206,-0.18745386147867,0.0223443780176149,-0.17995469711796,0.0834773445306592,0.280948736634296,0.367432926843101,0.0379327366909705,0.269853146906969,-0.213735597877307,0.122251468563546,0.136029386463644,0.245366440529594,0.160870493611908,0.394020582478989,-0.048357122901066,0.194032671899999,-0.202076929796066,-0.113874135041051,-0.436101897058449,0.0378701955045782,-0.301252344130596,-0.202583209238709,-0.099048601268001,-0.0536933743106847,-0.259089133721936,-0.203661153952256,-0.267699980765778,-0.168437506124085,-0.301874933674654,-0.312853206056176,-0.227838799362583,-0.170052252734008,-0.170176163996911,-0.143565453450354,-0.0383734031837686,-0.222499712771216,-0.29800535430567,-0.293763473983109,-0.305740009741132,-0.167563034736999,-0.247112909418703,0.0165623893295277,0.216331587551512,0.62428689023197,0.0295350817627219,0.287241990700212,-0.0343771603439153,0.46925420138129,-0.304949932335741,-0.172587716803709,-0.304584477677932,-0.262820263397404,0.174571771604981,0.29021019153397,0.0959995865273098,0.249634154326322,0.0581463803422476,0.182482344289346,-0.233324042398923,-0.0340058803856454,-0.0495884166415638,-0.110310507460557,-0.0770793293865415,-0.0521917925513512,-0.0475270262181394,-0.105027601059014,-0.242373462976271,0.0455490345393885,-0.231963119059716,-0.305373665261467,-0.189737379321117,-0.0141228878887712,0.0520687788717598,-0.0653494921923481,0.216192621476409,-0.0509917509058953,-0.296522121708983,-0.229288306736221,-0.380406909530237,-0.34235587567829,-0.203971366298152,-0.312018416293446,0.176598818740228,-0.132351605994876,0.0439038374370009,-0.156713775856239,-0.275232922476343,-0.279165056377584,-0.0410082943888731,-0.221655758724157,-0.209383469855944,-0.314911816371686,-0.387139117645488,-0.283616468254722,-0.234796645119507,-0.178219081944077,-0.134119283072929,-0.15044581912137
"Frontal_Mid_Orb_L",-0.207453498361725,-0.353187783657002,0.452640032798525,0.167384768845281,0.475885005501838,0.591549103062983,0.3831769500614,0.145173011342227,1,0.451226129628271,-0.00164626115877976,-0.257791592754599,0.212455105711653,-0.0833069817211503,0.236020921753233,-0.0451225778132003,-0.149289027686958,-0.240533096532952,-0.155711246538318,-0.204795022355203,0.0964779618265592,0.137035343221817,0.21732687629989,0.201241550137321,0.302595431470027,0.426615785256118,0.327036242804504,0.547558321086273,0.0270840065476974,-0.0930226175747772,0.191941430305182,0.195982941344923,-0.128760068195168,-0.246931492579069,-0.0461320621008988,-0.0467782982344233,-0.137070930932539,-0.0201024851386416,-0.0188637311614928,-0.182915319922784,-0.102414689944221,-0.224124043631309,-0.0354819346707455,0.101075013036106,-0.0525979708514376,-0.0420210754028326,-0.0285943475756554,-0.0590300981173935,-0.0376385432870859,-0.0274507564775708,0.0858323675366634,0.0704271094828327,-0.0168763766982392,-0.203427662709949,-0.0311386011373225,-0.11064421755404,-0.278944398621247,-0.20871836724493,0.0378968009258977,-0.00871252244426734,0.0856379431159007,-0.0216248178330221,-0.150015383072847,-0.201868932961866,0.140458966886537,-0.0305900505982378,-0.0872917833426003,-0.179993479342126,-0.0415517643914952,-0.125218995250627,0.122738253414496,-0.0580807163586465,0.0348127580746321,-0.146935485596709,-0.0613818036551277,-0.246202289228426,-0.107728621580395,-0.19951356897838,-0.073102324508806,-0.0173033855404502,-0.193308052420169,-0.115805665322192,0.0784639691717423,-0.115854325622502,-0.014188396325678,-0.186382933432874,0.0630384872571225,-0.130536387667191,-0.00452869140972715,-0.160244529572714,-0.290682141729094,-0.126752149031966,-0.284379155987782,0.0554632746240288,-0.125861017112448,-0.0518073026762351,-0.107143953880901,-0.118341567757054,-0.177699817035723,-0.139603915266888,-0.177144612980979,-0.0800002940268585,-0.121726382216417,-0.0608763834165045,-0.0416302457563946,0.0950272475820992,-0.151569042051427,-0.223948318915049,-0.15204587630499,-0.206605038906602,-0.15131974583804,-0.308014072855386,-0.186886923859977,-0.183578279897656,-0.0667525634105811,-0.153771344901049
"Frontal_Mid_Orb_R",-0.20109745274682,-0.218480243096116,0.137625273746343,0.430870929276966,0.121847582288991,0.785263989721893,0.290010640139034,0.612087477803175,0.451226129628271,1,0.233706578853731,0.168275708983549,0.395990426663682,0.429679389008376,0.431908491356799,0.437126223698029,0.106966677293659,-0.0320560809508625,-0.218883293709415,-0.0781624024631713,-0.215401676394352,0.0606219132747429,0.242166409178343,0.311536682028121,0.0426898313523658,0.33021500519787,-0.0538506813865573,0.245570053825619,0.112987354567649,0.126737444395459,-0.0150621919990617,0.246982443558344,-0.224740208783337,-0.0642597993390181,-0.158864976524559,-0.135781849753884,-0.188503121660229,0.120489950187852,-0.146675992745145,-0.150038381301349,-0.0475410641485696,0.0287588035072221,-0.314259179047362,-0.248942772257199,-0.403995815405864,-0.404438921869091,-0.297915115921964,-0.335849910411111,-0.394145903828445,-0.288085931555578,-0.217885201747537,-0.156196994423161,-0.127572999063992,-0.275607814756705,-0.342626647628987,-0.332449351195306,-0.250020979875286,-0.169305466763649,-0.19732540434983,-0.0513247358774049,0.295370959818121,0.48326582454212,-0.0475483900513059,0.108786850912186,0.120321439183292,0.35289281451321,-0.369983944807494,-0.330936125315387,-0.167827803713548,-0.191870914881311,0.166697314128411,0.330366318310245,0.225952622154538,0.243776767435242,0.137844610402353,0.130507867632826,-0.00207634157599285,0.0758730816063333,0.0383628604201093,0.0438225601867977,-0.0862066094204132,-0.0356734583937634,0.0179037454620226,0.0179874524973615,0.0272448651973047,0.00407348437021501,-0.0367100162302524,-0.122434834594646,-0.0884969759645697,-0.037583090672088,-0.255955987353117,-0.128596589346229,-0.0665522369549635,0.0667795942967576,-0.299407553140397,-0.129210037871608,-0.416078265303962,-0.287339171224866,-0.377677767648236,-0.353276289467076,-0.0804309239334077,-0.076247319451221,-0.14893438279682,-0.177222015671079,-0.287484383622736,-0.255205352319696,-0.156821313158904,-0.267640223988652,-0.175935639416205,-0.366083354334019,-0.339189513580967,-0.324526517701824,-0.275633494770945,-0.0875036272177184,-0.0686143953803798,-0.255565026712375
"Frontal_Inf_Oper_L",0.392399976848788,0.108441284815548,0.0334775726891465,-0.114997686957594,-0.270420907213794,0.0136051805795903,0.116967911987909,0.148679876994883,-0.00164626115877976,0.233706578853731,1,0.348516893108083,0.702355369495573,0.474447853950445,0.452966766996913,0.195073909023499,0.367780110001197,0.12625136427468,0.219075661861641,0.136894687636721,-0.313877011193657,-0.107624492987248,0.0215353239256684,-0.0715605981035248,-0.447574329657895,-0.379571124979615,-0.340468745888157,-0.301050631410715,0.223106066027216,0.19774962704999,-0.230995312985246,-0.15928025578009,-0.162856513170148,-0.114942698984206,-0.236155979313262,-0.287912424064529,-0.0124302197053726,-0.00141077265626382,-0.110277260420001,-0.0992325858587191,0.0438263679853559,0.0263357356445835,-0.315297261796152,-0.330419310034633,-0.374247223345981,-0.376508816469158,-0.260173130254134,-0.294226239281035,-0.329530971993053,-0.234913130824959,-0.253124084029705,-0.308008818828472,-0.241135061295164,-0.199720043497899,-0.22428164318763,-0.238182311471505,0.130667973524389,0.174176294642047,-0.0534824609874155,-0.0516611562249508,0.467853481695032,0.116189134935086,0.339108090934986,0.252042997562616,0.0278591047299823,-0.00165815582972001,-0.282407100050002,-0.382737874799799,0.0714274864257764,-0.0456695955813823,0.149574333601501,0.227062577655223,0.243334942302196,0.217191698786115,0.278638369607267,0.240520804998949,0.258753386053488,0.180695568973527,0.247862856232637,0.213492988810314,0.27812897799997,0.190498959742722,0.239602310834643,0.0477910202897379,0.218901937135567,-0.0382926199091828,0.118124590132661,-0.130134972503837,0.0931280708862237,-0.00878727571511964,-0.206941838340115,-0.0653631792771823,-0.143683714498565,-0.0380487251173639,-0.159266711101358,-0.371785327916303,-0.277465651307258,-0.305250819549905,-0.199424134992604,-0.190467488146009,-0.0546351099135935,0.0436241387566924,-0.040492866586528,-0.0843757759018558,-0.263518726650106,-0.228290172715719,-0.11929298736061,-0.0575611013057062,0.0174923946127044,-0.098383657838654,-0.174517488202685,-0.159822394357328,-0.157442528302018,-0.133864892552367,-0.110316644136382,-0.130995950232272
"Frontal_Inf_Oper_R",0.105793250146862,0.158027861212971,-0.333402643290416,0.105547233878114,-0.397975572950124,-0.0161874669339558,-0.0982674205395718,0.406340591804323,-0.257791592754599,0.168275708983549,0.348516893108083,1,0.139233118248469,0.56164739112487,-0.070432379100642,0.265271318277919,0.276775696559579,0.313927229726451,0.0702246287081832,0.140278426684325,-0.237010305036409,-0.0461810538411737,-0.140210496859401,-0.13439977241164,-0.329203364250211,-0.280979543133385,-0.336721558159322,-0.308500200332692,0.167084216052499,0.436052053838821,-0.147383654525687,-0.0258062379035406,-0.101407570562517,0.157214679156881,-0.392007130233377,-0.356746852924389,-0.183652986509736,-0.104546292844333,-0.179019511505828,-0.0981529377496131,0.0202212753994672,0.00469556963604589,-0.193725161263337,-0.181514795701717,-0.34380222294865,-0.242123431391329,-0.106112475212531,-0.0901203778465507,-0.255518600244389,-0.102414810623272,-0.0617208841106288,-0.131199872838812,0.0681339455796609,0.0360364747167153,-0.0726341639763156,-0.0458179962274054,0.0584899262682802,0.355332996494376,-0.0600818763700565,0.270944581684186,0.321395623518438,0.477742776554097,0.340481436255268,0.593534054145428,-0.269180517001169,0.103235643545663,-0.330450601374703,-0.206609795685274,-0.0607422130433319,-0.1335621216318,-0.0964948684818132,0.197877901807113,0.0936817417845746,0.377137800893982,0.0439263680664931,0.256730093388306,-0.00924795615560959,0.291884741220249,0.0443023592325726,0.141878462377419,0.257275278954686,0.207949077489868,-0.103260298777917,0.00533615433535104,-0.103963113252921,0.0839204305338828,-0.233932369851922,-0.231688894728277,-0.088173821001207,0.150522424376132,0.150103322737161,-0.0879714993800529,0.109314983839162,-0.272309039763489,-0.0976749067215772,-0.183698208274941,-0.168776975649566,-0.186911741552343,0.131787545182461,-0.0369610191786548,0.24044721410698,-0.108526515175221,0.241336822493917,0.0125652068597877,-0.0993028816054677,-0.132317274721074,0.149518122473238,0.090885488531869,0.131267196852531,0.0708024838783668,-0.162742249664949,0.0484993434200665,0.0544170009928724,0.0366925366224153,-0.0557530286732,0.0919087693393758
"Frontal_Inf_Tri_L",0.0146052459004739,-0.151757686088972,0.231662576315371,0.0302117160573843,-0.00566394271444732,0.263271212969396,0.404413874524105,0.301354238392921,0.212455105711653,0.395990426663682,0.702355369495573,0.139233118248469,1,0.505406601704016,0.687662698141425,0.210843358134684,0.108398714708872,-0.0123237198679694,-0.148766350540541,-0.11733695629505,-0.200083883081416,0.0958677184472028,0.29881048877307,0.184904302891967,-0.153452271475703,0.0149566947496367,-0.235777159204688,-0.0656826526202407,0.262310899667813,0.110041719194591,-0.0360791736409221,0.196106168662243,-0.244161439679932,-0.239994230933639,-0.137761342786177,-0.178857949336653,-0.121262778531989,0.0731466843143008,-0.179411554850269,-0.187803786804597,0.0184316157490233,-0.0336878719407728,-0.38198951628789,-0.39392699763444,-0.418447631279749,-0.431126739838069,-0.440060526807785,-0.419891727691708,-0.418348719748743,-0.266762158144086,-0.258706177244074,-0.268078183030556,-0.292821645088829,-0.263098714394594,-0.382453171960077,-0.436426615310548,-0.163564628631438,-0.0720771021588611,-0.119744990678475,-0.177890780789107,0.428324126787132,0.0890490337939407,0.0728680752711181,0.0195405703213526,0.17046236868918,0.0353964702362696,-0.251153516221804,-0.437272311699589,-0.101916273049201,-0.224678432071956,0.357015776445382,0.375820289763116,0.238285550136718,0.160096190154431,0.274531663602208,0.195856544026746,0.144804035791178,-0.010339236315995,0.0370719993947128,0.130393004968243,-0.0107333327262469,-0.0392337727475861,0.250875089004915,-0.0780658167761273,0.0468917534276283,-0.142038490412073,0.0964043056089962,-0.247511645914327,0.12977655198354,-0.213197989742937,-0.256462313066232,0.0201490032894553,-0.0622983159927992,0.1629941233349,-0.152944349165998,-0.26490254488243,-0.370220765395344,-0.398107059587124,-0.405349140080717,-0.350495479988223,-0.027554165446727,0.131076038311632,-0.0584879444724448,-0.16109460443226,-0.11130617905655,-0.149521738506122,-0.0930018660034008,-0.23871924873408,-0.0481334054619184,-0.24504719656478,-0.305935188895688,-0.330343438619442,-0.247426574198217,-0.213516326679985,-0.0911913728537477,-0.0557147417372372
"Frontal_Inf_Tri_R",-0.109546428245386,-0.117275806152738,0.0020512168189969,0.211732748836053,-0.0875894075248667,0.261850185980379,0.126728517169884,0.498189857025896,-0.0833069817211503,0.429679389008376,0.474447853950445,0.56164739112487,0.505406601704016,1,0.379413890300008,0.653146231098101,0.1276229420535,-0.0495999327076071,-0.147556301232729,-0.0484138006464093,-0.132681103001753,0.101226487769335,0.342612335275106,0.369903126553151,-0.114478708394472,0.0400482719448992,-0.122170234879741,-0.085718232957685,0.266592060533419,0.343964623712994,0.0287466967949309,0.227313864478756,-0.218372357936537,-0.011148413807171,-0.170964849057126,-0.148773822731301,-0.142049351612281,0.0961388242124863,-0.0622989348631526,0.0531423865619975,0.121698877069987,0.166740075079518,-0.290943025660106,-0.247031539866061,-0.298555285902306,-0.296124263011735,-0.32518888374501,-0.325238448790772,-0.329012681936425,-0.239039806784093,-0.299593883000257,-0.226786297048277,-0.167912927192062,-0.117863174215851,-0.235502551469529,-0.269228044270741,-0.212320238975643,-0.166800628511766,-0.378307428720241,-0.124940815739491,0.106429966063662,0.293698148280709,0.035089564381819,0.210337876735356,-0.000809357279928644,0.31428050651353,-0.36701441463302,-0.328935704973208,-0.326423972124054,-0.380714180253811,0.154552174463721,0.367640965713521,0.230286591822596,0.300272159691431,0.158194548368748,0.22128996613068,-0.0184968415742126,0.081905750952894,0.0372988350659627,0.0505225904620495,0.0416227410371027,0.0626819099463152,0.14680337346755,0.0597198411648818,0.00497958171889789,0.185833094883479,-0.0753437688348107,-0.0301756924700677,-0.0639164216201835,-0.0635880514649154,-0.123182120377908,-0.173072878025927,0.048895709993217,-0.144594411508306,-0.196723094993465,-0.261989109531392,-0.399377121598177,-0.300187980454089,-0.269025244456048,-0.329167310465615,0.075852650126234,-0.211238130495106,0.0376077989931982,-0.221111751805324,-0.198994861743004,-0.237577306771586,-0.0650435296317101,-0.188051488241928,0.0746999568276653,-0.0984799431613495,-0.28222868176492,-0.260134356413621,-0.16022955609854,-0.0566481267940563,-0.059244680380347,-0.113580591829539
"Frontal_Inf_Orb_L",-0.047413979513484,-0.201900889294791,0.268663511539093,0.0342239319908488,0.165261847096853,0.361776495484902,0.297002799357124,0.208824433498503,0.236020921753233,0.431908491356799,0.452966766996913,-0.070432379100642,0.687662698141425,0.379413890300008,1,0.417894092409988,0.0206131268046702,-0.168369596042292,-0.138346099282717,-0.143324661963809,-0.130530772650292,0.178701243125204,0.343824209100401,0.214892433353981,-0.0595223447444954,0.118775226637931,-0.0952844410287218,0.056424320480992,0.321380515938201,0.105659165323075,0.122103005838527,0.229440886830505,-0.00422120581080607,-0.0833580330314004,0.109206044500832,0.061487029249277,-0.0269956009810732,0.142012109957727,0.0665400686869947,-0.0469884570864981,0.0949693424467239,0.106042711010333,-0.460171638144642,-0.433057024177039,-0.391800041093163,-0.393391642084388,-0.508703092229191,-0.494986509084921,-0.418931703044607,-0.287113289965996,-0.347130180582443,-0.27872722461624,-0.372338135604747,-0.238090358985872,-0.428371582241973,-0.435537142636811,-0.215272770647266,-0.171871499303271,-0.142266559740085,-0.157977868195807,0.253061275364196,0.0728804836736977,-0.0703202151228816,-0.0697851518650496,0.315438611251252,0.0969864187088109,-0.191334845581141,-0.297259904769887,-0.0617797153528396,-0.140550213578554,0.335029984535205,0.312302330614717,0.25150480716208,0.180449773474688,0.353304023299983,0.147078141534001,0.161245574408753,0.0173075852488462,0.0191160767813983,0.0670446431602862,-0.0521125422363102,-0.0929145944852317,0.53403924149765,0.086813174034404,0.198351930591921,-0.122698071321396,0.308270666369995,-0.0446725550390124,0.21595481122351,-0.204031695937983,-0.510608981099938,-0.0997886052393036,-0.234056011390132,0.1459186523431,-0.10136173125093,-0.139221150760106,-0.340701255274079,-0.345909141183309,-0.620574072434801,-0.480173805646204,-0.204445458818894,0.0698164768697164,-0.255348796952609,-0.191947003083892,-0.202918343063908,-0.156850857832217,-0.174332086280343,-0.254668407322384,-0.0971172051989705,-0.312797473891594,-0.244545729414973,-0.463897284657744,-0.374631909439668,-0.131480519827571,-0.078995655045119,-0.158406637322126
"Frontal_Inf_Orb_R",-0.0811635472072642,-0.0952400571345746,-0.0501374178326297,0.105416519133241,-0.0487449015041562,0.30777793045279,-0.0730072088489118,0.329202378245106,-0.0451225778132003,0.437126223698029,0.195073909023499,0.265271318277919,0.210843358134684,0.653146231098101,0.417894092409988,1,0.210866832570953,-0.0150896863254758,-0.12815725680718,-0.0063170168670654,-0.164014483664418,0.070594511064175,0.278512063447822,0.37217690357421,-0.0465801674325549,0.127392096015182,-0.013723780041256,-0.00317507743964096,0.363390885570475,0.452682875105671,0.126064332082308,0.278126420366981,-0.0920132107578938,0.035086370534673,-0.104290567552223,-0.0786869451617244,-0.0245563743518433,0.238271296299811,0.135277200107365,0.26490109933579,0.253939567128348,0.315480830680632,-0.288083577120339,-0.237526270323109,-0.226992596062193,-0.216617121478222,-0.303097495512787,-0.280259299868812,-0.278407807931031,-0.226413027152303,-0.367184288269188,-0.226475136937601,-0.233079862995497,-0.169940892333473,-0.193462701624622,-0.252197636717604,-0.128861039151069,-0.198579797433288,-0.401590375735389,-0.198396603657789,-0.13009425188604,0.154309529851441,0.00816848935802612,0.157453089198492,-0.0661276572114206,0.150012538517856,-0.343328765731405,-0.2497470630154,-0.156948197434792,-0.219949462668293,0.00936492478499326,0.259728101755586,0.274780451935242,0.345412743096003,0.138081446177113,0.197392446923868,-0.023942898638741,0.0463239214209368,0.210622931886657,0.11380142652851,0.217383454620028,0.187074675212521,0.364842420991129,0.466343771861241,0.198278252782189,0.322944288531977,0.180127482721417,0.217228243896331,-0.147499910163256,-0.0506864987286898,-0.244606716855676,-0.207497210997197,-0.0614671387640117,-0.10965388112695,-0.0205965662476039,-0.029702926008513,-0.262085360424037,-0.171034123982282,-0.383001448387801,-0.377979920902769,-0.082406079690552,-0.187411255831424,-0.17388551644271,-0.264441135421985,-0.259034012836485,-0.345556701654032,-0.132751809441189,-0.252820455520077,0.0213289168614772,-0.155891964491356,-0.192498647269104,-0.235205262219969,-0.22878198109998,0.00794525766949553,-0.0984569081961038,-0.175333439405098
"Rolandic_Oper_L",0.462289117248721,0.503909035840855,-0.268891281786485,-0.210584569937225,-0.351920142600566,-0.057146260787739,-0.151194534763735,0.0353523702902954,-0.149289027686958,0.106966677293659,0.367780110001197,0.276775696559579,0.108398714708872,0.1276229420535,0.0206131268046702,0.210866832570953,1,0.722740619365319,0.396015565403364,0.303416220541842,-0.158236881622065,-0.0446402364488222,-0.281177175028245,-0.222708496992308,-0.379113003257041,-0.209343350721798,-0.275642671839947,-0.25697623590266,0.594955978340143,0.632349193522555,-0.138818819670157,-0.0737122583126086,0.0388533586757528,0.0724963284659688,-0.364655262167055,-0.378980869284985,-0.0419414702499623,-0.094807256102767,0.0787439561475756,0.117886325041775,0.267700626490567,0.317649688300931,-0.221291438218024,-0.285372302451145,-0.353058102659392,-0.348699423125324,-0.0611401633903783,-0.129959851703913,-0.271481261076594,-0.362178189774803,-0.380305882434595,-0.482922188838252,-0.289574767351115,-0.223706542748555,-0.173037103848538,-0.165135558534506,0.64398525484556,0.372415373913061,-0.116117370981714,-0.0489410638666821,0.16612092584404,0.0396300628317328,0.596067866297932,0.38470667259256,-0.281003237182043,-0.156953405835362,-0.364068395165999,-0.317612998256952,0.133923375293109,0.075425037911203,-0.0957333691883415,-0.0793727444603054,0.364704728923993,0.45435254171974,0.213866436988803,0.29280408628911,0.235210754853819,0.209170001804019,0.763127414390078,0.596535012151588,0.799742117552856,0.578023801243922,0.266725912020302,0.493502136696129,0.168046585292159,0.0347477084275649,0.0658295885585501,0.0554192984441945,-0.160257417410276,-0.142888203272406,-0.236635427091225,-0.269708232746035,-0.262369526887085,-0.19996643264184,0.0570123777784052,-0.146057754708919,-0.133167771307551,-0.0837471165448638,-0.0632673601505875,-0.0902180160898137,-0.188235403571085,-0.0442650630194939,-0.0220824319450836,-0.0533914821339055,-0.211255122010328,-0.295938919330176,-0.200274009646235,-0.0787078010783029,0.104827429740249,-0.0480570896672701,-0.190390297999558,-0.0607667755571062,-0.171419054194179,-0.0465106896387358,-0.0198956610295675,-0.106651962573994
