"","Precentral_L","Precentral_R","Frontal_Sup_L","Frontal_Sup_R","Frontal_Sup_Orb_L","Frontal_Sup_Orb_R","Frontal_Mid_L","Frontal_Mid_R","Frontal_Mid_Orb_L","Frontal_Mid_Orb_R","Frontal_Inf_Oper_L","Frontal_Inf_Oper_R","Frontal_Inf_Tri_L","Frontal_Inf_Tri_R","Frontal_Inf_Orb_L","Frontal_Inf_Orb_R","Rolandic_Oper_L","Rolandic_Oper_R","Supp_Motor_Area_L","Supp_Motor_Area_R","Olfactory_L","Olfactory_R","Frontal_Sup_Medial_L","Frontal_Sup_Medial_R","Frontal_Med_Orb_L","Frontal_Med_Orb_R","Rectus_L","Rectus_R","Insula_L","Insula_R","Cingulum_Ant_L","Cingulum_Ant_R","Cingulum_Mid_L","Cingulum_Mid_R","Cingulum_Post_L","Cingulum_Post_R","Hippocampus_L","Hippocampus_R","ParaHippocampal_L","ParaHippocampal_R","Amygdala_L","Amygdala_R","Calcarine_L","Calcarine_R","Cuneus_L","Cuneus_R","Lingual_L","Lingual_R","Occipital_Sup_L","Occipital_Sup_R","Occipital_Mid_L","Occipital_Mid_R","Occipital_Inf_L","Occipital_Inf_R","Fusiform_L","Fusiform_R","Postcentral_L","Postcentral_R","Parietal_Sup_L","Parietal_Sup_R","Parietal_Inf_L","Parietal_Inf_R","SupraMarginal_L","SupraMarginal_R","Angular_L","Angular_R","Precuneus_L","Precuneus_R","Paracentral_Lobule_L","Paracentral_Lobule_R","Caudate_L","Caudate_R","Putamen_L","Putamen_R","Pallidum_L","Pallidum_R","Thalamus_L","Thalamus_R","Heschl_L","Heschl_R","Temporal_Sup_L","Temporal_Sup_R","Temporal_Pole_Sup_L","Temporal_Pole_Sup_R","Temporal_Mid_L","Temporal_Mid_R","Temporal_Pole_Mid_L","Temporal_Pole_Mid_R","Temporal_Inf_L","Temporal_Inf_R","Cerebelum_Crus1_L","Cerebelum_Crus1_R","Cerebelum_Crus2_L","Cerebelum_Crus2_R","Cerebelum_3_L","Cerebelum_3_R","Cerebelum_4_5_L","Cerebelum_4_5_R","Cerebelum_6_L","Cerebelum_6_R","Cerebelum_7b_L","Cerebelum_7b_R","Cerebelum_8_L","Cerebelum_8_R","Cerebelum_9_L","Cerebelum_9_R","Cerebelum_10_L","Cerebelum_10_R","Vermis_1_2","Vermis_3","Vermis_4_5","Vermis_6","Vermis_7","Vermis_8","Vermis_9","Vermis_10"
"Precentral_L",1,0.720482178842179,0.065874377514092,-0.058132011503193,-0.207218044465951,-0.116007723763145,0.0286568315419036,0.0994986483133357,-0.0202678048907523,0.0932174172054359,0.474194153582868,0.390697705749522,0.384068255914141,0.230323791002174,0.156140782898462,0.142523578737765,0.476119073493955,0.451943760382843,0.426233241542981,0.430645445495543,-0.25302510035416,-0.211667804134275,-0.25085863808841,-0.278935243472987,-0.248871978084864,-0.257419468990192,-0.126349534927694,-0.196352447279387,0.17216206945091,0.222885509369787,-0.241050195348091,-0.224307349022557,0.0994641631889532,0.157849015801573,-0.25922289904527,-0.285061567007618,-0.246774143286112,-0.0582793994389816,-0.150365253455979,-0.0686382834439573,0.0354255524257064,0.14060802160717,-0.0724293861621505,-0.176329939501485,-0.293794505601626,-0.179297899213636,-0.0812343750663018,-0.0594186707852469,-0.206343593331146,-0.101258303174883,-0.203769411618664,-0.0734728312760588,-0.0103625886863891,0.145071345331986,0.0169514266874782,0.066231700067048,0.774432902735754,0.594669470829659,0.226827367316053,0.196831729900059,0.323902749830422,0.119215353648121,0.519733274572298,0.307978384124493,-0.186575058432458,-0.164609755345807,-0.151343192796998,-0.149324156643781,0.40563434723384,0.309021346096174,-0.155680563475329,-0.0676015991217035,0.167262308229377,0.309929488825404,-0.0327791344981157,0.236575207792948,-0.197083730142278,-0.166326709946588,0.169633576957,0.306013347784295,0.280455809740885,0.377939884193568,0.216086372689652,0.303077097764214,0.130197724607056,0.118397308708828,0.0482249833192328,0.183646373020606,0.000944049408201766,0.226869912533007,-0.0580018873687435,-0.0127492361196028,-0.274466466347249,-0.122820564474904,-0.353564188167517,-0.397450181270881,-0.299844921247623,-0.106205637271726,-0.0887512677587358,0.0525945013645108,-0.151401246190382,-0.13828645919706,-0.0911951988770734,0.035619876350153,-0.395837917757918,-0.306320232271603,-0.312776087638707,-0.135674857541524,-0.254049608531194,-0.261195769882744,-0.216388379139423,-0.108852253356195,-0.194303233636942,-0.133660059159191,-0.229194871908407,-0.359573332912172
"Precentral_R",0.720482178842179,1,-0.0503350355560878,-0.0630196317972724,-0.235112921642307,-0.0609777577714791,-0.202139870895818,0.0879793266166679,-0.0999100843826338,0.0621806653084336,0.289921699251717,0.431810935127646,0.109971625303911,0.158772578009225,-0.0510854188297851,0.045356739660661,0.536124124967253,0.700294282276565,0.483451854877028,0.579646104923091,-0.348602132586199,-0.205660282812932,-0.273252455091891,-0.298504434365643,-0.31780327359414,-0.267122062120195,-0.189412018497021,-0.188505737549802,0.170929929212337,0.336427143794105,-0.203449235826776,-0.179057777484988,0.17490248106447,0.303040089828689,-0.350840823442642,-0.361567162992186,-0.202132546376615,0.0102690902987303,-0.147192499257376,-0.00655960128087418,0.0868039081965272,0.277960431699157,-0.0630576949304177,-0.176720552660751,-0.367760419037688,-0.243456747889387,-0.0535218500064582,-0.0583003010929218,-0.239467724228873,-0.184170804404026,-0.276964389087883,-0.238121911552062,-0.0586680175949159,0.0139622350257092,0.0291251205466331,0.0690593412561317,0.777191764023739,0.717647763155621,0.0786047443242868,0.13726320957506,0.052342143530338,0.10397638525714,0.498068796206798,0.425312163069791,-0.343930304305427,-0.301581628467171,-0.314028092401401,-0.258500682673606,0.349800714019512,0.424023989152638,-0.23798968295299,-0.102087532005926,0.201174720429545,0.395008635968506,-0.109977509515027,0.298154212620397,-0.158455718081129,-0.0458028960952066,0.289461412686344,0.490040281674153,0.416663757956072,0.517258888358107,0.112373197751248,0.273831249163753,0.0906999173307438,0.0517127393794391,0.02657842190855,0.206631000438577,-0.0741411982095758,0.158648752578048,0.0313707372248757,-0.131978482617989,-0.230140502194724,-0.179929594622032,-0.235074053809479,-0.2703249301785,-0.204496713402524,-0.110507852606907,0.0551371137497341,0.072357101209584,-0.137008061253546,-0.164164811960692,-0.0114728836819392,-0.0382471217803184,-0.280936794826535,-0.264556406544795,-0.105098871579152,-0.142384648346311,-0.168762722046278,-0.182723353483782,-0.252401404926142,0.00964953668124019,-0.139912800251944,-0.0649471225204651,-0.166504036526995,-0.275507863916602
"Frontal_Sup_L",0.065874377514092,-0.0503350355560878,1,0.0196515908659449,0.357404124587635,-0.0301182797950512,0.715000567533522,-0.140244356722133,0.406851059644594,-0.110901915066092,0.301517409887049,-0.103854485456751,0.361460844195305,-0.0469017193607218,0.462819681733386,0.160588287990882,-0.0284822604394959,-0.0108262481977645,0.243037713222531,0.00168422763565701,-0.0377949786152438,-0.0624131327349693,0.639605345900864,0.332271756580801,0.258343232299752,0.140247337486325,0.148731225482987,0.086674923506718,0.0673859733258727,0.0063016135366941,0.362108949440759,0.17267176061194,0.222993558144996,0.0200862713631495,0.231518250535991,0.0664672365876169,-0.116895618080193,-0.215238003400627,-0.112008071109636,-0.12443340685919,-0.0879730503019595,-0.0543919337618691,-0.0246112940706242,-0.0454127198460588,-0.124916685274807,-0.14548450626274,-0.073678378864085,-0.163951535935479,-0.325490942449775,-0.18051948870225,-0.0244478988802932,-0.111813505685513,-0.00450536241104652,0.0894545562537755,-0.252773041281697,-0.332768289081042,-0.108273398565891,-0.167427087236109,-0.103423859541704,-0.302074147171461,0.232733168620982,-0.0624162043289765,0.0394688007640358,-0.082945723438615,0.541158198308099,0.121165906640951,0.0184665727998548,-0.250383190735041,-0.150449326720577,-0.216221588722356,0.169752504680247,0.0855806227302685,0.154019942439319,-0.036556893323927,0.148191005569284,-0.0447664223970968,-0.024127807326397,-0.191816808002714,0.00378275062196651,0.00689705051723039,-0.0724120787979715,0.0175936450926358,0.302645843381001,-0.014663591178143,0.262739510935443,0.124797401630748,0.176324440890911,0.154781747483319,0.0850895212463894,0.00380663491672745,-0.210066820501594,0.11468434546507,-0.157679678769516,0.162488212779055,-0.30059463877313,-0.330651171409677,-0.254562184367282,-0.287721670657209,-0.250580095193202,-0.175073074502799,-0.303274041134065,0.0384308267277932,-0.280308038361988,-0.114088104354309,-0.33166275682767,-0.180553300288767,-0.315444348095647,-0.214211046380067,-0.289994979886852,-0.294797177082727,-0.163942408257981,-0.252397193028564,-0.241646764437148,-0.219111597258848,-0.24101520947769,-0.334323984356285
"Frontal_Sup_R",-0.058132011503193,-0.0630196317972724,0.0196515908659449,1,0.0530930896803844,0.432898522439363,0.199756887578958,0.691622636607448,0.057649481606559,0.480195198058455,0.0418890627743128,0.177819904833074,0.0210716484921613,0.310893172705052,-0.0519652116954074,0.353327470736921,-0.339387466074037,-0.229931812555564,0.00815487984357358,0.195256130398664,-0.114483429908851,0.134105626664488,0.143334791874463,0.470821883946581,0.146331495061264,0.329013760940783,0.0121892002543585,0.202651414878421,-0.202288631124461,-0.0207410302008515,0.0494588288676692,0.391919385939209,-0.0462925424799883,0.356843396834262,-0.0635604471083169,0.142693645246019,-0.48672547747065,-0.161976679483099,-0.416719599963813,-0.18249082547646,-0.347358756729076,-0.0829456880427588,-0.170097882375535,-0.211026355667599,-0.169110987179755,0.00846800088379774,-0.180481093227317,-0.0989744842488611,-0.133846640089634,0.127360520096266,-0.0304830042708466,0.165762444950905,-0.163230007523059,-0.0981617335735697,-0.349139383161766,-0.156302393147699,-0.129500124540202,0.143318973737554,0.0996605636473221,0.45882279938429,0.0437813441527316,0.511728639687098,-0.226697012114591,0.121305518842798,-0.113789509356535,0.545679263063059,0.0548424461490522,0.262358186009423,0.0204650158474447,0.0939387584398435,-0.0508073980499183,0.272089342216864,-0.0978486035175224,0.0595904488207266,-0.00576376923493828,0.149515303465448,-0.18741472257473,0.0892572880672363,-0.258694636089816,-0.265915343474101,-0.386981097783272,-0.132148312067706,-0.248496349054496,-0.0409630493500303,-0.287174698574208,0.136033582430481,-0.118229979642257,0.0576628713538414,-0.426671593083544,0.367520063775678,0.10314032504566,-0.231607732539805,0.0998908268355328,-0.190852455506722,-0.330298939198245,-0.276400999630997,-0.350161821327207,-0.291137314695322,-0.22520483266611,-0.273116539771593,-0.109213072481126,-0.160873895516115,-0.251387596447254,-0.190906839739843,-0.247457021630187,-0.248354457406149,-0.226689162143114,-0.273167294378327,-0.280571175983194,-0.366971398017783,-0.14666953053419,-0.0502341977202347,-0.114867229032951,-0.176336601399207,-0.137427846247166,-0.25174448399735
"Frontal_Sup_Orb_L",-0.207218044465951,-0.235112921642307,0.357404124587635,0.0530930896803844,1,0.354973985200058,0.248416938598947,-0.0549533812276069,0.542006745361738,0.148856288389694,-0.102885985113775,-0.216697122804833,0.0608349341080981,-0.101443806123078,0.280151319810088,0.0228332522573094,-0.283392962081971,-0.232103814987986,-0.172854654214907,-0.267267866157801,0.486479901006571,0.348941042205791,0.36498977444365,0.18030789996249,0.68464513049339,0.564224395426146,0.771904098347013,0.655057625576239,-0.335760338211687,-0.186017217338116,0.272857776252827,0.160189749573397,0.139377270775233,0.0211450655475241,0.393008204800014,0.326897752064805,0.00281732228393829,-0.179119100257901,0.128623504144774,0.162485665341579,-0.0841199770104191,-0.10590467574313,0.0758524688862948,-0.0586580169999076,0.0304438511946774,-0.0784966211549865,-0.00205687837182929,-0.0382116083230406,-0.218446990318714,-0.183825165723194,-0.0459039828179425,-0.0965135583764817,0.0289811948126207,-0.0441337894445053,-0.0897998641261918,-0.171100675467722,-0.281834487109935,-0.235779199146082,-0.0854954797284998,-0.181116142225468,-0.0458580173776018,-0.0695789062307722,-0.24124390310747,-0.263366365291403,0.462875634213696,0.279006771727425,0.24190359656484,0.0963644869088671,-0.0561376679410545,-0.052245754091247,0.0958649045321577,0.0518144055913769,-0.142272059127009,-0.230851726572024,-0.0942614090401702,-0.22236725277649,0.0677239285252975,-0.0353120699041643,-0.102292926580066,-0.150125130391008,-0.235349766885181,-0.173424283212829,-0.02682063155438,-0.15174612654893,-0.052953803706319,0.0501376729930206,0.210098367471647,0.172068346887465,0.0272157659199083,-0.124513319548268,-0.320564164827679,-0.196546589437284,-0.18087085866535,-0.0245015068140643,-0.134325260725647,-0.0758106830324844,-0.00655879801865539,-0.239136366219523,-0.262015210696008,-0.326888995031038,-0.272030073593416,-0.0792885625827982,-0.276166948785438,-0.3630609607805,-0.0382433339262053,-0.00828000666587041,-0.0184497374008044,-0.164236156473047,-0.115300386607392,-0.0268280793615138,0.13520406036,-0.237443781158944,-0.266089767871002,-0.293321839867335,-0.0655137503184387,-0.105107634003931
"Frontal_Sup_Orb_R",-0.116007723763145,-0.0609777577714791,-0.0301182797950512,0.432898522439363,0.354973985200058,1,0.127408667467101,0.578844262285682,0.421208901871988,0.778216820248249,0.129174781797171,0.298830475645721,0.20290317094836,0.407152009371565,0.228942162369275,0.422201349147115,-0.243500223726445,-0.154717879646359,-0.0694116683874725,-0.00782570867345072,0.16767831983626,0.378062098655023,0.0947956435414379,0.221211841023101,0.0731033748943387,0.47880591942079,0.162421841442798,0.514124038218228,-0.191690568804161,0.00782378954147001,0.0220784059690187,0.34156130429917,-0.0944535267875286,0.135544899475954,-0.0925198063031396,0.00967543570497012,-0.424798246883037,-0.306361555132045,-0.284083550111169,-0.189402043022036,-0.248797393905907,-0.0980048216865466,-0.269257863729233,-0.305328488928438,-0.176516110082889,-0.0600615208591281,-0.229663950278971,-0.261651609441005,-0.0599401776137627,0.0871569444232467,0.00150901574599785,-0.00373243369947847,-0.0518037011152828,-0.0859507916236954,-0.240373707146653,-0.142371030521077,-0.16382656856165,0.168710507074544,0.0365374441796546,0.351859022730226,0.165902592497717,0.467624806548574,-0.157352535895228,0.169663674400406,-0.017762792417718,0.285394366889698,-0.122339082426346,0.0697903751930081,-0.035101693351047,0.121945904700444,-0.0200834593115391,0.263296551978533,-0.0755902001182604,0.00817924190770168,-0.0239140834358435,0.0274591841836129,-0.175976008241145,0.0628500541188302,-0.233876812451309,-0.184930189501341,-0.283819394965733,-0.0992083850880743,-0.148687329542491,-0.0426237703143791,-0.268453303024129,0.0223451630430412,-0.0519207374309895,0.00906476285795861,-0.201287923377349,0.192479157069076,0.0468870660910401,-0.132129435680941,0.0937843328495381,-0.111155071179735,-0.280599371946765,-0.197485509211543,-0.315786721693519,-0.325971954814029,-0.249881943644819,-0.261728734063333,-0.0390994942239508,-0.0961160445730204,-0.130657565516828,-0.243447188930737,-0.205032704216284,-0.253086796091391,-0.164223504150033,-0.356424843900685,-0.166446525971696,-0.2608983473579,-0.255433658937947,-0.285743062991531,-0.101356368435671,-0.214037549673357,-0.0568637846037009,-0.131415528536432
"Frontal_Mid_L",0.0286568315419036,-0.202139870895818,0.715000567533522,0.199756887578958,0.248416938598947,0.127408667467101,1,0.245013244911854,0.514525764108953,0.159331577941134,0.399014688615547,0.0490458015251893,0.53884312557137,0.128313721750526,0.500735426008505,0.221803846392066,-0.0559174652148205,-0.130908894711586,0.126990680016296,-0.0908773393584708,-0.0129701948296296,0.11846549589933,0.489653313920253,0.309112189455443,0.173912273069185,0.11622479192652,0.00421042067517887,0.132841634251458,0.133193213989766,-0.00958347332364802,0.328484154511498,0.337175396926838,0.187319208653702,0.123643970962982,0.0899611203977245,0.00475032282054079,-0.329322352550633,-0.290513876313372,-0.344280094689758,-0.36795864894225,-0.252104283792519,-0.266445445420062,-0.212906690303191,-0.206220303546678,-0.123560321831277,-0.111129919161073,-0.205109199115625,-0.279923016076134,-0.280749161201749,-0.0967763860330379,0.0449305535097337,-0.0574368242353869,-0.0297694356016151,0.00619587380923561,-0.394750393328349,-0.396688021647459,-0.21328968705943,-0.250469713203616,0.0621169934191631,-0.13482452644712,0.493448566999515,0.190787585759299,0.0714303151586743,0.016807764710183,0.44423516158701,0.264709510198876,0.0627440739581019,-0.119159385329348,-0.209650446254041,-0.2903895457173,0.282215110125227,0.255293707704586,0.0958503559394653,-0.0809598487188231,0.170522177134788,-0.0605496313695958,-0.0469461293674237,-0.173079801062339,-0.0730691816481106,-0.148721363447947,-0.12928654793831,-0.0647992012155378,0.179753483444212,-0.101816441649388,0.0287356605332465,0.0150524887672839,-0.0958299060546527,-0.153757405558625,-0.0713442763307948,0.00680264842368793,-0.0680605559303096,0.167504489167375,0.0275000372039091,0.186087774431308,-0.386522176913135,-0.342574628938101,-0.42708630311074,-0.39668140708344,-0.297539218388418,-0.22970054626057,-0.132035005528543,0.104482529449711,-0.249574756772134,-0.0764094296603757,-0.389977674171741,-0.265163550328664,-0.347054000514609,-0.233213469526386,-0.313596834803554,-0.396791267471902,-0.357750685491838,-0.276802205182698,-0.0648596160075208,-0.216498506915248,-0.327528183460503,-0.328619303342721
"Frontal_Mid_R",0.0994986483133357,0.0879793266166679,-0.140244356722133,0.691622636607448,-0.0549533812276069,0.578844262285682,0.245013244911854,1,0.11755194095397,0.712142870626411,0.294299982221906,0.544652598046534,0.262298853004323,0.621405106641686,0.071476706794995,0.463389290036894,-0.131325633967672,-0.00815896924650895,0.144769414560295,0.221218410634828,-0.199373215179821,0.218117564421998,0.0214877396666706,0.240492325352738,-0.0825853805605539,0.167140047454747,-0.111720437511728,0.202471114695343,-0.0144251826465181,0.180641881673124,0.00537570934344774,0.363492850090741,0.00675609046219626,0.405259665823963,-0.208086389428088,-0.00660632136789022,-0.6069141841292,-0.252906264255304,-0.470749730184126,-0.262376454057539,-0.296018195438827,-0.0634850735097282,-0.328207985503116,-0.348608266485236,-0.279446652851713,-0.101564142842574,-0.357632020677054,-0.244854449601471,-0.193900591673887,0.0964283810215958,-0.155898904510965,-0.00533348633450494,-0.237804129157505,-0.215061311065094,-0.380590582506071,-0.190053973940883,-0.0179436446873471,0.275600145167427,0.167570531543322,0.542697915017034,0.317387256468908,0.770782277182309,0.010531711281105,0.361577862995205,-0.207249304114299,0.452568436372039,-0.0854573707084053,0.196169219913958,-0.0462868075664784,0.0466131625228725,0.0074964811775668,0.400528984643226,0.108437115465354,0.254840076927015,0.0644209067270501,0.314629322796667,-0.0880600987265137,0.248757638151409,-0.253030155944556,-0.129025191231316,-0.26929345250239,0.0015942852239828,-0.136071638962649,0.0787752958863607,-0.368042471852408,0.0792044859164035,-0.158318898490202,-0.0563411467900933,-0.393400124746849,0.352651680144388,0.0605997850196173,-0.246137816918555,0.0956935651246296,-0.207155749071211,-0.447051660644537,-0.393403343331876,-0.516674428889779,-0.458399711198971,-0.278099020614442,-0.353294574778041,0.00900031573769644,-0.188704413596722,-0.213970410889576,-0.212022934993214,-0.385571082291457,-0.384545242168192,-0.266337080392974,-0.407482463417518,-0.291581944983411,-0.438705228215551,-0.348771698513302,-0.2554717155486,-0.0885458755159087,-0.196425036572358,-0.23210286379305,-0.359582705013006
"Frontal_Mid_Orb_L",-0.0202678048907523,-0.0999100843826338,0.406851059644594,0.057649481606559,0.542006745361738,0.421208901871988,0.514525764108953,0.11755194095397,1,0.383658079602057,0.154406704668265,-0.0453971793164548,0.324934775407365,-0.00649916427723811,0.496786385537568,0.0802829174546887,-0.149400164367737,-0.116972363238582,-0.0636021184802775,-0.153598631066756,0.256744333708823,0.221057562717125,0.189255408185035,0.0215129489288494,0.172387289124971,0.236440895578826,0.171856385549879,0.353892865558152,-0.0712735346079398,-0.0735850507148916,0.0706462078628027,0.0968486973328857,0.0586075335044458,0.0923576872383807,0.0711669376242015,0.00657959985109793,-0.226316509984672,-0.220679423663926,-0.240651325448542,-0.22540521336635,-0.265427751893356,-0.197634859702665,-0.155321493924181,-0.140987414848313,-0.0561827368327326,0.000696923965412133,-0.122562397442639,-0.157185847976479,-0.17563971072878,-0.0631964667819442,0.0362196478054419,-0.0762157189921789,0.0378579481243912,0.00409765869130722,-0.337721909058713,-0.227100906935621,-0.10588808586028,-0.0516122098352183,0.0543368421273375,-0.0319917298916407,0.24898918310132,0.140321062855128,-0.0704749258060248,0.0285406352472798,0.32158265243968,0.131156106772818,0.106802392602705,-0.00243823950289847,0.00449943448958882,-0.0639559836490234,0.0626274839545742,0.0160125343677835,-0.227132361696547,-0.185943431092802,-0.115395856341648,-0.234043795604012,-0.111022665144006,-0.201402224645856,-0.069281608186109,-0.0844264705831332,-0.0862109117691804,-0.0461716518606872,0.0120899243352153,-0.145717099829559,-0.0311690192149626,-0.0321583321236188,-0.0732029868557339,-0.123900372286115,-0.083937947075508,-0.0539867532164873,-0.0818928290896346,0.0717879852805869,0.0169578493163042,0.149913482323537,-0.249715980806309,-0.166859009348268,-0.23195579301273,-0.269025940849166,-0.285784870182144,-0.203850039126804,-0.0738484487015472,-0.00649720082305731,-0.120497972684873,-0.159541833060172,-0.206236939825824,-0.194789479311656,-0.181060771172816,-0.128479867805401,-0.238303131374287,-0.252359617580482,-0.296983817909045,-0.24895788899302,-0.0523822680750558,-0.232047459391997,-0.163719270435188,-0.150885581741194
"Frontal_Mid_Orb_R",0.0932174172054359,0.0621806653084336,-0.110901915066092,0.480195198058455,0.148856288389694,0.778216820248249,0.159331577941134,0.712142870626411,0.383658079602057,1,0.145242447350353,0.35348536593685,0.217878192788948,0.450028988851727,0.202642936310406,0.459882494578715,-0.154327698024887,-0.138838365380554,-0.0805516756508282,0.0970722735166913,-0.0260825477941444,0.2214641557013,-0.00555138118899741,0.133387567182571,-0.0651172846334094,0.285826628739965,-0.0451390271682622,0.277330844557483,-0.098962049760592,0.0292836104817498,-0.145906828100477,0.217245238292743,-0.184370709683068,0.11519761714652,-0.2388382165075,-0.0908235868270555,-0.474503269996672,-0.270246884705252,-0.373741384802451,-0.259659479557493,-0.281830281385784,-0.142274626715606,-0.285885829157857,-0.256134754790035,-0.188419776837406,-0.0525727247431323,-0.185320382394384,-0.135616387837015,-0.0425481861475144,0.169624912215668,-0.0149828267452987,0.0975878922169084,-0.0859579692404858,-0.0436803928712521,-0.314193294867814,-0.0580294536693758,0.0297976038215442,0.262349093392954,0.10624485697409,0.495638179176431,0.201749967624902,0.535946290169788,-0.0858830174106558,0.202111325330346,-0.162344263275494,0.240844481655638,-0.16067678248672,0.079387998026193,0.00241861476364295,0.0895899926554372,0.00161963217446482,0.224768547245947,-0.0355269730071913,0.0634857729347947,-0.00158647706016104,0.102627434177429,-0.185879686063957,0.0305208425006611,-0.194823218241992,-0.184138504370252,-0.198123911643039,-0.0715967863619921,-0.157393789508171,0.0254120595505063,-0.261342034437376,0.0236137053227966,-0.134913334116772,-0.053891873422903,-0.344067481732046,0.288013278752708,0.122130127359531,-0.13700487934122,0.1264745473525,-0.122462396142241,-0.302922168480897,-0.219783446705302,-0.34505333904564,-0.261245613719635,-0.230301634475883,-0.221951819037369,-0.00222636706643597,-0.114924573453163,-0.143433852097165,-0.191533566869234,-0.274926488082384,-0.360128431451696,-0.357379347352934,-0.314756778203056,-0.10138976870081,-0.29048005627667,-0.28832205378278,-0.183093105934334,-0.044913219648202,-0.194276488038643,-0.17965348856678,-0.246089443288345
"Frontal_Inf_Oper_L",0.474194153582868,0.289921699251717,0.301517409887049,0.0418890627743128,-0.102885985113775,0.129174781797171,0.399014688615547,0.294299982221906,0.154406704668265,0.145242447350353,1,0.539556307664757,0.811965351348638,0.560344942695676,0.481642478036827,0.429861579695181,0.365078325847639,0.403032091274272,0.363306163036427,0.167457246906974,-0.186298231984666,-0.00643217359395748,0.177636654918907,0.0915041564514086,-0.220826667474548,-0.178563136554946,-0.0902453437428912,-0.0240391391990411,0.345827780636662,0.431775186647045,0.12200228953857,0.156239550027523,0.161792978346585,0.208048655391057,-0.25704054636616,-0.226525607538657,-0.257743913267557,-0.0924307825103107,-0.193038990177196,-0.132510219880611,0.0919971140197512,0.225264534667629,-0.33045567751743,-0.425822408796422,-0.425916899177379,-0.277627869366747,-0.351054452204268,-0.426738286944518,-0.393840458022308,-0.160698973034761,-0.195972552284025,-0.214663555474987,-0.0704178329933619,0.0286731196326309,-0.157241478837917,-0.242171984730381,0.289353237624033,0.259654315749484,0.0202707337081723,0.00714030886051851,0.474290522438776,0.394488712602577,0.406883912352696,0.345704163809104,0.108264167250177,0.0856016839871591,-0.208772235735516,-0.233916340673192,-0.0318909419657684,-0.0238743412009364,0.138633154026667,0.337391845833365,0.342605150095243,0.45624227130608,0.251366217739916,0.2771582362323,0.0232989318562954,0.156180281711559,0.143004738699695,0.316631942460589,0.138708475088093,0.376826400620627,0.42469485737829,0.274783907918791,0.187308312228341,0.154007300351078,0.18845214905873,0.0989630696114756,0.177156110389228,0.212530016091886,-0.148932262993461,-0.109200369405079,-0.261741171753997,-0.111307858950738,-0.531209763157866,-0.563089353190768,-0.584305956259937,-0.507691777170857,-0.37331510745789,-0.310540114986381,-0.282247118900018,-0.192920809658996,-0.434697571567982,-0.292304568515307,-0.633896915636874,-0.561322973815616,-0.272315439343978,-0.442037893887498,-0.432826324409683,-0.558597918772872,-0.545720619549908,-0.481073637920347,-0.23102526020892,-0.401950290252837,-0.447861639902475,-0.465609468150295
"Frontal_Inf_Oper_R",0.390697705749522,0.431810935127646,-0.103854485456751,0.177819904833074,-0.216697122804833,0.298830475645721,0.0490458015251893,0.544652598046534,-0.0453971793164548,0.35348536593685,0.539556307664757,1,0.454419160787087,0.787671180485876,0.280143683608861,0.532461276202056,0.268834633020586,0.433313802909951,0.352823006316506,0.376065295271215,-0.24511251763957,0.0590246588041846,-0.0951651096064868,-0.0282907990726659,-0.289133941272122,-0.107154616887268,-0.151144944144603,0.0586109039022616,0.255313148955359,0.567281112190987,0.0452944144041287,0.116899683625339,0.145738801574844,0.291373228993342,-0.455902136121481,-0.377424489202367,-0.459435658101423,-0.119106192107275,-0.21467073839839,0.0051318689769764,0.0449272935880222,0.281938840538314,-0.414843721628061,-0.449592617495093,-0.520133393078941,-0.326561551904215,-0.443805808856971,-0.365555206055829,-0.298829995851551,-0.0868071463895097,-0.294984504526386,-0.1818604973088,-0.21466545642414,-0.142160324504148,-0.106766428030404,-0.00847658859276927,0.273701594393461,0.542687305795684,0.114700101775105,0.36809065664642,0.377011774106195,0.564916007924739,0.386602303658892,0.619317573980072,-0.312125268268283,-0.061572716573433,-0.324458222011859,-0.174083768025089,0.157384909766629,0.195370072040658,-0.137565167573772,0.212478153067945,0.234861187697868,0.551611621984902,0.0116015826377499,0.420025909035811,-0.201529434981783,0.146589081470998,-0.000631798026840078,0.265223916781498,0.107198077318895,0.386129565507641,0.243524289014457,0.363320364096026,-0.105596420222,0.188973032316453,0.0469280167937525,0.0776071017285007,-0.0240305731094528,0.327714132351624,-0.123022577448098,-0.291230797463335,-0.171994033711514,-0.276412084647366,-0.396271608866377,-0.36069062460394,-0.4756687358649,-0.289775107836319,-0.267384961090304,-0.288329927290579,-0.0433533328495345,-0.184107954828319,-0.161878696341427,-0.193705204534335,-0.417212516439105,-0.43269912970201,-0.0833782522894744,-0.322965163939781,-0.324473627911728,-0.448601745332371,-0.530113091792008,-0.344227739272164,-0.212417408641867,-0.202135282246378,-0.292307962488264,-0.318093267387463
"Frontal_Inf_Tri_L",0.384068255914141,0.109971625303911,0.361460844195305,0.0210716484921613,0.0608349341080981,0.20290317094836,0.53884312557137,0.262298853004323,0.324934775407365,0.217878192788948,0.811965351348638,0.454419160787087,1,0.574442780969729,0.6200269550645,0.506238210544418,0.231550402319887,0.205626483036449,0.313776408430751,0.100580339346766,-0.133106301654027,0.0778403416733931,0.238304371337819,0.128451119382161,-0.113650779700776,-0.0827987112325694,-0.0528881525676294,0.0225873464683578,0.316484602994408,0.372626145529009,0.191661214408959,0.196090219688691,0.210152855410012,0.205661535648172,-0.169013219911074,-0.173658302788508,-0.282177653622523,-0.053367390493784,-0.176600983398689,-0.0948106111264274,0.0430285631719455,0.128013677907036,-0.305828062095478,-0.406974122755795,-0.333905261025214,-0.237243129545419,-0.320973444643774,-0.420613141661082,-0.349822851071592,-0.239605485138126,-0.211210357337494,-0.262137950818319,-0.0818595766253673,0.0374331792455559,-0.187356338053686,-0.23459402874973,0.0917857514362366,0.122072048533286,-0.0664327271148325,-0.0243271067275426,0.469550559093053,0.281228834749371,0.275394872798844,0.249561905289595,0.107426743095001,0.05356856071298,-0.135832628098912,-0.186510482466417,0.0677643315556633,-0.0193803031330546,0.137932766270491,0.315559321925662,0.241916484780782,0.312882494645038,0.199561009791775,0.130327095391039,-0.010832676221226,0.080361381215866,0.0549789265410169,0.123393673306777,0.0345458864276985,0.253692598713493,0.432304438682447,0.244007372497278,0.103852380691871,0.191969226661192,0.120849031727458,0.0436498480141869,0.190140310100287,0.193358692825376,-0.188622554092348,-0.0774131799528665,-0.204351069156074,-0.0507505743441581,-0.497978809856711,-0.510745088826857,-0.544446933757817,-0.458169741050234,-0.429737562028164,-0.371579186384491,-0.240669376464601,-0.0981208044010653,-0.393655723275677,-0.283153058666325,-0.554662855853159,-0.50191535894845,-0.318804638697802,-0.399264793204232,-0.458113528527659,-0.530908133966917,-0.521628657987245,-0.487924796755,-0.191703591827829,-0.372926863994221,-0.425631074626022,-0.405035922430062
"Frontal_Inf_Tri_R",0.230323791002174,0.158772578009225,-0.0469017193607218,0.310893172705052,-0.101443806123078,0.407152009371565,0.128313721750526,0.621405106641686,-0.00649916427723811,0.450028988851727,0.560344942695676,0.787671180485876,0.574442780969729,1,0.311360210022612,0.72041405486929,0.127708331571564,0.240681879055293,0.270920152957496,0.24298458877988,-0.214088561824449,0.156606709556938,0.120980711291719,0.257518644664103,-0.15239649424089,-0.01326176515312,-0.0329442094446742,0.168570998724763,0.156317996418715,0.498051433325333,0.081272920649195,0.207140045215655,0.0638989215531308,0.220096283348054,-0.300433757519435,-0.185887424621579,-0.462472792533174,0.017184466980821,-0.249222071877994,0.0408225694737375,0.0522636629890235,0.26129371612401,-0.351022356200717,-0.454570152409679,-0.380310915016595,-0.255208462630129,-0.416148562600579,-0.397286589023616,-0.262581239075203,-0.0660775500197995,-0.282353140227309,-0.169694400581332,-0.290867022184308,-0.20428519344131,-0.156859100756858,-0.0544573568961294,0.0729126198763901,0.307496974180924,0.00858603680526211,0.284489827840485,0.271565952369237,0.545599312496143,0.189693676731301,0.458464807845794,-0.203336928313228,0.190733363690675,-0.181767892940735,-0.0103728727550611,0.120462878099427,0.154126742535395,-0.0904813765897076,0.341178056878721,0.237913868345897,0.51433626425152,0.130223540638299,0.418257342476125,-0.099950286025689,0.256180016970059,-0.049204481426708,0.13799015474881,-0.0384013362583337,0.332459214289884,0.216814940198776,0.377939303409158,-0.0986750750641294,0.387096063953995,0.0854093536747235,0.206250560876788,-0.00146503511893667,0.442237582804703,-0.116051171980932,-0.302985293853637,-0.144353127420751,-0.259739537960514,-0.502155362155242,-0.430765387517245,-0.516789834258018,-0.373359767072604,-0.39538313572317,-0.435142220583087,-0.110289110441758,-0.215187710775477,-0.327755944471501,-0.267466553948539,-0.513084925610976,-0.492119479438191,-0.238089751262376,-0.439214207048219,-0.330966852587276,-0.519248507348299,-0.429213227838861,-0.415881815294044,-0.225244694388842,-0.235835767129476,-0.405201940047974,-0.409249264370965
"Frontal_Inf_Orb_L",0.156140782898462,-0.0510854188297851,0.462819681733386,-0.0519652116954074,0.280151319810088,0.228942162369275,0.500735426008505,0.071476706794995,0.496786385537568,0.202642936310406,0.481642478036827,0.280143683608861,0.6200269550645,0.311360210022612,1,0.503393674852317,0.181165167402721,0.084372946233097,0.180532036566568,-0.0215858827842402,0.180251258547784,0.245630044499703,0.367013164705835,0.141678442908361,0.0160002731403373,-0.000405805241265144,0.108322668147521,0.223779642360901,0.438471010486509,0.329474341754899,0.364210910323636,0.213361694605355,0.204815925584922,0.0317109352802472,-0.102215701975412,-0.198226516469914,-0.0919379132970678,-0.082853286202522,0.0111926328669455,-0.0437664132661441,0.163924812437395,0.176324488989478,-0.271163180885464,-0.27731216306905,-0.276434495975793,-0.254371920996968,-0.252404798122192,-0.3270273411548,-0.331015181950852,-0.226123299034001,-0.231377661734955,-0.211853105486316,-0.125944783059281,0.0552507823863017,-0.233014044161532,-0.262446828307816,0.00417366865359276,-0.0312554299595244,-0.180855427901531,-0.158838621071612,0.307358766771211,0.0869472594237952,0.185688188096401,0.124562016101619,0.241137360739123,-0.0755088040996028,-0.198882375319541,-0.325614316962282,-0.150224324033683,-0.264834093308401,0.182013902119202,0.210033555757523,0.258381757969034,0.252252649526512,0.261748953367927,0.159576391694573,0.0512073406826649,0.0732260843709768,0.128783822819896,0.14496087426651,0.156220175282734,0.175980702354551,0.59951025879926,0.217030510524406,0.2409661699161,0.100634286006965,0.229494988443757,0.0306223749055486,0.101349559725596,-0.0172117079759876,-0.366575068774964,-0.126412908531544,-0.205462081468704,-0.0290519326783813,-0.283741426332673,-0.204601355597294,-0.285197759225438,-0.178368903804079,-0.327958878547929,-0.257646664773314,-0.184249897301901,-0.0887859399388285,-0.23846222707227,-0.223711860761998,-0.386225904223086,-0.350467711198084,-0.25712574388029,-0.264513612517888,-0.22383566667908,-0.330345671754159,-0.368977953537823,-0.297593524114307,-0.111903443238854,-0.187892525804148,-0.241414083605805,-0.229569924749378
"Frontal_Inf_Orb_R",0.142523578737765,0.045356739660661,0.160588287990882,0.353327470736921,0.0228332522573094,0.422201349147115,0.221803846392066,0.463389290036894,0.0802829174546887,0.459882494578715,0.429861579695181,0.532461276202056,0.506238210544418,0.72041405486929,0.503393674852317,1,0.0974659794731571,0.153505710777536,0.266151894997041,0.286664913573846,-0.0646534191453372,0.212047927973501,0.326449896121202,0.35670192743164,-0.0323585768258121,0.105507215208379,0.0281887105015483,0.227371274717095,0.320385254827158,0.565550477980451,0.31709644722404,0.351967073301452,0.193405390505766,0.215957677264574,-0.267519394325757,-0.220230241198711,-0.387887682582695,-0.0514177039071836,-0.223102303603054,0.0755272881659133,0.115364035875208,0.348380032317443,-0.294544351885696,-0.348533540697213,-0.285251120439051,-0.177162716827698,-0.226782560382009,-0.261222944742485,-0.220112118632676,-0.0922454038210682,-0.206053616271723,-0.0655239608267756,-0.183709959776692,-0.0561530753973285,-0.135538411801006,0.0179104470473532,0.0256811578671762,0.155250292205981,-0.117564937741153,0.152322582780654,0.115608521181313,0.305415616386786,0.174091563684216,0.398492588816125,-0.143500833625729,0.070635887910822,-0.215354241816726,-0.101312167310684,0.120414033214072,0.0872001595582898,-0.112615370379596,0.340944775398411,0.285426347972679,0.526779894645841,0.179715629450925,0.411566906218737,-0.121300552355669,0.258669567461299,0.0518858572208913,0.186192356718323,0.0434155363530282,0.366201399903528,0.44760458854111,0.561234329439993,0.0149795836866344,0.415860036374638,0.217337143243118,0.334062672125261,-0.120838938459537,0.400532670854136,-0.173023017779922,-0.321874188811894,-0.224647995635291,-0.276818394805623,-0.463335346270261,-0.381500312714788,-0.45363888598315,-0.274268250251285,-0.370946489215402,-0.388216986208146,-0.258561406344929,-0.23259645329714,-0.401523933665607,-0.324588438947104,-0.553833932571159,-0.477870821173066,-0.386301884686607,-0.492795443943276,-0.344455985059818,-0.453737271789582,-0.352342557884205,-0.314534389272628,-0.22578980100779,-0.204012084066959,-0.36621681837084,-0.462089912082826
"Rolandic_Oper_L",0.476119073493955,0.536124124967253,-0.0284822604394959,-0.339387466074037,-0.283392962081971,-0.243500223726445,-0.0559174652148205,-0.131325633967672,-0.149400164367737,-0.154327698024887,0.365078325847639,0.268834633020586,0.231550402319887,0.127708331571564,0.181165167402721,0.0974659794731571,1,0.779870866571401,0.446806678601207,0.330225283946839,-0.106759662234483,-0.02373329930204,-0.202964053783018,-0.347564848230154,-0.355824217194356,-0.410105248285757,-0.202871065411407,-0.236574380814454,0.651003770264163,0.595746641475075,-0.0722209433252058,-0.203139655295267,0.253819548093978,0.130108283587874,-0.362026424290187,-0.44997655665384,0.1193183313058,0.136846869056955,0.0882848699235301,0.0490210117954408,0.363878929695161,0.321608494171761,-0.044198671597704,-0.13226115468788,-0.216242728355687,-0.232058201096751,0.0105108575068528,-0.0239212458480614,-0.179793561948524,-0.247307274859078,-0.231656451003517,-0.231736113729766,-0.0171131713134961,0.00977171708921446,0.142340746144587,0.0832355853061931,0.60978907147724,0.326630471745043,-0.140636442047453,-0.243605475908593,0.0818553403932241,-0.154376637902528,0.653360840686609,0.395697301906615,-0.178354625252797,-0.406844687379452,-0.310973433753229,-0.310408626003821,0.14322910572421,0.164336275599273,-0.197399445197881,-0.0859454882353853,0.414658600319305,0.521389270871099,0.0633849305625325,0.284106179608949,-0.0336271247086497,-0.0176609496063176,0.689972756893786,0.677853380367869,0.79788330312097,0.680780796386756,0.374332942181052,0.334800121439178,0.373310703023101,0.12359925090214,0.16285087439585,0.00759307072707498,0.088857733747774,0.00345470745631676,-0.139349338744446,-0.104706353592725,-0.287032146064854,-0.131692207939933,-0.112072835618291,-0.058060676345389,-0.0774564014458961,0.0665089756171333,0.0813564679510505,0.094151869241211,-0.157806651211006,-0.124055227352758,-0.0125619343142062,-0.0190310786138049,-0.260675192847384,-0.247242842058464,-0.0626794241393171,-0.0691254275581482,-0.0974380548972949,-0.0383781354523695,-0.163442851250863,0.00660119418168186,-0.105440810057125,0.0527078684950482,-0.233096455465962,-0.197133668038467
