"","Precentral_L","Precentral_R","Frontal_Sup_L","Frontal_Sup_R","Frontal_Sup_Orb_L","Frontal_Sup_Orb_R","Frontal_Mid_L","Frontal_Mid_R","Frontal_Mid_Orb_L","Frontal_Mid_Orb_R","Frontal_Inf_Oper_L","Frontal_Inf_Oper_R","Frontal_Inf_Tri_L","Frontal_Inf_Tri_R","Frontal_Inf_Orb_L","Frontal_Inf_Orb_R","Rolandic_Oper_L","Rolandic_Oper_R","Supp_Motor_Area_L","Supp_Motor_Area_R","Olfactory_L","Olfactory_R","Frontal_Sup_Medial_L","Frontal_Sup_Medial_R","Frontal_Med_Orb_L","Frontal_Med_Orb_R","Rectus_L","Rectus_R","Insula_L","Insula_R","Cingulum_Ant_L","Cingulum_Ant_R","Cingulum_Mid_L","Cingulum_Mid_R","Cingulum_Post_L","Cingulum_Post_R","Hippocampus_L","Hippocampus_R","ParaHippocampal_L","ParaHippocampal_R","Amygdala_L","Amygdala_R","Calcarine_L","Calcarine_R","Cuneus_L","Cuneus_R","Lingual_L","Lingual_R","Occipital_Sup_L","Occipital_Sup_R","Occipital_Mid_L","Occipital_Mid_R","Occipital_Inf_L","Occipital_Inf_R","Fusiform_L","Fusiform_R","Postcentral_L","Postcentral_R","Parietal_Sup_L","Parietal_Sup_R","Parietal_Inf_L","Parietal_Inf_R","SupraMarginal_L","SupraMarginal_R","Angular_L","Angular_R","Precuneus_L","Precuneus_R","Paracentral_Lobule_L","Paracentral_Lobule_R","Caudate_L","Caudate_R","Putamen_L","Putamen_R","Pallidum_L","Pallidum_R","Thalamus_L","Thalamus_R","Heschl_L","Heschl_R","Temporal_Sup_L","Temporal_Sup_R","Temporal_Pole_Sup_L","Temporal_Pole_Sup_R","Temporal_Mid_L","Temporal_Mid_R","Temporal_Pole_Mid_L","Temporal_Pole_Mid_R","Temporal_Inf_L","Temporal_Inf_R","Cerebelum_Crus1_L","Cerebelum_Crus1_R","Cerebelum_Crus2_L","Cerebelum_Crus2_R","Cerebelum_3_L","Cerebelum_3_R","Cerebelum_4_5_L","Cerebelum_4_5_R","Cerebelum_6_L","Cerebelum_6_R","Cerebelum_7b_L","Cerebelum_7b_R","Cerebelum_8_L","Cerebelum_8_R","Cerebelum_9_L","Cerebelum_9_R","Cerebelum_10_L","Cerebelum_10_R","Vermis_1_2","Vermis_3","Vermis_4_5","Vermis_6","Vermis_7","Vermis_8","Vermis_9","Vermis_10"
"Precentral_L",1,0.408681859130494,0.0329269936967342,-0.249528575280067,-0.209826096131628,-0.147599947905628,0.0186783302924627,-0.222155758352239,-0.135817794567682,-0.143702833409482,0.415789298828783,0.210416791018466,0.196330978812899,0.0275108772370868,0.0174999437728808,-0.121005706168253,0.276896252671468,0.0804663675520312,0.42235919084828,0.299985488691131,-0.228464654655093,-0.39984974840943,-0.202842414689251,-0.258145430683533,-0.36988165617299,-0.261350816407945,-0.0956437212058562,-0.142838853062694,0.114810896724824,-0.035129757485287,-0.317631720747485,-0.321407554147941,0.115669564282004,-0.127230506414915,-0.137983620835459,-0.241984578547621,0.098949708617306,-0.100940949270027,-0.0791509143227142,-0.0408239821039175,0.0495823305018667,-0.00807481396164982,0.139328344289229,0.111735194187387,-0.0758061827236122,-0.0458289567687962,0.09466470695499,0.0624705106936292,0.112453639164509,0.0638011838485057,0.173966317203106,0.100096834297611,0.196615561236738,0.0725713600675309,0.133613193997185,0.16673338921133,0.51433976491478,0.364018641477833,0.411583574637378,0.134049726893195,0.342859688946429,-0.0359713554936308,0.252160737108008,0.128598089296974,-0.129404054252855,-0.219928995435369,-0.0612779491472174,-0.141228956217427,0.379131582879601,0.213827632931418,-0.153854412704231,-0.39828618616362,0.124872938211117,0.0289859687915166,0.0861871908496805,-0.0359360742638915,0.0505703564302628,0.0322124720173847,0.20116555266812,0.0569573111114413,0.117374165869513,0.00456615532390122,-0.0624997637905409,0.0382236569963405,0.0774564128241234,-0.0230631321080178,-0.0707907848177018,0.0426009320531415,0.234168121152836,0.1123477364887,-0.125603594032521,-0.159013152009599,-0.377601743671009,-0.217668125725462,0.0442321968519449,0.053036939050894,0.173541576610919,0.21378173924675,0.155309401653378,0.249569057275102,-0.166440286728838,-0.13903045459402,0.0692686124085453,0.0951934553387502,-0.0156657709179218,0.0140343842086766,0.150399631023232,0.100918872275378,0.0685750982365333,-0.113893788162768,-0.0489641268786318,0.0866558253014676,0.0648488277900094,0.247322982405758,-0.0584316756123986,-0.0682007602976233
"Precentral_R",0.408681859130494,1,-0.24032387636523,-0.330713838383529,-0.319805538835845,-0.236852568221589,-0.433628064427915,-0.186542628018939,-0.313114027316438,-0.172249474893935,0.127839507317722,0.37654497038124,-0.190383702266291,0.138607035940697,-0.17139347336489,-0.0388862234173179,0.452723624518246,0.601077392540389,0.369846623144183,0.320633523566246,-0.186768569021826,-0.304729766117709,-0.371749069878821,-0.313631701452631,-0.409959492355136,-0.387094675200974,-0.125073332588393,-0.210290813570487,0.0600905144893382,0.291835093551324,-0.192944811969268,-0.279649176070667,0.194153025104324,0.147439341557364,-0.0725734302009358,-0.10933889642602,-0.086008761063727,-0.00464878161036873,-0.0614047071820584,0.156220406942893,0.0779706090389628,0.198457604953198,0.136644213833428,0.156340947966493,0.0402063873866315,0.0754691650013875,0.162061615592095,0.108238563223682,0.107553717114758,0.0976074447870661,-0.0180323110494825,0.00778155614198571,0.0279412799444065,0.0360861978992282,0.107793843140084,0.146927866493613,0.643499371167204,0.608763686303984,-0.0829130804310312,0.0478209356007183,0.125365858543959,0.125866052054315,0.433635807953687,0.269056580798347,-0.164416308456243,0.00310806453793536,-0.125835229814607,-0.0634091851576149,0.147984991592064,0.169431026955054,-0.26948617415615,-0.304181559933078,-0.0180006960664168,0.281590078653926,-0.0289959240277367,0.243978469340227,0.0840902638757327,0.216412249536921,0.3931464985312,0.496985414427233,0.364451244327058,0.384806494539984,-0.0482012835133993,0.292953066751063,-0.0453352466255577,0.0808192152998163,-0.0824343545153239,0.0862279372091689,0.0484875742748486,0.100518058441009,0.000203932976649678,-0.126825960568616,-0.274697086601878,-0.302907180898622,0.103705203830477,0.074111529016387,0.161492283194283,0.0812435262303509,0.286215784248587,0.178648965939072,-0.167389006251843,-0.204669605403294,0.00722005185110669,-0.000621993656423649,-0.0969438202587943,-0.191079904155622,-0.0536193252406191,-0.0251826420193443,0.222068388085403,0.0492543286165371,0.0431212999982925,0.146678211858402,-0.121406964822061,0.127925298222879,-0.0836955384683599,-0.0789333350270439
"Frontal_Sup_L",0.0329269936967342,-0.24032387636523,1,0.238203967830802,0.529334876291336,0.178290357934229,0.66364877048738,0.0118576418492289,0.394025440732793,0.0193440950876046,0.138517911503331,-0.367170425237749,0.300954343355694,-0.0999058034420444,0.488574705389021,0.0227814197198347,-0.17709844913042,-0.281144748509401,-0.143517614683145,-0.0333970345365867,0.166920902267047,0.238178891361042,0.62216769819933,0.527071360026582,0.407671125723005,0.451504074037696,0.242102530902083,0.302207869473167,0.182175345390885,-0.143993856057877,0.310900448023494,0.41791241940463,0.0406075993589316,-0.135140684660224,0.0860450664865973,-0.0192869323124925,0.0639515206220461,-0.147558517597734,-0.063000523851096,-0.0776702000057781,0.176357904315703,0.0763172500804463,-0.155442953658763,-0.217907853704732,-0.255196755477168,-0.38142976327806,-0.284011859488656,-0.222869163680984,-0.328065609875733,-0.362641246036522,-0.257660731233625,-0.273289069812841,-0.293387475982366,-0.238229647503948,-0.219784752396762,-0.228494515958569,-0.154954682464309,-0.342359372629907,-0.136816583025071,-0.438650861836928,-0.118066510804545,-0.302876994005498,-0.298676183775573,-0.34532625607249,0.354254800422158,-0.0503851252178082,-0.0654281530335301,-0.323405949242076,-0.0392752796739145,-0.187355866134982,0.422356902309111,0.243401909149988,0.371207328027776,-0.000729931654977063,0.322110479564937,0.00131541135788955,-0.0385000024559386,-0.204293299927807,-0.0564970576233039,-0.179575134418714,-0.23643868533349,-0.277649072719912,0.133019292354966,-0.150014592679452,0.186661000208985,-0.096316554578176,0.166690336570216,0.122778605982394,0.0552609379801512,-0.250877631669819,-0.373505707225318,-0.0097050810229306,-0.0746944175993226,0.232010934228226,-0.0794872092017009,-0.0977256540274126,-0.238363638354806,-0.138294094252079,-0.463571762577157,-0.205796723719356,-0.167319024152646,0.0142512259755613,-0.0458836164069499,0.0700483418426796,0.138671996048023,0.123360742264002,-0.259249005719871,-0.279528907371763,-0.154002940804314,-0.240874900577279,-0.214434771448332,-0.440161906959841,-0.222505080989683,0.0067195322343041,0.114863431183327,-0.14958798975938
"Frontal_Sup_R",-0.249528575280067,-0.330713838383529,0.238203967830802,1,0.08774680559551,0.343404744208892,0.396307891171254,0.733152323559388,0.0987658130848961,0.301438643193769,-0.0837163757031476,0.074362356923276,0.0317185646686843,0.14945904524624,0.000618729953467683,0.268217111459723,-0.274975884303842,-0.226245536250099,-0.145617066779589,0.0799456590398334,-0.033484068504657,0.256004458078914,0.40090736068751,0.548502733372126,0.267529140465943,0.345844277021663,-0.000753988404652162,0.152417350885667,-0.00153000232049938,0.0810733073254573,0.351197594574964,0.56382734745108,0.141231578834017,0.302314291105698,-0.0621513438443273,0.0202840798281475,-0.455203898446602,-0.33580336194459,-0.380408372441475,-0.29145392705602,-0.276568819531388,-0.14571444967329,-0.156004037825976,-0.197970555766517,-0.00801027430147141,0.00915217308390787,-0.157917435923381,-0.151706274579169,-0.101188534929207,-0.0716346153369959,-0.100164127793643,-0.0314543874844469,-0.174425715237659,-0.0354545765057536,-0.32896739252167,-0.203045241396592,-0.345761862121587,-0.217745557184038,-0.184146252620481,0.00561189726130843,-0.157951897960635,0.246564552969964,-0.152794639717874,0.0933500827301821,0.00794460112066363,0.218863088087741,-0.0201154897431941,0.028190936044261,-0.266888688277089,-0.193061356815668,0.0644833359819326,0.332075601502923,-0.0457223876105746,-0.0880687313284387,-0.155094410018171,-0.0933026860867596,-0.279989051838619,-0.248082502254311,-0.166867189333384,-0.243820691991638,-0.1322644832921,-0.159393385424123,-0.0803178642611486,-0.116799275741541,-0.0771134421433488,0.083577384011777,-0.164412351399527,-0.227300766889123,-0.394931920567857,0.0428045908805165,0.115668948809055,-0.0712783058217226,0.235595724177653,-0.0892103461967921,-0.25100850911467,-0.243258557280085,-0.385143423461501,-0.406056319589911,-0.334650908878239,-0.326951395080664,0.122315984612181,-0.0404305608279792,-0.00954868851125015,-0.211296540081531,-0.0382874808981395,-0.177726176123469,-0.285861413221467,-0.246467809838371,-0.198179069633754,-0.208003281606281,-0.224544013183245,-0.341562399398105,-0.251841628674624,-0.294198995830316,-0.0945203385942317,-0.121218865615396
"Frontal_Sup_Orb_L",-0.209826096131628,-0.319805538835845,0.529334876291336,0.08774680559551,1,0.341743964200626,0.338379790049969,-0.101751728236368,0.547061605328534,0.0132384898279239,-0.160491325017176,-0.506287010898101,0.0621026899293758,-0.278042419098894,0.268727210037795,-0.112614272986056,-0.178583190484371,-0.186356179641984,-0.280827237255606,-0.151522454586055,0.499934871316476,0.323046795789451,0.315711956152906,0.360395032472716,0.728908954089964,0.6721427058366,0.776296185793875,0.653263558540352,0.0104140742299948,-0.210302993525964,0.324373708812824,0.249598809714605,0.00769249021940836,-0.16514103079676,0.291470531932301,0.236037893733012,0.148394138145639,-0.0115848908941078,0.209593479082175,0.0645117283503246,0.190339633886793,-0.0439550996732198,-0.0408928826111695,-0.122646088499995,-0.000363088034803737,-0.2010146892457,-0.135984949169761,-0.0737925921141962,-0.269394808931337,-0.309926370527345,-0.28038155418699,-0.324219103427095,-0.302381767636396,-0.176353923731583,-0.0660094357662691,-0.19394835917221,-0.183558524144504,-0.398899266774355,-0.196121172282746,-0.361282917926675,-0.297203735716335,-0.271011647828642,-0.363618864966625,-0.324849398869207,0.279250230202361,-0.00260514950842183,0.0314140988969031,-0.158830166558778,-0.0260380631289375,-0.184302612430875,0.18170356369148,0.00555180987578455,0.0158070999234949,-0.222648033210906,0.0498810285540122,-0.200245856131553,-0.0510033775450755,-0.193425753281635,-0.024176338759156,-0.0594079148802662,-0.0701360835528584,-0.12405981260769,0.154890944453258,-0.0529970554637384,0.224967391941391,-0.0820831147188533,0.307012860580213,0.113879718218264,0.113498840697282,-0.31286500261218,-0.454569714945247,-0.231611189818709,-0.0888681214274205,0.177823474998309,0.0222540110639033,-0.00952361485119454,-0.125457166818829,-0.0599695495710246,-0.429300652718372,-0.303995951062038,-0.253461651395288,-0.00777341079169614,-0.00805242128837957,0.0776646577472409,0.259387849220338,0.274684847953264,-0.0902433352253057,-0.163111147873208,-0.202613224881368,-0.162599272218035,-0.0223645235657751,-0.358319166524745,-0.215062060625187,0.029783971352016,0.0598793814468922,-0.0520749109464376
"Frontal_Sup_Orb_R",-0.147599947905628,-0.236852568221589,0.178290357934229,0.343404744208892,0.341743964200626,1,0.294263925232637,0.429655281478733,0.571220150963769,0.703109904002975,-0.0158657500320648,-0.00108219908042904,0.291283670368167,0.262288509047422,0.261791598249701,0.329164849778534,0.068989489738241,0.0279215965965723,-0.159442127637361,-0.219094832301397,0.192026958429376,0.325305422916036,0.218918772413,0.431101944139791,0.148978428525987,0.576542531447048,0.230223900139978,0.627065598687879,0.229267720024052,0.124892956381776,0.200277342798112,0.371410831440391,-0.142152854166011,-0.090752526569098,-0.0674129704196699,0.00913176214826578,-0.147595980579139,-0.209370401276865,-0.118167324255711,-0.254281647022039,0.143110110451001,-0.0345788366261977,-0.0726111624728267,-0.0256268070301169,0.0157510393801336,-0.0250147004560957,-0.130654603274915,-0.13761944591399,-0.127454385880526,-0.284727058395411,-0.259651761003867,-0.312129912849452,-0.361109786188989,-0.18299581839311,-0.289187069413935,-0.283047251658846,-0.145095174906424,-0.273948298565954,-0.294320262315666,-0.209432626918766,-0.138356017615457,0.106932321541704,-0.178702425373307,0.00984057729050098,-0.0302856349105329,0.0318429178297805,-0.210278174828879,-0.176811973211759,-0.209812733769175,-0.330269107987605,0.0622839550374275,0.175958620244468,0.110534324779402,0.0140224412129408,-0.0817089661114042,-0.000280246382120465,-0.126624518374581,-0.239166378855576,0.0571425085879574,0.0457391674084973,0.159627555087579,0.0301406766897673,0.107303587116292,-0.0276351632041078,0.128092996334348,-0.19618475271491,-0.141988544243282,-0.141920921697214,-0.209437273414679,-0.280554420492381,-0.298648652904065,-0.286018353795201,-0.166168045570142,-0.117181986727767,-0.183633127430752,-0.251955166289107,-0.426718571009308,-0.327025843851681,-0.372322294245602,-0.323574966184071,-0.155891862384206,-0.167297297273431,-0.0361127274219083,-0.0773221450465953,0.0497159829044991,-0.00464582826594542,-0.267835935242716,-0.317834385081507,-0.198339097213427,-0.220219445273407,-0.317566487913074,-0.403827766130335,-0.197686966088482,-0.179972133057301,-0.0754706335253611,-0.0428678251700942
"Frontal_Mid_L",0.0186783302924627,-0.433628064427915,0.66364877048738,0.396307891171254,0.338379790049969,0.294263925232637,1,0.363318822751296,0.487872636954414,0.136431683935035,0.225115999978975,-0.298699158766574,0.489189783639356,-0.0166081545012319,0.370202099161751,0.000449810581956349,-0.329088139790056,-0.43948768756815,-0.231758642906425,-0.225445210211633,0.130373335801874,0.327602331791176,0.471101893727691,0.357988871166623,0.242138353123077,0.427607114151802,0.0751946803523267,0.288551302417847,0.201620792057146,-0.133897435074021,0.381695916497383,0.551098710487379,0.0570664999761969,-0.00701922828375795,-0.0444549481609117,-0.0885829063330337,-0.113370570813703,-0.277748006320424,-0.177146333744066,-0.343444424163286,0.0327752553477431,-0.142931789215878,-0.219398660666881,-0.276939580375396,-0.252821638023579,-0.336799893824397,-0.315434249695713,-0.336608129615701,-0.293030477773258,-0.393926468094973,-0.17522155158456,-0.273709669431966,-0.190792936468432,-0.166710541978868,-0.377514688327261,-0.36834980266542,-0.315477353000554,-0.375841446845525,-0.00128999870195007,-0.209482676057823,0.0544843671581439,-0.148946526646565,-0.313797971743407,-0.14043259797071,0.157147019145885,-0.0999752618400492,0.0554363862609477,-0.148052685783056,-0.104006347981568,-0.250348252117452,0.467311088933062,0.367847297409568,0.224045065280238,-0.150447149837274,0.226030513904759,-0.0904135936800497,-0.166039643585597,-0.363895914876096,-0.295697574070213,-0.351591819446445,-0.329098805778065,-0.38816846219232,0.0552615174351067,-0.341283708574713,0.0122035041156222,-0.195474086315521,-0.136752638797882,-0.258027403090328,-0.116663550800015,-0.28793834054155,-0.314044878763358,-0.0237422060038605,-0.0107135451259667,0.178603092235316,-0.113080169862215,-0.104252834643139,-0.328580259086784,-0.358085663525824,-0.485679071716053,-0.290663776241317,0.055980850610374,0.103473937277343,0.0389468094633166,0.0770045421456585,0.198181087181732,0.12920994003984,-0.0956065262378981,-0.182295744843595,-0.198500767643049,-0.335468825863458,-0.384428329556628,-0.412323357744192,-0.147697862466241,-0.134835936082908,-0.0101108982771475,0.00254458857585084
"Frontal_Mid_R",-0.222155758352239,-0.186542628018939,0.0118576418492289,0.733152323559388,-0.101751728236368,0.429655281478733,0.363318822751296,1,0.0993056635164477,0.528928675320803,0.0389410605375108,0.323632339948036,0.214917470404908,0.377377359488983,0.110554460119118,0.372947392845263,-0.0957116699419177,-0.0721471434016927,-0.0771216176416088,0.00683362577275772,-0.143140817442138,0.171189951330657,0.25993006949113,0.373015712759248,-0.0263901650380702,0.259881794473567,-0.211204826819213,0.0584399506930846,0.149671810710065,0.209208281750168,0.262462373657432,0.512845587897713,0.0440904964097084,0.235584947657204,-0.205183791936513,-0.132188859252474,-0.501421523196742,-0.442809533651041,-0.409721470166443,-0.416189149868502,-0.17024192181651,-0.146141750029616,-0.230537971155431,-0.253083233897359,-0.118110522127599,-0.0683795431103896,-0.204162118311982,-0.255222053503943,-0.1605013313556,-0.135087534274922,-0.195609354904909,-0.186413162102262,-0.180759536292678,-0.0408027485316228,-0.40070441932085,-0.294655268386697,-0.227424890253466,-0.130922917617648,-0.253573646253749,0.0243285223474938,0.0270879494155187,0.412447436985389,-0.0276594436189397,0.261577146782255,-0.0674472779718669,0.193697363246998,-0.145341791123223,-0.0660593848467074,-0.205549265504476,-0.192677983147181,0.071268404830186,0.335345587859509,0.00553553752303774,0.06945084214462,-0.137570362808353,0.0715217863905274,-0.302385129948519,-0.27486535999654,-0.0687745920955605,-0.158993796094673,0.0275219336275019,-0.0372981932974257,-0.0612018976880087,-0.0987261627220636,-0.0938616486339428,-0.00542703324115657,-0.339340231056063,-0.387828635632432,-0.370842169859409,-0.0693094069894231,0.0125150924096865,-0.117453024188221,0.174957504353136,-0.0710072486794295,-0.266827381384194,-0.301073107648712,-0.483927233348309,-0.491741270731738,-0.283137169644017,-0.334306243684706,0.135786021402798,0.00434564503520189,-0.00840259697773978,-0.196116857918024,-0.0389349688501876,-0.273586180895283,-0.137026406932319,-0.280788676062825,-0.105384519684635,-0.224237383170223,-0.420570646903353,-0.266022717901616,-0.211869737089646,-0.330396096111206,-0.163967872449944,0.0252466479702307
"Frontal_Mid_Orb_L",-0.135817794567682,-0.313114027316438,0.394025440732793,0.0987658130848961,0.547061605328534,0.571220150963769,0.487872636954414,0.0993056635164477,1,0.410166034496432,0.182967481445929,-0.189106166889858,0.381541073598098,0.0187492903746347,0.315899256038348,-0.012382673326358,-0.068010717680781,-0.0951572989586398,-0.255351757419004,-0.328274619517618,0.223181922651849,0.252851905029815,0.179457853611069,0.166622613092472,0.253302132401137,0.41992169757932,0.380850422849291,0.594285888696609,0.0882767832487047,-0.00644758679099562,0.169518699550127,0.231449060987188,-0.116101629600209,-0.169012778315225,0.0212992072345435,0.0460952128387496,-0.0408760413519178,-0.0510249504948595,-0.00894183157832394,-0.186719023592463,0.0226635862953868,-0.0824065878545645,-0.143138578894932,-0.100436554876888,-0.00425073926088536,-0.0830768300315956,-0.1554201295224,-0.170276350895468,-0.0885371421505625,-0.204752052938265,-0.161535954268618,-0.227139705118337,-0.263042133132528,-0.248085583066816,-0.135706940586569,-0.217601913687029,-0.148380131864867,-0.183796008645167,-0.0651305434489936,-0.152850196305455,-0.0106545935983148,-0.078356997580876,-0.118153234006968,-0.0617703549630759,0.160914403077483,-0.10226385575135,-0.126892360933262,-0.181147352341736,-0.255531231521162,-0.347928632879322,0.186021842613532,0.105965180921757,0.00516898092301455,-0.121654008360735,-0.0296402640000398,-0.191973932916965,-0.0663801356988447,-0.231708463737228,-0.0680688287930034,0.0489474924156464,-0.0142022405717049,0.00297466204770866,0.103829964510763,-0.103100366038019,0.228114759340626,-0.183225720867052,0.0632536840757924,-0.0720020414303115,0.109746597719632,-0.243073974394069,-0.353019741414113,-0.118851231445207,-0.224122224232601,-0.0130572386718105,-0.181646970705423,-0.182483748869427,-0.331980596746836,-0.152584249237341,-0.285786365520923,-0.259903875650457,-0.212235486234439,-0.089333567072343,-0.0660946101808906,0.108211884795734,0.0401264169921259,0.10158612792342,-0.143561791005781,-0.249808159097695,-0.197154951449149,-0.263066249357639,-0.286193542631063,-0.379552662369546,-0.177013185849596,-0.199665898400368,-0.172337986131477,-0.065274027995967
"Frontal_Mid_Orb_R",-0.143702833409482,-0.172249474893935,0.0193440950876046,0.301438643193769,0.0132384898279239,0.703109904002975,0.136431683935035,0.528928675320803,0.410166034496432,1,0.182582327061844,0.27419898290618,0.33742418316986,0.457009250268466,0.323351062300583,0.456875960514134,0.165539496149991,0.0873827613580398,-0.0196051288728405,-0.171786785128574,-0.0343386665968417,0.181512095249152,0.216985763733455,0.316217076416733,-0.0269395206142086,0.244247129803248,-0.0440635826394477,0.243544042346809,0.141156952730673,0.185657979265137,0.0482532025713455,0.236838363819558,-0.212976028496993,-0.0784730418371127,-0.225791956667807,-0.191534372541449,-0.140962744693644,-0.170494897232849,-0.201576911165506,-0.302378509938859,-0.011836032480986,-0.021229424584699,-0.278706851597633,-0.149908415604055,-0.212282616516592,-0.173149763421885,-0.215585458847409,-0.212949531214448,-0.224960384894954,-0.203574341242444,-0.215951690263193,-0.166154777730436,-0.267784340903708,-0.183173285278794,-0.31441150620127,-0.272419440312285,-0.0596874974195087,-0.0459561178467758,-0.215949344221978,0.000140455949302465,0.103635413693646,0.40014337902349,0.0570182790404328,0.211298820929205,0.0186209475463677,0.0968030902209506,-0.287557250355244,-0.22611663058549,-0.0826252544772339,-0.143638365028995,0.0397884283606787,0.141212604666205,0.0986251481894967,0.0776495351374246,-0.0546361590916052,0.0516868334494968,-0.0512684573848469,-0.0602940053580532,0.0678067834889348,0.138567972481994,0.171184109654247,0.2044691845437,0.053668619991582,-0.0202958191781331,0.232079560601962,0.0618966083252629,-0.189955767452466,-0.18190696113727,-0.100181070663573,-0.0612852408203777,-0.195402842299314,-0.149014162904805,-0.0782607466005343,-0.0597258670598849,-0.152269443619205,-0.293452685482327,-0.439305388880858,-0.20190404461686,-0.27886553453609,-0.244330058186282,-0.181110603885445,-0.149570537308112,-0.191181449992229,-0.137224391171222,-0.113865085008126,-0.165811586120974,-0.180239623909916,-0.268433225259132,-0.100672274300533,-0.0912498112780861,-0.375035620174195,-0.279488295458685,-0.0752078215594132,-0.154795081025315,-0.0755891066896914,-0.0878149061422923
"Frontal_Inf_Oper_L",0.415789298828783,0.127839507317722,0.138517911503331,-0.0837163757031476,-0.160491325017176,-0.0158657500320648,0.225115999978975,0.0389410605375108,0.182967481445929,0.182582327061844,1,0.343292016973901,0.728486664136003,0.42600339743684,0.347838551743296,0.188994800292778,0.237065099439891,0.0844455932807598,0.0295674862803827,-0.120640838244041,-0.229584737476503,-0.25626438492152,0.0101569125311168,-0.161171528159403,-0.287208051391785,-0.250342626097961,-0.138156463964399,-0.154766778760712,0.180857051970247,0.0885279685525913,-0.131861508593675,-0.148535795697556,-0.10317967834489,-0.163583827866395,-0.18780474718031,-0.286277699974074,0.0241081301934197,0.00495864802694343,-0.0399184644063897,-0.0302751859746631,0.0375613959154863,0.114438736045631,-0.212957288963377,-0.243098570239947,-0.278448900831153,-0.224047687152549,-0.24603913996053,-0.300349726744168,-0.109540257237748,-0.0372470228230182,0.0654019863197007,0.016820581174898,0.0540216261201394,-0.0990251799348115,-0.0266543052667235,-0.121704626205213,0.156651926021388,0.280231826150156,0.175037709428288,0.11893290495925,0.552832470321151,0.216996520989557,0.264741824256533,0.233197648216686,0.142312316741499,0.014240550101641,-0.177472636052968,-0.213014299690262,0.0575086080087961,-0.00506281104851918,-0.0539010919129126,-0.207436208590068,0.13541260320559,0.101402256348241,0.0414139045991589,0.085433791439528,-0.0455962845393901,-0.147224963379684,0.102948962166338,0.139134724072519,0.0530481534491802,0.211049830850939,0.124559791079503,0.052071165775322,0.429393793084754,0.19384512081947,0.1022915242942,-0.0385400541342959,0.430298733973043,0.302275929002593,-0.177643079559347,-0.0216643512008533,-0.244066502724777,-0.124334313764966,0.0683561154144008,-0.0205042067980684,-0.101301838483553,-0.0946492273041205,-0.09072814576701,-0.13804120668966,-0.0928076446138366,0.00679431712928726,-0.125050312667934,0.0529786450875352,-0.174795543742027,-0.121988221320426,0.0962031764534069,0.108279450720426,0.119738876827666,-0.159340375875854,-0.234622125510142,-0.209076352411906,0.0470216319437201,0.0110217343436532,-0.102523681795345,-0.150347830767063
"Frontal_Inf_Oper_R",0.210416791018466,0.37654497038124,-0.367170425237749,0.074362356923276,-0.506287010898101,-0.00108219908042904,-0.298699158766574,0.323632339948036,-0.189106166889858,0.27419898290618,0.343292016973901,1,0.129831280949602,0.61989788336795,-0.0839283743707682,0.307556267159393,0.414017993064688,0.480480343252662,0.169958148767482,0.141892725054609,-0.276544353463771,-0.179671733620736,-0.240784264686448,-0.176933570196398,-0.379044119972483,-0.349439329549433,-0.411534247091511,-0.319753883812643,0.213692141965068,0.493390291254479,-0.213831202713699,-0.176234587620127,-0.0705160822000485,0.063783916734081,-0.321445821013677,-0.281649288923664,-0.157261810055211,-0.087387096844912,-0.112665320606041,0.00404835543400463,0.0316679091439342,0.171623161950281,-0.0512642457106406,0.0194836947688683,-0.0186919612273283,0.108239488697317,0.0314328012598047,-0.0184351009265928,0.131511295825373,0.241143262783229,0.0646943697534173,0.130558232858863,0.0741256277294888,0.0949130170991001,0.0815397252791527,0.121339500487896,0.349739417799774,0.423887013432862,0.00858729653641614,0.236053722867072,0.345851095857283,0.402285029911225,0.458461526073287,0.509482360268227,-0.223366174299567,-0.0493547816351864,-0.304365070878981,-0.115166833147691,-0.044766515513631,-0.00608210744543124,-0.316739700450867,-0.169022586874248,0.0214831743034614,0.402995020765662,-0.102961924332219,0.273961705028366,-0.165461943565559,0.00255791110236842,0.275488492331499,0.258603522298885,0.409610009673969,0.404997781948738,-0.0339668832477855,0.195158138931938,0.0141508757233249,0.127679253330014,-0.213388850678223,-0.247688370351856,-0.00428023482609337,0.227867043273295,0.182471519581988,-0.13167729419592,-0.164633767198556,-0.346231644202544,-0.0782593929152915,-0.0146123973528507,-0.0706445617492032,0.0317486776137632,0.23873989695961,0.0252428939495574,0.00197941911316116,-0.167637283420688,-0.0490235535839003,-0.215710330242019,-0.241589898913813,-0.320497697252281,0.0590878695268451,-0.105195425357666,0.0873529552454193,-0.0407460678456545,-0.153462962283021,0.0377978352969497,-0.0512687333429201,-0.00985164204190022,-0.220809543914929,-0.0900953624827459
"Frontal_Inf_Tri_L",0.196330978812899,-0.190383702266291,0.300954343355694,0.0317185646686843,0.0621026899293758,0.291283670368167,0.489189783639356,0.214917470404908,0.381541073598098,0.33742418316986,0.728486664136003,0.129831280949602,1,0.468400555306113,0.605374124138241,0.293969284188599,-0.0136843307588688,-0.133647885505009,-0.127107174054897,-0.241379977191005,-0.0628148140145924,-0.0122304523657037,0.205136655341762,0.114530821406762,-0.10751950848657,0.0907366784476361,-0.0495911859826847,0.0553583451252462,0.304155995629301,0.024190504375624,0.0624033611425847,0.146394240883818,-0.125520797949929,-0.190131417342614,-0.114380018673702,-0.182885595558913,-0.000425818580371994,-0.118736445221521,-0.0307849722533334,-0.162517730556582,0.161374108110275,0.082034908094019,-0.225419126995268,-0.291537628103848,-0.333027807143601,-0.343213303648028,-0.315735913682515,-0.374294154626446,-0.280032091063924,-0.28212789144987,-0.107681535533206,-0.228260854300794,-0.138455201285683,-0.178047108943933,-0.24502212639535,-0.325201520297236,-0.133138879542816,-0.117182819831858,-0.0136340084776012,-0.17669892385131,0.389757734705997,0.0607425842458562,-0.0243616026733328,0.0855583756214387,0.174410075683971,-0.0220281176024982,-0.156149261516648,-0.267271938000075,-0.0137991791024315,-0.177231523001947,0.188759310599379,0.0965829334336405,0.255644396575891,0.0338454845990409,0.110725774021465,0.0888220667055357,-0.100804748561432,-0.33508713351486,-0.0276863995829197,-0.0327839190441396,-0.0203800831809178,0.052346984259002,0.235387332896749,-0.0787260568551286,0.350670169844916,-0.0116386087091215,0.0765276934898605,-0.0708806779839189,0.302573622744263,-0.0480816573435966,-0.287906657493535,-0.055244469740805,-0.130163293111446,0.108215382371195,0.022161551502623,-0.0290023162348089,-0.250191951054055,-0.21571190886294,-0.305132869902802,-0.340651231434453,-0.0773699872262481,0.111977804819899,-0.116202218033837,0.0529008773394593,-0.0412939615216613,-0.0506411170122326,0.0461605426924034,-0.0599092674172659,0.00940566550860944,-0.182182597049703,-0.301632377604404,-0.357757811492289,-0.0161892012785445,-0.00524454003697919,-0.0222611932135317,-0.0316666889124985
"Frontal_Inf_Tri_R",0.0275108772370868,0.138607035940697,-0.0999058034420444,0.14945904524624,-0.278042419098894,0.262288509047422,-0.0166081545012319,0.377377359488983,0.0187492903746347,0.457009250268466,0.42600339743684,0.61989788336795,0.468400555306113,1,0.200564215827257,0.571946816641857,0.161943791809782,0.124609628168589,0.0310559526568629,0.0250207230262346,-0.104070149983175,0.0517950410106061,0.0409897463442245,0.120674959720926,-0.226802355613703,-0.0996653270466553,-0.215626814076636,-0.108434492169979,0.277506058723233,0.307167330744839,-0.0569846201796118,0.008751072958248,-0.0963388176758041,-0.0478373403303064,-0.237086071301294,-0.199603321887364,-0.142844973830554,-0.133747740872677,-0.0198904435860532,-0.000108227279940402,0.127490543882801,0.267867781128437,-0.163705186205235,-0.0954384135006324,-0.192568061978044,-0.0772636153505678,-0.163207570711581,-0.162639096904509,-0.113154647748548,0.0190659853656125,-0.0669829101570889,-0.00293481618194342,-0.0588538968676272,-0.0536234136481378,-0.153924973566429,-0.0818313106504119,0.0106632659567373,0.0331773271535374,-0.124384551700533,-0.00453071273268961,0.265873819379782,0.290189268677462,0.175172123867359,0.288939877178677,-0.0192558521277143,0.0830738033450643,-0.170457086439018,-0.0544084020207911,0.101046076144841,0.0767091957041622,-0.0585890122055432,0.0235831047764101,0.218662321329388,0.324666425613403,0.0401924073591809,0.274933091971783,-0.124518727428217,-0.143258393204258,0.123044944994377,0.188062543656351,0.123469826722257,0.298964876231072,0.111664779096947,0.101493121915344,0.17143853516127,0.255397242512334,-0.113794190459406,-0.0820549426778096,0.0244384059480516,0.101198266301904,-0.00392457294198704,-0.136788328306914,-0.097911415010695,-0.159584182834112,-0.0537889474482429,-0.0850282167457371,-0.282426109583165,-0.0826703060346598,-0.133283752231883,-0.202850147591891,0.0164328941920002,-0.215457334098021,-0.188104784424484,-0.190267638764616,-0.202543950322805,-0.211307102759379,-0.0986441208606444,-0.0490649373982604,0.0187518901071153,-0.0113943616576204,-0.166393221345668,-0.23765048444924,-0.0593746274492908,-0.0330990329733712,-0.128696066174716,-0.163558578363921
"Frontal_Inf_Orb_L",0.0174999437728808,-0.17139347336489,0.488574705389021,0.000618729953467683,0.268727210037795,0.261791598249701,0.370202099161751,0.110554460119118,0.315899256038348,0.323351062300583,0.347838551743296,-0.0839283743707682,0.605374124138241,0.200564215827257,1,0.447538101264854,0.0719651328585606,-0.034355630279953,-0.0568490378810562,-0.107462495376677,0.0945727022048519,0.207026689854763,0.454431035068572,0.277751527348175,0.0444037098139903,0.164695693083843,-0.0098157652628883,0.115645183464649,0.453186762289698,0.171572494614844,0.266033523514581,0.339134342646167,-0.0153654908668515,-0.135931325464009,0.034079122958839,-0.162741700061762,0.0735011370222854,-0.113344207485757,0.0127251040662336,-0.116472559364717,0.24142429926731,0.114334276962889,-0.282166873837861,-0.322085102128441,-0.390635200053358,-0.4595478104542,-0.36480981558492,-0.369898380469698,-0.424677415784987,-0.423824879358899,-0.368345479327731,-0.440359726917779,-0.31535830194061,-0.2786336902037,-0.339577518466375,-0.418763082068741,-0.13456966562229,-0.252583309134536,-0.312302990152828,-0.403942018692773,0.0231687839742938,-0.130404763099974,-0.0519693755559852,-0.0779026015601,0.29594085862916,-0.0783747623394917,-0.229907380639156,-0.432455122898645,-0.0268173622387196,-0.214103787946717,0.332535590717914,0.208022667594859,0.440096287912014,0.169479961637195,0.332327252456796,0.106190696802215,0.0697420875319821,-0.209585883308755,0.092641502438617,0.0951013495526018,0.093735345179701,0.0471705314172677,0.556335207569358,0.0523943388933866,0.36975296716044,-0.160207840103219,0.200795037703182,0.022696106296462,0.160414866635882,-0.370285789820703,-0.445456947502757,-0.147574008713657,-0.163115156766357,0.177446039801234,0.100438729882389,-0.0674155615387248,-0.229465799680426,-0.228126773542402,-0.412571750701044,-0.302619672087806,-0.225856373574021,0.210332020429573,-0.00315099889606238,0.126759127622572,0.000953340733382721,0.00448433824439988,-0.0715642730903082,-0.165499808060031,-0.0470573502472719,-0.25778279034035,-0.380056864722974,-0.396650541314133,-0.0411609608915594,0.0884752644483357,0.0344026046460066,-0.0525845426222981
"Frontal_Inf_Orb_R",-0.121005706168253,-0.0388862234173179,0.0227814197198347,0.268217111459723,-0.112614272986056,0.329164849778534,0.000449810581956349,0.372947392845263,-0.012382673326358,0.456875960514134,0.188994800292778,0.307556267159393,0.293969284188599,0.571946816641857,0.447538101264854,1,0.233077221282811,0.166108616911978,0.0720847038020531,0.117392585533218,0.0184274682960754,0.216577810402642,0.291735871711795,0.334252908365631,0.00830209191421835,0.112284708791467,-0.164954391427708,0.0581230574260159,0.508912593657573,0.569936611004838,0.345553391756592,0.331623388227917,-0.0505431070560176,-0.0377589092635999,-0.313461009625603,-0.368048363164703,-0.212681203448223,-0.212494644795296,-0.0989609683263653,0.0167934993102503,0.195370336279332,0.184513240227321,-0.0238151049087613,0.047941320196555,-0.103304635311737,-0.069701293618022,-0.0152930866113507,0.00831214491322396,-0.0774863159059753,-0.0666015839373809,-0.111693292908196,-0.0971036994888697,-0.101159684151259,-0.0488510517003672,-0.128100236287054,-0.105804824555584,-0.120579535661184,-0.16630266933183,-0.401760061933887,-0.221694885771063,-0.0933001232463306,0.1339005693244,0.146622301942451,0.301497245380742,-0.144485380012761,-0.157731906210642,-0.320273434349744,-0.255834113275522,0.0191536233584882,-0.0025395075462168,-0.0539237093378954,0.0476005202469894,0.32889930123394,0.337311931207431,0.0476037755133102,0.212587841882998,-0.0639775220969757,-0.11228354797535,0.277085564550183,0.312622593417023,0.28316692408955,0.323338324746139,0.539088148692174,0.436469339605485,0.184095572818626,0.147002512964423,-0.00827060158485505,-0.0768577047167416,-0.15227263484507,-0.154259588512781,0.00127343976108092,-0.279975163362058,-0.109396515531753,-0.20671154259795,0.0164520349929755,-0.113277472341929,-0.126464333637025,-0.0688081498024696,-0.148916694814811,-0.198978971746989,-0.0674891906689178,-0.14684734616543,-0.0770033026015919,-0.223853002228865,-0.229740733731232,-0.290443045878288,-0.213296188686427,-0.227221703883959,-0.114097885318461,-0.054544950848902,-0.291491746295718,-0.207493196238122,-0.124783931065854,-0.0254739183116632,-0.155984227032378,-0.279332101157486
"Rolandic_Oper_L",0.276896252671468,0.452723624518246,-0.17709844913042,-0.274975884303842,-0.178583190484371,0.068989489738241,-0.329088139790056,-0.0957116699419177,-0.068010717680781,0.165539496149991,0.237065099439891,0.414017993064688,-0.0136843307588688,0.161943791809782,0.0719651328585606,0.233077221282811,1,0.722135652069351,0.400596349040225,0.204545332297547,-0.0436958623564615,-0.0664013500788495,-0.185697669954144,-0.202561701576083,-0.300885534691753,-0.18399169796572,-0.053504857754154,0.0285845182508382,0.525805234941979,0.620391360925825,-0.10060864629772,-0.194528551157231,0.0249415206627908,-0.0334812055882653,-0.300430740088194,-0.370309634201285,0.0839202041909797,0.0581580914739211,0.0831862829087445,0.230415941644553,0.263088069596629,0.379237154732692,-0.0469245070808641,0.000623321585142484,-0.0392988189901854,-0.0402618712212579,0.0584021913404123,-0.013183432295171,-0.0664990642640269,-0.0947762352445601,-0.204738212761233,-0.122406790412957,-0.119917436242274,-0.136232313312977,0.188876103380555,0.174029470477974,0.608773659970272,0.379425292376903,-0.15707626793069,-0.0364497330858589,0.0594666046853921,0.0302251404793117,0.560066294151122,0.305020016620184,-0.234488649194337,-0.274111798875309,-0.395057062174936,-0.336427580972186,0.103465747487149,0.0366745458128792,-0.263876033553283,-0.276558911375654,0.243916630213696,0.540572468947709,0.0152514173461821,0.361951087423654,0.110911714565052,0.211345770366045,0.709581979189773,0.654324793736207,0.706110106012243,0.559335519377548,0.389972049658612,0.487336472099277,0.200547958232734,0.0856910003796565,0.183247073683866,0.143114093653301,0.189876118007423,0.0514072625794118,-0.199372439277707,-0.279665960943926,-0.438960651746867,-0.426572681191418,0.0793619423937436,0.00998713528620334,-0.0346167149639815,0.121528522910258,0.0857389503684418,0.0865909996473217,-0.338053513249832,-0.322608206499775,-0.0862047341438371,-0.0981170420935355,-0.341357783541705,-0.279268659647167,-0.0793064959516113,-0.152602422109838,0.109999871109862,-0.109578671370651,-0.278612245561838,-0.0717532536503562,-0.172156261081604,0.0617929321327561,-0.0995709536549088,-0.268190254876294
