"","Precentral_L","Precentral_R","Frontal_Sup_L","Frontal_Sup_R","Frontal_Sup_Orb_L","Frontal_Sup_Orb_R","Frontal_Mid_L","Frontal_Mid_R","Frontal_Mid_Orb_L","Frontal_Mid_Orb_R","Frontal_Inf_Oper_L","Frontal_Inf_Oper_R","Frontal_Inf_Tri_L","Frontal_Inf_Tri_R","Frontal_Inf_Orb_L","Frontal_Inf_Orb_R","Rolandic_Oper_L","Rolandic_Oper_R","Supp_Motor_Area_L","Supp_Motor_Area_R","Olfactory_L","Olfactory_R","Frontal_Sup_Medial_L","Frontal_Sup_Medial_R","Frontal_Med_Orb_L","Frontal_Med_Orb_R","Rectus_L","Rectus_R","Insula_L","Insula_R","Cingulum_Ant_L","Cingulum_Ant_R","Cingulum_Mid_L","Cingulum_Mid_R","Cingulum_Post_L","Cingulum_Post_R","Hippocampus_L","Hippocampus_R","ParaHippocampal_L","ParaHippocampal_R","Amygdala_L","Amygdala_R","Calcarine_L","Calcarine_R","Cuneus_L","Cuneus_R","Lingual_L","Lingual_R","Occipital_Sup_L","Occipital_Sup_R","Occipital_Mid_L","Occipital_Mid_R","Occipital_Inf_L","Occipital_Inf_R","Fusiform_L","Fusiform_R","Postcentral_L","Postcentral_R","Parietal_Sup_L","Parietal_Sup_R","Parietal_Inf_L","Parietal_Inf_R","SupraMarginal_L","SupraMarginal_R","Angular_L","Angular_R","Precuneus_L","Precuneus_R","Paracentral_Lobule_L","Paracentral_Lobule_R","Caudate_L","Caudate_R","Putamen_L","Putamen_R","Pallidum_L","Pallidum_R","Thalamus_L","Thalamus_R","Heschl_L","Heschl_R","Temporal_Sup_L","Temporal_Sup_R","Temporal_Pole_Sup_L","Temporal_Pole_Sup_R","Temporal_Mid_L","Temporal_Mid_R","Temporal_Pole_Mid_L","Temporal_Pole_Mid_R","Temporal_Inf_L","Temporal_Inf_R","Cerebelum_Crus1_L","Cerebelum_Crus1_R","Cerebelum_Crus2_L","Cerebelum_Crus2_R","Cerebelum_3_L","Cerebelum_3_R","Cerebelum_4_5_L","Cerebelum_4_5_R","Cerebelum_6_L","Cerebelum_6_R","Cerebelum_7b_L","Cerebelum_7b_R","Cerebelum_8_L","Cerebelum_8_R","Cerebelum_9_L","Cerebelum_9_R","Cerebelum_10_L","Cerebelum_10_R","Vermis_1_2","Vermis_3","Vermis_4_5","Vermis_6","Vermis_7","Vermis_8","Vermis_9","Vermis_10"
"Precentral_L",1,0.589631977261897,0.060020991337262,0.140805480617663,0.00825671101834514,-0.113385897534608,0.063498726010158,0.131395127304009,0.130900764924452,-0.0115096591218855,0.331931219908687,0.259978383607645,0.298914956162289,0.143740039152492,0.0470750244119119,0.0854975831182051,0.270535834339085,0.300880528844315,0.238729969269407,0.423790300123166,-0.260089119305901,-0.228017564457576,-0.11274580602055,-0.0795595682291889,-0.254554889313754,-0.259172029059205,-0.0900678660281256,-0.160191744456788,0.0846126681593724,0.113397355957157,-0.190593226474179,-0.12328228887728,-0.0193140601248521,0.0278388500565744,-0.345956814470065,-0.367822860236373,-0.204072498272385,-0.241236074675262,-0.196952078348121,-0.110198880182051,-0.0513030989021232,-0.0159442382561404,-0.138211262808071,0.00206626874331637,-0.248707437018225,-0.143133776396185,-0.10988971634931,-0.0737966666312232,-0.178284287673037,-0.089594431185797,-0.0739145594174946,-0.0714304426206322,0.0277625278989989,-0.0346157633422923,-0.105841262226038,-0.103254975610424,0.664145681443178,0.485656539656361,0.122330993629793,0.0897370905679388,0.312750313842259,0.177677241052726,0.412568792714466,0.176261223481313,0.00211449693521451,-0.141776328932286,-0.280726169393465,-0.272908009336822,0.304674932389903,0.350553234379301,-0.33023440236761,-0.0946311470734136,0.112331733409108,0.177829829723234,-0.0280271680765151,0.152329896886586,-0.280275698866106,-0.148997388843477,0.181319723143028,0.0882673710428324,0.204044175478349,0.137624624264323,-0.0344360242979437,0.0277620815394954,0.210630950495455,-0.138042600770382,-0.059438070499807,0.00416782761415141,0.0442588653818612,-0.0376210184866139,-0.116931698154042,-0.0757835721742273,-0.271883950738821,-0.0760651676052371,-0.255076316755448,-0.2190314476341,-0.107855904999159,-0.036750514464175,-0.0791298820255008,0.065142174831142,-0.089241654315109,0.0260790694255946,0.0257777076221913,0.114276765183087,-0.215637738777238,-0.02788552744588,-0.0277397287186629,-0.0496829864408215,0.0236178771193878,-0.112109563055394,-0.185021240939021,-0.0374823271028969,-0.0906421866096739,0.0425251474119099,0.024774382283985,-0.0556462859549583
"Precentral_R",0.589631977261897,1,0.0670071730681238,0.0446614899293326,0.120434874386118,-0.180901967892762,-0.140353619788135,-0.115561239875651,-0.0229699851067018,-0.131224036721094,0.0306806387984881,0.109076629121748,0.0408821653269391,-0.0429627344228223,-0.0842543012709641,-0.007568529330771,0.353048703582927,0.51319868937582,0.254756153639849,0.5266115312079,-0.0640929903696724,-0.185552872130523,-0.2065267230756,-0.101592571661092,-0.13215670643426,-0.111733231813101,0.0567591325320222,-0.0434720208375877,0.0603638611358688,0.182859644388549,-0.179070622443012,-0.217715988102977,0.149828331984537,0.189436674858934,-0.299987105416166,-0.33165343933422,-0.0731382094335528,-0.175452865429923,-0.115721390984504,-0.0712020505529313,0.112211956492862,0.0574752705616111,-0.14178450639855,-0.0393964368972467,-0.201951465690744,-0.143830755030691,-0.0296976495156237,0.0632012965362405,-0.142339963818056,-0.0485157000105234,-0.11985559205652,-0.0430695713524381,0.0481154051223243,0.0266773375697526,-0.0532303867253791,-0.0297553305941225,0.709094393863245,0.725491312372176,-0.00117225589979976,0.132333980717109,0.146179246642285,0.0672068364041715,0.394725961570747,0.0568681908223356,0.0150644810261781,-0.0792873886705913,-0.312833700449986,-0.270353341796792,0.386124705457381,0.525148910439741,-0.279543477607317,-0.197567230483078,0.0915091922927308,0.295400978478078,-0.00118142691843012,0.231409194719404,-0.274111708877882,-0.067580075481353,0.30035224489269,0.233474479262622,0.332673070633108,0.253497528364972,0.0588799748780526,0.056996351075489,0.259900884226236,0.0299524022212129,0.120346583659244,0.0362872248404408,0.0298722954824861,0.0450698741431355,-0.206665744975204,-0.155275997880064,-0.363649126944749,-0.205458478348945,-0.165144664712488,-0.156854356467991,-0.0385418837696609,-0.0314451624978479,-0.0277227164074479,-0.00387391387877272,-0.185302705306514,-0.0242354288341018,-0.0211876162860623,0.0132567580818024,-0.152781201694109,-0.126391958548283,-0.145918758396492,-0.258642619836074,0.0493104055687331,-0.0994419304659543,-0.101171150909284,-0.128012000655815,-0.161948731760369,0.00883082746070545,-0.107545845982268,-0.167426215317889
"Frontal_Sup_L",0.060020991337262,0.0670071730681238,1,0.238978918363265,0.425524619709421,-0.0767657928601889,0.651659234049461,-0.0764673189025204,0.347810075951596,-0.0687519467532859,0.0487377813367895,-0.221653071424035,0.115886066262164,-0.127946093469014,0.285796704993033,0.071405505656238,-0.0303700335503388,0.032548636083323,0.134419786132256,0.00189631529482228,0.175983139381726,0.00689509785111161,0.532123767907703,0.377560757674193,0.346505841821576,0.170820595865158,0.258088709032361,0.136231248534955,0.0437209439284331,-0.0386763471519148,0.280236683312811,0.141470927395703,0.126212749070512,-0.00894844015908078,0.0624450149703685,-0.101427902014485,-0.167938651305788,-0.0445964995323554,-0.013873626101947,-0.0293817431125126,0.0125786580468629,0.00585996962367151,-0.21698034714829,-0.175514933233011,-0.209748463268261,-0.2194362390798,-0.212753772575477,-0.137984988659875,-0.366279161577831,-0.305417710616187,-0.224198333748389,-0.177423602893115,-0.117111270103347,0.0232856705730472,-0.14857122961093,-0.146379435689213,0.0324938929523141,-0.0464819816503686,-0.207769056974515,-0.327653292739864,0.042232149454622,-0.156301451969084,-0.00181025887755791,-0.0826483084611491,0.431067988448403,0.135976446552388,-0.163420253025357,-0.322466681664971,-0.254644875283073,-0.191391215905354,0.150914727936034,-0.0265897164930062,0.289646943537652,0.210308606569729,0.211234421733844,0.202195125012876,-0.00363258326825798,-0.00149311475377183,0.247955279106307,0.225092992817358,0.0112584306873126,0.113938497817588,0.264089916807183,-0.0475553523025055,0.265015954069256,0.176842804024428,0.169304834171051,0.159742962090814,0.0492165115445717,-0.101986162570679,-0.251427931962285,-0.0907922615948068,-0.0633103157825649,0.176194102415919,-0.0846759986028167,-0.189071038248837,-0.156623069957107,-0.0972187406155311,-0.205018650876235,-0.0413250929025253,-0.0816944123123913,0.162830653225253,-0.0836816926333635,0.0657642041726762,-0.159125964032179,-0.00358600743333531,-0.104659370038044,-0.0920062604632182,-0.13882562397017,-0.0818669323457737,-0.210942575139285,-0.258857792196906,-0.0505786268832911,0.115059995126826,0.0685622869842814,-0.137340922409899
"Frontal_Sup_R",0.140805480617663,0.0446614899293326,0.238978918363265,1,0.199508903522567,0.437092393068083,0.511923859247215,0.670056250372563,0.22272494500327,0.309519976101749,0.00326279030373543,0.125660486004633,-0.00576857965515914,0.255217816837092,-0.0409835549910301,0.190683805765063,-0.0988360241707879,-0.117936316141678,-0.0955371063286951,0.190725920729236,-0.0279646228470725,0.187508074875166,0.183790677344825,0.545752321977149,0.0949974251273907,0.283014704489665,0.100412147960133,0.274105336443349,-0.00230069739773171,0.00767718932596845,0.210419983135105,0.497020822631174,0.0163745216265716,0.314680153080616,-0.145461353489824,-0.0925382665756681,-0.439570498803897,-0.292876384382748,-0.28331523455928,-0.231872159674005,-0.175673144031259,-0.152001178734083,-0.205337729431999,-0.129734900603669,-0.19064724167172,-0.157760329708638,-0.231042850884884,-0.155131449212491,-0.265628136362354,-0.16779418309609,-0.188098446577884,-0.157191397030818,-0.119959310271533,-0.118780277853789,-0.303558670307656,-0.183877294055398,0.0490022394359312,-0.0328634764221007,-0.0358383161629234,0.0914567324010383,0.160904504189179,0.375382226994974,-0.00836055998942044,0.0219669225617789,0.0571702867621941,0.375946648090266,-0.20335700708751,-0.11337761805855,-0.152041693585393,-0.0448103185203761,-0.0460479817980581,0.208576389300487,0.232963528310508,0.129614779528061,0.148074664723496,0.156329516436831,-0.235200485603471,-0.167627647708586,0.0189903352914893,0.023611343933865,-0.12567667848662,-0.0265986724966876,-0.243995244072722,-0.30539780619283,-0.22441602804835,0.00773632245341829,-0.248637688597355,-0.148822977146671,-0.26320695588108,-0.0124020977586035,-0.114228587820705,-0.244314352424665,0.0975961104732048,-0.203072915748669,-0.33877170470593,-0.136320799836174,-0.410542378704653,-0.0667516694006157,-0.19209167647383,-0.21670036766575,0.0440010978075497,-0.0972531735624483,-0.186354229224915,-0.135537296299703,-0.30741455436282,-0.425929845954055,-0.162776884655666,-0.0324073643112285,-0.202761024858769,-0.366277078205035,-0.269433162630773,-0.188871329311262,-0.222429688473689,-0.160479421944232,-0.23350063169183,-0.244881894122657
"Frontal_Sup_Orb_L",0.00825671101834514,0.120434874386118,0.425524619709421,0.199508903522567,1,0.189476052634746,0.114153631997424,-0.164310809040552,0.374420087292623,-0.0611586631820458,-0.12525021650183,-0.103858421225562,-0.116128462863162,0.0591682160135402,0.128240631202538,0.0892739200592986,-0.246553168675777,-0.190646787992167,-0.269425999994115,-0.0394123463837639,0.505002206862214,0.242727251944515,0.324030975117614,0.428345393017912,0.636962914380944,0.612485298753635,0.81439990140565,0.634983768311217,-0.339411932959445,-0.251353875190209,0.127250602415895,0.0689951035185353,-0.00469809578873581,-0.104072684135311,0.102121722890926,0.0538282588474008,-0.162202589828461,-0.169395477333508,0.0769252296144883,-0.0260988440528447,-0.0276320776202773,-0.0562913700844367,0.0334992499920453,-0.0405818445343336,-0.0351517134036438,-0.121024830152287,-0.0548669982883099,0.0238876312396366,-0.105326629956558,-0.126712241576537,0.0597666409812734,0.0242606251661244,-0.0513227484548738,-0.0348790095005766,0.022090466917083,0.0112675665714369,-0.0454035151988189,0.0423530288943661,-0.044732294403737,-0.060239749429945,-0.0266766366304186,-0.067022924752751,-0.0617922698143576,-0.134705705834614,0.340377120455834,0.249809936344429,0.13631957090335,-0.0441927645185823,0.00635476976391624,0.195915758470927,0.0920358460398543,0.0405371197964685,0.141619874857018,0.0130040025505167,0.0553262487774261,0.00124711205284626,-0.0450204096353693,0.0470987127988558,0.00537832564805905,0.046967403572294,-0.174822497405169,-0.147225759467113,0.000491507346340068,-0.182134831144943,0.196343273544016,0.192675997168329,0.135385138708882,0.204536870471103,-0.00227315095480498,-0.124754560276898,-0.2485888414531,-0.276164402657104,-0.048456546947945,-0.0493642759060908,-0.196081286688928,-0.204632245047031,-0.0567522936358865,-0.0104800203030668,-0.220120459872039,-0.145858816177185,-0.0503823606219005,-0.0696047643254705,-0.129802614570969,-0.067953764054353,0.0376781250269989,-0.00957838696434206,-0.236829051716962,-0.190955479099522,-0.224156516512642,-0.200556942198634,0.0736509428716543,-0.195194665217803,-0.217627153825885,0.0384719654459803,0.0304534011423296,-0.172512966525417
"Frontal_Sup_Orb_R",-0.113385897534608,-0.180901967892762,-0.0767657928601889,0.437092393068083,0.189476052634746,1,0.220229416635483,0.479848409164012,0.465982821216112,0.748187374762049,-0.0274673524936332,0.150876285194644,0.102965072365343,0.286604514198961,0.105616676674811,0.152392597576818,-0.113555704255674,-0.183241088327527,-0.296935703435735,0.0120423135278652,0.00991597712650931,0.175239958465125,-0.0705139001839316,0.218714158902383,0.0301840803402706,0.352357277515049,0.110613926882849,0.453752491875138,0.0510010351534352,0.0111636299785243,-0.0314078821851383,0.23674450775,-0.142645559499319,0.03720946152855,-0.0401523532973039,0.0585640502582928,-0.321862150727108,-0.179279399937663,-0.235633771594607,-0.154612963637987,-0.247233403673747,-0.075384569724311,-0.0969366741917188,-0.0629596383623031,-0.00984069355244209,-0.0257711533990088,-0.0924618083423561,-0.0671914291614781,-0.0329784793527958,-0.0506362345250964,0.000117265129337003,-0.00211737383801292,-0.0355416163148468,0.00806324058951596,-0.164625782587272,-0.0772864370385199,-0.153950532136816,-0.128118584678473,0.0425312921925281,0.116471947416054,0.116470455124615,0.434090074674229,-0.0771325558035127,0.0617699752209646,0.0429578748976034,0.315985181575418,0.0874886438873834,0.0395374389656236,-0.0187350708478663,0.0825282035444875,-0.0873549749379755,0.148258808827442,0.0935864326037149,0.0361395154651412,-0.0520377685642176,0.0573304471996271,-0.204917822390786,-0.0761181190556677,0.017191556243125,-0.0804225692334679,-0.0534532544076686,-0.057895789362668,-0.225889416005088,-0.24531683591403,-0.102174110534062,-0.00915611804045817,-0.303228461760336,-0.201023570196268,-0.105602339445019,0.0464944737584933,-0.0307418174754133,-0.0797662936473913,0.0723499513375029,-0.166119060920377,-0.189211788446224,-0.272300554885952,-0.241827036743691,-0.0264805627131968,-0.158613999218903,-0.131913310815487,0.167587847589925,-0.0288667715845546,-0.0880361083444307,-0.0289892746091964,-0.222394996155507,-0.277844117469602,-0.125596324904092,0.02240328479981,-0.120936576517021,-0.308599474773814,-0.131581624098579,-0.110601252690303,-0.0544802931848949,-0.0605408248389021,-0.0802347407208709,-0.128191694374981
"Frontal_Mid_L",0.063498726010158,-0.140353619788135,0.651659234049461,0.511923859247215,0.114153631997424,0.220229416635483,1,0.475167312035635,0.52246871761502,0.258456887934144,0.197953841739272,0.0439763456761927,0.361197069078527,0.113361180586272,0.254534612547322,0.0821939971400866,-0.0326829271090948,-0.00463048101437902,0.0509910376093775,3.79741343316162e-05,-0.0967193901368171,-0.01913457816533,0.292999785830599,0.250078181106196,-0.0388074851285577,-0.0143952382509028,-0.0775859667215545,-0.00467709870669127,0.196229134665566,0.0975551980007321,0.227670140646133,0.332062523195361,0.180141698854598,0.203667094117174,-0.0934514240581294,-0.172175067057951,-0.358948393920174,-0.184223663055364,-0.268967035043489,-0.257633571809407,-0.147107335890568,-0.0873282365857448,-0.27586188085754,-0.199813781617632,-0.193158345406492,-0.202412458979893,-0.278768198393299,-0.289808344233452,-0.329056020834796,-0.305422622496457,-0.292099310874006,-0.325790141070212,-0.223919870360698,-0.15118612670401,-0.340268838079797,-0.376875751527504,-0.0293733219428048,-0.207364060753282,-0.0922775510860081,-0.147009830109693,0.260142494601722,0.174961008371415,0.0638840856781125,0.124522923793225,0.260889735205425,0.175522412932394,-0.125188879840753,-0.231048231074282,-0.291438569126063,-0.218358589298244,0.0415187944146489,0.132652337885722,0.243044252258902,0.225385039377473,0.0960529917982789,0.182844473626721,-0.110166012637217,-0.131142476405855,0.163733362538226,0.125357755635367,-0.0637557053117921,0.0434973791329312,-0.00330516165494894,-0.149892190657569,-0.0781145849180466,-0.0312551296131431,-0.177837913651105,-0.155873108035337,-0.101070324576891,-0.180057528699204,-0.104787263484856,-0.0224846411386549,0.13035283892608,0.18280049112372,-0.176969599969829,-0.289362775065956,-0.306358941977539,-0.24552631204512,-0.239972766112497,-0.160845288955778,0.129824355671002,0.246239807124309,-0.0976916994268206,0.0850949079620558,-0.293861121895669,-0.14322591301797,-0.034337798624451,0.11293649465034,-0.137879280721687,-0.241776319541157,-0.353975053165805,-0.251246802955263,0.0126827935356495,-0.0111337394555047,-0.136847086447013,-0.122491558844488
"Frontal_Mid_R",0.131395127304009,-0.115561239875651,-0.0764673189025204,0.670056250372563,-0.164310809040552,0.479848409164012,0.475167312035635,1,0.238729848255216,0.517008124070599,0.22914909295255,0.549466939984747,0.352134923323877,0.598407096907519,0.0822366668567784,0.275977918647868,0.0606273887318053,-0.00692683756488815,0.0301835604246446,0.185805364725373,-0.188646942087082,-0.0576028801531793,0.0312191119134079,0.248008338621892,-0.234372583912927,0.00394786038180871,-0.222884314602549,-0.00086353156081316,0.25942779926412,0.316185596970064,0.0962811866001821,0.416602972600118,-0.0250174699035918,0.289752774647264,-0.22555339045692,-0.124130103003233,-0.389765950440657,-0.313005636136015,-0.326934723142039,-0.223037546230255,-0.075612544702404,-0.133914606214482,-0.195284440336284,-0.0861445664531519,-0.207033700100166,-0.152047043604756,-0.189122005300034,-0.168851409223339,-0.220072369073897,-0.155224204055053,-0.229284050328947,-0.165022184228648,-0.143326669280944,-0.103511361337692,-0.301786731043494,-0.220162419409849,0.019891816699734,-0.0492973806872801,0.0370704530579916,0.2528843348252,0.271952836699443,0.625328826429231,0.076653804003847,0.34591103803288,-0.114116598307103,0.289214555892111,-0.205295297297114,-0.0699571317459677,-0.140616165112103,-0.11823254812013,-0.173460643225393,0.17540608882125,0.131714902141392,0.153923775529653,0.00074058335781259,0.142750415312972,-0.290022611241967,-0.166136012365864,0.0507464741906708,0.0312345817734385,0.0565212693349655,0.0807147924212769,-0.102360118556203,-0.0983592237882264,-0.188942139201048,-0.106687273339928,-0.263943611079785,-0.283955948545934,-0.19386317793523,0.0320916896508042,0.00302874152656129,-0.0950629442255748,0.121026308904658,-0.136876868075778,-0.303278196026751,-0.203066520474351,-0.359217777134212,-0.124082850080667,-0.125993256358652,-0.193422402347669,0.164922493854485,-0.0235286838045095,-0.14301972178291,-0.0922602809897366,-0.437485043079923,-0.422583906429867,-0.110945071325444,0.0857642380026326,-0.126558412307057,-0.32718887298704,-0.366958646537507,-0.123747948890027,-0.0793323456128665,-0.178474184729955,-0.24181286318021,-0.295100428901308
"Frontal_Mid_Orb_L",0.130900764924452,-0.0229699851067018,0.347810075951596,0.22272494500327,0.374420087292623,0.465982821216112,0.52246871761502,0.238729848255216,1,0.472648947897704,0.17613251745874,0.0852837276427174,0.279521044379553,0.129352077478979,0.341446069588743,0.00729466239749979,-0.0522811966014198,-0.0789000067565342,-0.0574580220206059,0.0458657359054507,-0.0376804638006336,-0.0862968412320368,0.100877921114976,0.143287786883559,-0.0210971722663029,0.137347527614806,0.0983240485872887,0.233362177421366,0.0297437078473188,-0.0271859422074227,-0.0543476440568416,0.0574182984544229,-0.0486445271788837,-0.0572349030404317,-0.105016868806929,-0.160661997163956,-0.363095972583408,-0.265438638859617,-0.216676923477015,-0.315234156545578,-0.273046642583576,-0.130555517949197,-0.0704845765428024,-0.0319728731151144,-0.0026104143324154,0.00412304885777393,-0.0323544281599282,-0.0593298880426273,-0.0721602915737946,-0.1520494239535,-0.115534795276419,-0.172759684218249,-0.132409928485339,-0.113754741894033,-0.164576988266219,-0.245335695785363,0.0551830955956171,-0.108203939688156,0.0496889986370655,-0.051676715985385,0.171713324956014,0.219284324747513,0.0109759695582967,0.016401672434695,0.199667579056744,0.108750344981028,-0.042346932293869,-0.127826744197052,0.0174658631677907,0.0968877933017572,-0.179927655741316,-0.0741651581640819,0.0321139561225254,0.0647318027563186,-0.082657306733763,0.0798250989542662,-0.238396728605073,-0.165781745650532,0.13039558087169,0.00726089118367699,-0.0569642755222922,0.0513183035286226,-0.045694409361639,-0.214369129070289,0.0724275738336871,-0.00986484397738794,-0.214296034018332,-0.231526134981644,-0.127464002363109,-0.113382495225498,-0.156639777806337,-0.0968828352956956,-0.0605056288183017,0.0455863929268947,-0.182485495303916,-0.307510675864745,-0.0378486602339674,-0.0204742174164138,-0.1492471974355,-0.0992429467936703,0.103506471265296,0.17231096228176,-0.00108639042112285,0.114177489748409,-0.211360515920386,-0.0451326139964811,0.0530258285089751,0.120318878706171,-0.208354836617641,-0.186716622124576,-0.0366411517041484,-0.0899774362794068,-0.058426129150788,0.110873636555262,0.0152920530433844,-0.0358423929036894
"Frontal_Mid_Orb_R",-0.0115096591218855,-0.131224036721094,-0.0687519467532859,0.309519976101749,-0.0611586631820458,0.748187374762049,0.258456887934144,0.517008124070599,0.472648947897704,1,0.0796098249691503,0.223305489994043,0.234531748141991,0.322421840861117,0.26009676725436,0.217231804784247,0.0081145532073996,-0.105726018687944,-0.142377463828511,0.0314339548591874,-0.209747883173295,-0.0617988800145625,0.0609021642254394,0.185023107184232,-0.0841365438812291,0.118880229980151,-0.15062600143864,0.106087745565898,0.139594725797233,0.0718665843314307,-0.0598015454820059,0.222894248448212,-0.10989373148777,0.0702646294840191,-0.0543722227898777,0.0436395270776072,-0.361337279927262,-0.121274717617721,-0.382952380467761,-0.217149623044157,-0.239712726579067,-0.0488055277805386,-0.260789061029869,-0.17235071389347,-0.169101118255885,-0.132052445480304,-0.221016810569336,-0.202767243028802,-0.158570659120817,-0.169654322227201,-0.11184538030616,-0.107614620589268,-0.164288419427667,-0.0681768979583242,-0.339081612219816,-0.231592535449398,0.0157888588294763,-0.0823294114568786,-0.0564988625803669,0.115364434901621,0.140424559180788,0.505223794192116,-0.0496375983391402,0.118270175214422,0.117780118311305,0.346219514550544,-0.0426666836193541,-0.00860071238962688,0.0690560000840083,0.0752792467846264,-0.163859009543905,0.0559207431054491,0.0117415203233652,0.079776606640447,-0.163923713260566,0.137401517872261,-0.266615626958895,-0.0343383314412909,0.0371700907731322,-0.117339910853552,0.0131884929404559,0.0310629827707567,-0.145949022154996,-0.161707028028614,0.0566574188204532,0.0482139215891414,-0.18429029984873,-0.153074381098884,-0.128901701584162,0.170221129445355,-0.0806710053047454,-0.0400947906561735,0.0254204554292755,-0.0656171793400856,-0.223079406757389,-0.223121967776774,-0.26846162690355,-0.0939428813548662,-0.204172022414549,-0.176425709447598,0.0697204020274445,0.0680906017984076,-0.0875248065089499,-0.0258589823229041,-0.288849986183441,-0.179480390664724,-0.0916355982445386,0.0407561199871888,-0.147304342599661,-0.258315819756333,-0.23294845806691,-0.13566334149243,-0.0667252703703022,-0.02763676782825,-0.056066222780891,-0.0920481024214812
"Frontal_Inf_Oper_L",0.331931219908687,0.0306806387984881,0.0487377813367895,0.00326279030373543,-0.12525021650183,-0.0274673524936332,0.197953841739272,0.22914909295255,0.17613251745874,0.0796098249691503,1,0.456967556710658,0.707938423758581,0.389524708925412,0.265999984266448,0.138643150379063,0.282220206314847,0.186313743039476,0.129207368142909,0.0496389830855106,-0.18873227261551,-0.254084875958948,-0.0224373910158842,-0.136792181783102,-0.280700625026819,-0.280141388240543,-0.155393302476988,-0.165667171572908,0.297855119190823,0.219689493999715,-0.0391324634317166,-0.0641698344797303,-0.0320643323826663,0.0291144553550375,-0.187384643063718,-0.200232153574824,-0.148580259412548,-0.0712832119936608,-0.0457462428610241,0.0228420912009139,0.00861362706133472,0.0055243571249197,-0.11607586598585,-0.0400716626042092,-0.278048817932032,-0.22061666989514,-0.12840685197588,-0.0656245635266959,-0.239915540747099,-0.134114206575372,-0.15733789493343,-0.149798760352373,-0.0342168744583169,-0.0674798925459906,-0.00981581146478861,-0.0766098658508507,0.188005623246941,0.174627952187851,0.137435409555804,0.150086372960088,0.41196377508024,0.218694110278058,0.369809855716894,0.266245792002443,-0.0737270926386256,-0.124625799355741,-0.078913841839141,-0.114965630736787,-0.0825727748834537,-0.0574456977141,-0.156291905082367,-0.00774642844088699,0.139159235323208,0.101909174360754,0.0933077152570679,0.10576473909336,0.00769043722597377,0.0944881469364125,0.118067034659513,0.139389366014188,0.212767080686613,0.0536794009143163,0.134155538445394,0.00737228119641116,0.0736199523766403,-0.107712824264869,-0.097113794725396,-0.147547839869235,0.169874506086164,-0.0475217908471039,-0.0446426192671346,-0.113733740268655,-0.192022031935998,-0.0698972194754116,-0.199298684858477,-0.129193905838362,-0.175991766722899,-0.110459692405961,-0.0903622583032269,-0.0224407707150067,0.0837457824947302,0.0720087398032308,0.00302966723401219,0.0476286935585748,-0.296333195676145,-0.190248825951368,0.0974046129582439,0.0222782784850612,-0.130561539864818,-0.0891797422002951,-0.134879595439679,-0.160749660535062,-0.037868173512135,-0.134034832622425,-0.0250889235519071,-0.189440901711291
"Frontal_Inf_Oper_R",0.259978383607645,0.109076629121748,-0.221653071424035,0.125660486004633,-0.103858421225562,0.150876285194644,0.0439763456761927,0.549466939984747,0.0852837276427174,0.223305489994043,0.456967556710658,1,0.430977584748554,0.716631255739011,0.153991607495417,0.355848057716043,0.255740281732607,0.23389100077381,0.280091082826766,0.343996937420187,-0.0685139628315861,-0.216073471551524,-0.0479768574396175,-0.0383872582014872,-0.263261822488165,-0.13526672604627,-0.0699054001400534,-0.0667741274707128,0.362137404289983,0.508637164986447,0.0568182210517942,0.112420472691164,-0.0291060524422852,0.105427269858061,-0.327761886029253,-0.262869955811021,-0.286077687637795,-0.236825029880676,-0.17706037075933,-0.0808755880306907,0.156372993228255,0.0515386584088796,-0.14521126951615,-0.00211256562287204,-0.209748550632258,-0.156897212722325,-0.0581869456875564,0.00922189987166716,-0.0661964980421988,-0.0216999418020897,-0.124400587148656,-0.0273668277731842,-0.0399187927979855,-0.0520072834358861,-0.0231239918101189,0.00803619465291272,0.191824390649493,0.289197134114067,0.132536179884808,0.342590089652349,0.244110220085052,0.438594934607077,0.287340923460593,0.529637638271305,-0.294591666995826,-0.0819280009858828,-0.257281768159674,-0.156114784907843,0.0540992961752752,0.107222106306231,-0.278440462388221,0.00440814243422246,0.165353656375239,0.276188222776084,-0.0730510304504774,0.240617304787672,-0.298263571537704,-0.0941054419942206,0.108187921398772,0.151963674878103,0.279873905027682,0.215528723076844,0.187554853219373,0.131294480961189,0.0212258478805214,-0.102640017531671,-0.132217012217611,-0.130041837315266,-0.0891114947501057,0.0101484398591106,-0.00876324217676363,-0.138484169463097,-0.150730507389981,-0.322569439777067,-0.204865609359443,-0.201243528257986,-0.21575997270967,-0.062802309470805,0.00543467600514564,-0.0853836269788758,0.116476569153179,-0.216115813676928,0.0210628881029235,-0.0742997435477042,-0.363371934809417,-0.334706100196115,-0.114321372433884,-0.0979594232660212,-0.227665212057517,-0.279606499048523,-0.36005090740231,-0.14048650889985,-0.131482051891841,-0.083643692662848,-0.0959934299265653,-0.275700341138827
"Frontal_Inf_Tri_L",0.298914956162289,0.0408821653269391,0.115886066262164,-0.00576857965515914,-0.116128462863162,0.102965072365343,0.361197069078527,0.352134923323877,0.279521044379553,0.234531748141991,0.707938423758581,0.430977584748554,1,0.486380986132308,0.551933891928228,0.282624866794759,0.269290066173889,0.19447511311257,0.0789243522634348,0.0727186802072648,-0.0747885632667666,-0.205335083767601,0.00483837691656097,-0.0509023907256445,-0.261900890520274,-0.240998133111953,-0.0971125135850587,-0.126982945560745,0.342756138550655,0.341067899425903,0.021180709400284,0.0506799702329574,0.0333749968633936,0.102126750728342,-0.19751869968094,-0.213281039224912,-0.0930807423291366,-0.131458654295779,-0.0661568607833258,0.0304963212659805,-0.0106174315862416,-0.0524857445678322,-0.260371584449507,-0.146390694615109,-0.33902848230879,-0.282459220220858,-0.193814727298039,-0.180146970481343,-0.335277778416787,-0.230454375524077,-0.21260443759207,-0.222817433100469,-0.0121127375365186,-0.0985736736884909,-0.018655700642563,-0.121399366180764,0.158876316195134,0.140905526010876,0.0601679833440615,0.0850209794480529,0.449833147053821,0.335459286741075,0.286680620561222,0.366529990927268,0.0776348562136231,-0.0555955683264448,-0.135195317251358,-0.213037063313719,-0.00785488352975792,0.0407928671722882,-0.20084988490197,-0.0023170047634836,0.079169009819181,0.185227161154396,-0.0804293642564326,0.0903713014719026,-0.120264336175013,-0.0913407053088174,0.200443753641935,0.210616946976007,0.274519207810716,0.21003254778016,0.239750078249032,0.119144147953233,0.14113847132352,-0.0582401756671734,-0.0785245563554882,-0.114741954229955,0.201295116269466,-0.0566114762337347,-0.116868721337153,-0.0565886204878959,-0.103337135965485,0.120594282417021,-0.116170353591297,-0.228049022463884,-0.10994034552418,-0.149913053431979,-0.188703776004713,-0.121031510646428,0.0790908694785013,0.171387428090199,0.0184694060379483,0.0932762362629114,-0.366138247910461,-0.170936406247781,-0.0319854887827357,0.0103656566770343,-0.117284895742202,-0.119012707168684,-0.301480010796806,-0.262059597578873,-0.0591279291167405,0.0109026450796687,-0.0304637870486243,-0.223233209493876
"Frontal_Inf_Tri_R",0.143740039152492,-0.0429627344228223,-0.127946093469014,0.255217816837092,0.0591682160135402,0.286604514198961,0.113361180586272,0.598407096907519,0.129352077478979,0.322421840861117,0.389524708925412,0.716631255739011,0.486380986132308,1,0.242392645106136,0.441298645714327,0.0576348379692012,-0.0350408986375089,0.0994527374922994,0.19590147819176,-0.000210103666000553,-0.0895154038070283,0.117502031574646,0.261777965591602,-0.0944300796039684,0.0268485661197035,0.0403693664049076,0.0386395473436532,0.139791028473414,0.318235827610715,0.0204708176900996,0.180930979416662,-0.103591645420454,0.08979108986631,-0.221008514026927,-0.116103190299481,-0.337735878625944,-0.236567996064629,-0.234606436649875,-0.0552129912743973,-0.000549910031799928,-0.0380707266893259,-0.216381658695445,-0.0514329116994391,-0.29888088099328,-0.240546753957707,-0.215566269554555,-0.0944714135831651,-0.218335346604706,-0.0886110423840825,-0.106738183484718,0.0301436880933098,-0.0481892193614525,0.00653496109080364,-0.0918723610059726,-0.0464140532853451,-0.0701481176539468,0.0321861883680279,0.112000139778103,0.338374646193755,0.178019047865288,0.484758853277904,0.104586659828031,0.363128202194652,-0.0626310612542185,0.190860196379408,-0.0937907808914266,-0.0113514835496952,-0.0336050817977212,0.0544304805927526,-0.22580981724838,0.129030405305359,0.0710745234971384,0.158256972523429,-0.0767665888719253,0.100817691200978,-0.210082353751443,0.0170440115503306,0.0131786318907789,0.10761698397981,0.133799053251605,0.161839163704382,0.0949540936081794,0.0137936039762595,0.117214226337193,0.1481661636337,-0.00356992402106845,0.0291756584875328,0.000367912769752032,0.032456220046425,-0.106470034491855,-0.189892778406244,0.0133021952818525,-0.132230454203179,-0.265836639231381,-0.257077405838289,-0.325745340686957,-0.0941709671420811,-0.20375941226268,-0.210190630460744,0.108734532023825,-0.0998953656058396,-0.0442257188848655,-0.0845073511944747,-0.290755105873413,-0.286268721144834,-0.188030081700462,-0.06830357632463,-0.188341334945473,-0.334670340325264,-0.342424492501311,-0.230946735088453,-0.148615728516927,-0.0731716541260575,-0.118216323359199,-0.361914867432839
"Frontal_Inf_Orb_L",0.0470750244119119,-0.0842543012709641,0.285796704993033,-0.0409835549910301,0.128240631202538,0.105616676674811,0.254534612547322,0.0822366668567784,0.341446069588743,0.26009676725436,0.265999984266448,0.153991607495417,0.551933891928228,0.242392645106136,1,0.536984557288977,0.266235338183221,0.12183160098765,0.110707860987515,-0.0148472030830338,0.0263505828355941,-0.0760259560482096,0.377212043144246,0.228865897342494,0.0709116325298576,0.064171398845927,0.0688766281520439,0.0122605553695817,0.301717057769718,0.257676457143957,0.227025520085352,0.130628128247561,0.0501085935966466,-0.0357451773773338,0.0180925549371932,-0.048412764776398,0.00994884210869643,-0.0594533538140122,0.142978521192475,0.119696301287977,0.168609757519165,0.0765689323391942,-0.191890448321019,-0.17656970521008,-0.234515874700319,-0.234831083747257,-0.147052294620537,-0.140902709556624,-0.291328192412683,-0.334484787405461,-0.315829921087802,-0.295806460021474,-0.0317517150940912,-0.153842124283342,-0.0245356526568695,-0.106446209094809,0.0720182677507048,-0.0239594197589901,-0.183875190535383,-0.226618913190015,0.0196055391063437,-0.0333700415241194,0.148817154857381,0.114711548898641,0.17027688887032,-0.0843049076327821,-0.184997797889598,-0.300311690360742,-0.0351000912457208,-0.0317248683781576,-0.0803296339859141,-0.0607068453846296,0.174093859029395,0.274265112611324,0.0309416613936636,0.224383616680873,-0.0493747919283482,-0.0410165950074974,0.335669157012468,0.253603811344887,0.254821743618064,0.16676000912773,0.562325952222132,0.21686435180024,0.341708325175512,0.0876264361688639,0.223080832155776,0.132552637482376,0.147012625833589,-0.130812607896783,-0.271001848649455,-0.154156550344771,-0.173524447025271,0.159513338614013,0.0170223257490673,-0.176164847635905,-0.0441817323745117,-0.176858020532486,-0.248788412915771,-0.168781642162357,-0.0838073048876542,0.164612356938225,-0.0463702778130662,0.0367565716121643,-0.293130516351878,-0.111388711350252,-0.0666794980651707,-0.0948787177613309,-0.0810729860690053,-0.16415475290482,-0.204108861562681,-0.286421778322974,-0.236638677766046,0.0191601663157938,0.002020082527497,-0.0476339737938296
"Frontal_Inf_Orb_R",0.0854975831182051,-0.007568529330771,0.071405505656238,0.190683805765063,0.0892739200592986,0.152392597576818,0.0821939971400866,0.275977918647868,0.00729466239749979,0.217231804784247,0.138643150379063,0.355848057716043,0.282624866794759,0.441298645714327,0.536984557288977,1,0.274006836808789,0.177949966374947,0.103576906626104,0.231771964362295,-0.0245721565079159,0.044345332121757,0.34733690437536,0.403840071865489,0.0472549863671387,0.0834803152855991,0.0443933179095687,0.0339589704335315,0.384130085267281,0.473620983779397,0.248181497390878,0.330362161940843,0.0931098909810381,0.134104555751951,-0.228068573522164,-0.171792216020293,-0.101102876690281,-0.0867979095622594,0.0236101473663726,0.135526830218041,0.243538281599207,0.247630587054824,-0.129286832420361,-0.0483251051446086,-0.248166852338734,-0.173891351300937,-0.0904248724557174,-0.084129295913287,-0.182329128191183,-0.271438568508947,-0.288702724909799,-0.197142877967871,-0.126306450521377,-0.188002333261404,-0.0510256752000357,-0.0229088709308719,0.143492679548893,0.0459866660875178,-0.231295365417165,-0.172036727751771,-0.0409294508433424,0.107705682177845,0.264701390295036,0.362885289447586,-0.0938323031909406,-0.0251896684578275,-0.316939817930249,-0.314038443495076,-0.0221317348738738,0.0679711435710853,-0.171834025658173,0.120644954263504,0.323019904243968,0.428795534324421,0.0561631030278848,0.331498848259055,-0.159556272383178,0.0417453242735408,0.328779293240731,0.207367680560126,0.325281466615784,0.236043929182629,0.567464808857765,0.462101667300265,0.240453562201627,0.122106219797256,0.301457905830057,0.278409229420427,-0.0769742591894347,-0.137000100753448,-0.257836074120749,-0.379524680302192,-0.29473824141774,-0.240740646473856,-0.161541023270403,-0.178054817563933,-0.205791936930361,-0.109502655191365,-0.163833566518721,-0.265622871789694,-0.173955952797108,-0.232770965224833,-0.160565546304519,-0.214712035647245,-0.425618734847537,-0.435780450135243,-0.331294096742406,-0.349353168382558,-0.175978663964741,-0.26770082126817,-0.287741397624518,-0.245717719750651,-0.326115737078374,-0.0708053474653259,-0.064150737192073,-0.182123970066821
"Rolandic_Oper_L",0.270535834339085,0.353048703582927,-0.0303700335503388,-0.0988360241707879,-0.246553168675777,-0.113555704255674,-0.0326829271090948,0.0606273887318053,-0.0522811966014198,0.0081145532073996,0.282220206314847,0.255740281732607,0.269290066173889,0.0576348379692012,0.266235338183221,0.274006836808789,1,0.826873953678342,0.508040217829894,0.460884867563065,-0.256296518209697,-0.156732572787068,-0.0467641839811314,-0.127588807429784,-0.266396679718381,-0.233126852143695,-0.279103243235318,-0.156160240233299,0.765891903880414,0.696732298919219,0.146097066716944,0.0562953119434047,0.321068460226817,0.310421010700596,-0.299779205537474,-0.311091070182312,0.0637119551283039,0.060787479403479,0.0360194086788586,0.102900376543815,0.404017342618589,0.241487855559639,-0.162554473012737,-0.0738927555496977,-0.306500050459574,-0.248650493669482,-0.0626240635178048,-0.0725033726105358,-0.323347490366315,-0.334414152145144,-0.523958671826589,-0.368989369274064,-0.219582280871567,-0.133154596100758,-0.168024959770242,-0.228563951118788,0.566028286092568,0.317751291386614,-0.353978175580317,-0.205323607677753,-0.115638298647464,0.00348748800751751,0.619623792794807,0.332058212191932,-0.358359981713494,-0.293607930300582,-0.488080799345881,-0.410405566856143,0.0161732054823031,0.0981248464216616,-0.244966170581111,-0.119718965253694,0.369868156929368,0.620026363464061,0.06540275358567,0.451695244303239,-0.0244839733284897,0.0754307489238897,0.767919891705206,0.577806059346733,0.817923920566895,0.509406670683232,0.464880108992738,0.476381994999858,0.203564974905641,0.00660075664422057,0.0976135726227322,0.0427716449284942,-0.0433551434662235,-0.212850446030589,-0.282632222287681,-0.204531468488302,-0.340923315455508,-0.137425863955132,-0.0997453960866747,-0.0976683321599962,-0.14245554482471,-0.100951038972528,-0.0954521792591507,-0.099461188826907,-0.1179697695095,-0.0618215053706157,-0.00154783365028644,0.0596116657500249,-0.370912485505804,-0.403106671243246,-0.0590567402879334,-0.292863077643606,0.053776107186367,-0.038695023714972,-0.175376241769201,-0.121387155224017,-0.280522137031719,-0.0528968822442997,-0.119791606273817,-0.0897500445066126
