"","Precentral_L","Precentral_R","Frontal_Sup_L","Frontal_Sup_R","Frontal_Sup_Orb_L","Frontal_Sup_Orb_R","Frontal_Mid_L","Frontal_Mid_R","Frontal_Mid_Orb_L","Frontal_Mid_Orb_R","Frontal_Inf_Oper_L","Frontal_Inf_Oper_R","Frontal_Inf_Tri_L","Frontal_Inf_Tri_R","Frontal_Inf_Orb_L","Frontal_Inf_Orb_R","Rolandic_Oper_L","Rolandic_Oper_R","Supp_Motor_Area_L","Supp_Motor_Area_R","Olfactory_L","Olfactory_R","Frontal_Sup_Medial_L","Frontal_Sup_Medial_R","Frontal_Med_Orb_L","Frontal_Med_Orb_R","Rectus_L","Rectus_R","Insula_L","Insula_R","Cingulum_Ant_L","Cingulum_Ant_R","Cingulum_Mid_L","Cingulum_Mid_R","Cingulum_Post_L","Cingulum_Post_R","Hippocampus_L","Hippocampus_R","ParaHippocampal_L","ParaHippocampal_R","Amygdala_L","Amygdala_R","Calcarine_L","Calcarine_R","Cuneus_L","Cuneus_R","Lingual_L","Lingual_R","Occipital_Sup_L","Occipital_Sup_R","Occipital_Mid_L","Occipital_Mid_R","Occipital_Inf_L","Occipital_Inf_R","Fusiform_L","Fusiform_R","Postcentral_L","Postcentral_R","Parietal_Sup_L","Parietal_Sup_R","Parietal_Inf_L","Parietal_Inf_R","SupraMarginal_L","SupraMarginal_R","Angular_L","Angular_R","Precuneus_L","Precuneus_R","Paracentral_Lobule_L","Paracentral_Lobule_R","Caudate_L","Caudate_R","Putamen_L","Putamen_R","Pallidum_L","Pallidum_R","Thalamus_L","Thalamus_R","Heschl_L","Heschl_R","Temporal_Sup_L","Temporal_Sup_R","Temporal_Pole_Sup_L","Temporal_Pole_Sup_R","Temporal_Mid_L","Temporal_Mid_R","Temporal_Pole_Mid_L","Temporal_Pole_Mid_R","Temporal_Inf_L","Temporal_Inf_R","Cerebelum_Crus1_L","Cerebelum_Crus1_R","Cerebelum_Crus2_L","Cerebelum_Crus2_R","Cerebelum_3_L","Cerebelum_3_R","Cerebelum_4_5_L","Cerebelum_4_5_R","Cerebelum_6_L","Cerebelum_6_R","Cerebelum_7b_L","Cerebelum_7b_R","Cerebelum_8_L","Cerebelum_8_R","Cerebelum_9_L","Cerebelum_9_R","Cerebelum_10_L","Cerebelum_10_R","Vermis_1_2","Vermis_3","Vermis_4_5","Vermis_6","Vermis_7","Vermis_8","Vermis_9","Vermis_10"
"Precentral_L",1,0.511413693133632,-0.00397806875161676,-0.0693629742234489,-0.247269247531505,-0.141130288398851,-0.0528084581253864,-0.0581674886115976,-0.209024804503297,-0.203727608248886,0.461181066933032,0.2484069948275,0.212973064466049,0.0930771349453295,-0.0598416709129097,-0.0347547030025502,0.31876518089577,0.252295325524966,0.325288773232901,0.283266606401652,-0.196333987215936,-0.0666709753585018,-0.102161526759046,-0.213855604343634,-0.237844026200356,-0.232368706509819,-0.118349099425878,-0.108378698796356,0.130853891686155,0.121277691213623,-0.156967640799433,-0.0774494506824207,0.0481593437209687,0.0163886375333091,-0.146128854251926,-0.114260255265396,-0.105012017478673,-0.201909563646486,-0.148283898652984,-0.258604335470711,0.149756564400855,0.00825901147486979,-0.0890761289687104,-0.112285455871155,-0.00701354266189483,-0.0991607364810588,-0.129634242014456,-0.155241907310729,-0.133565641868569,-0.17822946448669,-0.032192748023268,-0.265764284240397,0.0231532706045111,-0.0154823933330272,-0.190504004027593,-0.137429045616338,0.68719537965941,0.412471755627466,0.281644490039638,-0.0190529766336127,0.28431388707072,-0.136926228141817,0.275558469282482,0.0350975865842989,-0.0201482469980556,-0.191539175366695,-0.0337978260822459,-0.135007704361684,0.47633576756874,0.301752309820799,-0.202557321334327,-0.165074000819333,0.163909469903857,0.071597191639189,0.0124147758191686,0.0369336174024736,0.0710640979331436,-0.053343460964015,0.391429904456516,0.100695395630912,0.257002789377636,0.169275142499495,-0.0132874488841947,-0.0305858177898797,0.0677590431945288,-0.0618715049038943,-0.0826552770982118,-0.0811690870976813,0.0685281857345291,-0.023046316277953,-0.219040322838701,-0.0792451339675269,-0.343902183396049,-0.208960499933852,0.0236014846859759,-0.121710267012891,0.123233897807599,0.0472622291571158,-0.0734653822187082,0.0383526138901406,-0.201723275597659,-0.155986511766796,0.0837249528690767,0.16440104244288,-0.0887667134089592,-0.0455005851439327,-0.0257237311330018,-0.00919873833940918,0.114997458524247,0.104152129968102,0.0632447160330315,0.0604937590445717,-0.0243779105516142,0.157758804447776,0.0661268047473765,0.00119615616542382
"Precentral_R",0.511413693133632,1,-0.172684947983724,0.00666593132145971,-0.262737043912302,-0.230811608269084,-0.321374313707133,0.00130082815349689,-0.214369472574871,-0.275525746655379,0.0754960289064977,0.179256762479342,-0.0910034206516062,-0.0331486876605292,-0.197764506978529,-0.136503806522141,0.337632210259623,0.512104883077233,0.453565088696139,0.523687920757799,-0.186762699892184,-0.128043100633876,-0.233936264335472,-0.247131110564814,-0.312731816789086,-0.288831766310057,-0.27918991361543,-0.216525101794818,0.19260415563451,0.140183672850766,-0.131685651170856,-0.0408113217780172,0.109536773824858,0.125418259679849,-0.277821923794687,-0.220483040899167,-0.104991416502684,-0.064514794313679,-0.162780191902572,-0.217491050104056,0.15919378803698,0.0399419405642788,-0.0111076272153316,-0.00659172061668897,-0.110880295493219,-0.0529938000080135,-0.0326022762573318,-0.00862646197324227,-0.0366359714881843,-0.035708364570254,-0.0356530829797551,-0.217257714376913,0.139723908044543,0.0723497275202882,-0.0976246213484802,0.0357112217974687,0.578443159988101,0.601112487869338,-0.0111468411972288,-0.0189994523610261,-0.0907004858950364,-0.168900213597786,0.20517540476041,0.0489795093397091,-0.251612369835866,-0.275979344438581,-0.271295032298088,-0.255101258383482,0.439181332629045,0.354168811113323,-0.128475254969765,-0.0947367859333966,0.190765801714158,0.327937816903744,-0.0541674909843195,0.251041071117557,0.0718887727530411,0.2484522652832,0.384352722248278,0.252205814803913,0.292728709750358,0.181165746219578,-0.125581071303511,0.00661630457306502,-0.165575606248202,-0.183987876882727,-0.161188703148025,-0.174315322599852,-0.110487616241975,-0.043943868497861,-0.0159747852221952,-0.0898272743699191,-0.255731959300775,-0.163061851808627,-0.0964160269909765,-0.0165648445611826,0.0866405795242852,-0.0609850487916284,0.193141866502098,0.0892970895123415,-0.0613706888041984,-0.147419670376036,0.214997882686758,0.0574600073596234,0.00451711551827208,-0.157362262846992,0.207399946614794,-0.16632077107176,0.0490891535839796,0.108958548893094,0.0493261093214304,0.233889351634018,0.0939677791684244,0.173319915832915,-0.0340536417411979,-0.00371710909132289
"Frontal_Sup_L",-0.00397806875161676,-0.172684947983724,1,0.271446414809576,0.577879924948395,-0.0768885286966502,0.733485327402873,-0.263332876476171,0.141713866414912,-0.189054069700821,0.0310361855962349,-0.441567922852815,0.238475452278642,-0.251953202651749,0.264472071711591,-0.0549318605711999,-0.304252953304562,-0.320411157168241,0.0579609458368322,0.0376140886684095,0.133752494796386,0.09274293936249,0.754444118856094,0.472414184476072,0.545687734243305,0.390978710551636,0.469503060736226,0.339916853921487,-0.24509112482628,-0.320603652372551,0.318259410748805,0.211891952704414,0.233246610560576,0.0415231106362343,0.424853045754101,0.213910184220942,-0.0330839933166184,-0.14122830922138,-0.0149295045707579,-0.091472052467098,-0.0847159278697125,-0.229589568422021,-0.0329467568018173,-0.153927722214819,-0.0276313666361456,-0.160393672891356,-0.0625787925388962,-0.134127117303078,-0.162876152391418,-0.193001232297223,-0.140469833715551,-0.0890483823959295,-0.24196982724462,0.0143970556467179,-0.0459831617345636,-0.0819523146008922,-0.148905352228866,-0.361251700433172,-0.173145531003621,-0.395283990591324,-0.161165712756973,-0.31460573079872,-0.295577758301286,-0.37271019782635,0.583927711618906,0.13180776031842,0.235165350740735,-0.0203569967524383,0.0573096170195609,-0.0130960189528971,0.127885187489986,-0.0187576243153398,0.0135138110251988,-0.25059001758989,0.179504624241166,-0.105809710687355,0.0224700955030044,-0.215206970643393,-0.0823617873110756,-0.0473538926854805,-0.282736552833214,0.0741643078048617,0.188247884822257,-0.21736665373198,0.473330889399245,0.283474260951296,0.338797477093096,0.238333903406144,0.0936142377879174,-0.0372902985764372,-0.181565963165021,0.253450896942218,0.025685452475377,0.409853480392055,0.0405062771113095,-0.114454847694765,-0.119800568965487,-0.058813953724239,-0.366388293931923,-0.012402710784404,-0.269742886040358,0.268061021557563,-0.249238473687248,0.0032961462747305,-0.0772529265392245,0.182306837997495,-0.353075188239212,-0.177315966740792,0.00579936801110591,-0.166750306448137,-0.000980642205651161,-0.211450217041507,-0.124922207355628,-0.148391569756544,0.0479243190836374,-0.146404944530183
"Frontal_Sup_R",-0.0693629742234489,0.00666593132145971,0.271446414809576,1,0.235061278890584,0.386824807715628,0.281352410151779,0.628543572093922,0.208028769759883,0.288366077930524,-0.13150681672173,0.0226276813793854,-0.0930072273366472,0.0439310608178217,-0.069366615619474,0.186132579796225,-0.00306801574410781,-0.0491036297196372,-0.0670644802657246,0.131287118603057,-0.0965976502371688,-0.039593170530867,0.28142121722972,0.591641829345152,0.26859994022629,0.472469934795255,0.0924973367132872,0.215368005519747,0.0507516461943232,-0.0133509614307127,0.208387747675907,0.376460778051718,0.113659977857495,0.200616524961654,0.00969485291287408,0.0202018364838803,-0.216047590291618,-0.106197279186134,-0.209120013055762,-0.13669934241517,-0.169817733858291,-0.134503687471405,-0.0317908585022411,-0.0543969621570235,-0.0592865828606103,-0.111147524727086,-0.0057810219742554,-0.114292503768681,-0.187719174103123,-0.158054540992578,-0.239282793469009,-0.279964660586326,-0.289568947551858,-0.205984482320831,-0.0832493213149482,-0.260737178324569,-0.0752908755841677,-0.0801084798785278,-0.363233034671268,-0.112679779604258,-0.204613302207634,0.179273823174763,-0.0385053515582151,0.0975467810154891,0.0695370008325885,0.423744280528161,-0.159477479099373,-0.154787564418685,-0.200646673883739,-0.262800763233479,-0.0283432378938104,0.0921721395726159,0.119361726736615,0.0260739507604976,0.184765409725449,0.0592618590600238,-0.0540026297664272,0.105049899024241,-0.045346633538581,-0.0432986522962418,-0.0787114567076923,0.0601480290793674,-0.0931368314558619,-0.137179424094851,0.023976260645152,0.339531662261657,-0.00593329817302145,0.0939134339910525,-0.142088049132138,0.058894444599837,-0.00554988573008887,-0.278985878704103,0.136110321987937,-0.197844712194755,-0.0952205817773177,-0.217019956689043,-0.148659444610599,-0.119480261663939,-0.00508387627694587,-0.235217774208972,0.125119783341517,-0.0920829136939334,-0.0895454048272334,-0.111470307428586,-0.136458670685219,-0.0651131467543229,-0.281060143974324,-0.219190805362529,-0.0118778238738761,-0.175101451178453,-0.0964454628966028,-0.139065924357751,-0.162421321020872,0.106611207535288,0.0863303019339935,-0.208205495378933
"Frontal_Sup_Orb_L",-0.247269247531505,-0.262737043912302,0.577879924948395,0.235061278890584,1,0.272471808452342,0.526348848673724,-0.0119007236567157,0.580651590973469,0.14746626697988,-0.179368708196916,-0.329141041780143,0.09194064576037,-0.108658279920174,0.200280832304809,-0.0331473681273464,-0.286216354720268,-0.257775868954313,-0.12575860392547,-0.133832388805414,0.450660355962175,0.217717433040304,0.512750018999956,0.346370798042361,0.764083625438495,0.618550242432934,0.807370352061692,0.627532175029738,-0.287303160639928,-0.270982851613772,0.396717731205324,0.163678070132224,0.13942009110638,-0.0376837158255995,0.332236647519405,0.186621264300205,0.00691611964997943,-0.094576280169844,0.236223404448573,0.0980887744780329,-0.0546485799017236,-0.12528821209155,-0.0603069392810513,-0.125965410296442,-0.133304659123727,-0.162826220614461,-0.0526396648738476,-0.134492166940763,-0.231843672236018,-0.173899931553773,-0.111201601998382,0.0539535571971177,-0.289596695411195,0.0657412380640277,0.0451213701546355,-0.00321604420523951,-0.188658887480892,-0.340724936794641,-0.128293391932096,-0.182197108034397,-0.1197643176247,-0.0992156802816256,-0.183201493798397,-0.202193453404368,0.421599445399743,0.216307233863596,0.161206414395457,0.0267111884731199,-0.0795794978664301,-0.106662050841257,0.219671033232147,-0.00156614259969246,0.0406173713472725,-0.275819262239438,0.147492980224485,-0.11902353116824,-0.0851410941855657,-0.221668500064096,-0.191613312548078,-0.0438172912932063,-0.191989088300145,-0.0142455531505423,0.158352439348712,-0.0534591157354615,0.31882479464645,0.244189371946931,0.17931642287472,0.198052562038184,0.151544721111705,0.066406428969477,-0.119694989093202,0.101661993365801,0.123906238383823,0.320157653105669,0.165770948094891,0.00352202263030976,-0.0237119240934156,0.031256514061837,-0.307337699858744,-0.135075212770021,-0.128018769002673,0.320910203911206,-0.207032997898161,-0.00318127383525972,0.0417340235454051,0.206359904845534,-0.296117933663744,-0.0579812803657505,0.0575232717225135,-0.0592944111189274,-0.0575892234111975,-0.270841221632178,-0.0893225284839277,-0.150362241174706,0.0759837686474219,-0.0939099337505816
"Frontal_Sup_Orb_R",-0.141130288398851,-0.230811608269084,-0.0768885286966502,0.386824807715628,0.272471808452342,1,-0.0223978293346949,0.525017021025711,0.374733911053024,0.717648717632915,-0.0419949122309234,0.188393721208388,0.134995165192727,0.438923102885751,0.153601895696747,0.481793159201478,-0.0023134252876133,-0.0705791650464972,-0.11559748496332,-0.0409375880957144,0.0617549474154491,0.112310876155942,0.147217039497439,0.313943301831648,0.17872349721882,0.320694691077989,0.230815354232339,0.424744103143099,0.0664130164430259,0.188964110106685,0.140528469070971,0.163480541091369,-0.204698341488361,-0.0264692024696033,-0.126804744595864,-0.0800115238300495,-0.113185717086187,-0.121705760295153,0.0631583943364221,0.142603048605248,0.0155524703362759,-0.00182869762788817,-0.0649842559179173,-0.0071217931157013,-0.0727739745891425,-0.0261913314462878,0.0222479434251466,-0.0342339679726272,-0.0854544271186312,-0.0240739910798828,-0.0651819149362213,0.0138298041071132,-0.166680838905282,-0.0159217059222042,0.132356715485476,0.0315489541912319,-0.181702557303177,-0.224638369595256,-0.209729300331718,0.0121421232544767,0.0813369110859086,0.31797759924507,-0.0808833815711506,0.127294935459367,0.0156648095372908,0.278225951382538,-0.269911286107303,-0.195513380819509,-0.207372086568737,-0.182917781346523,-0.0787654998329479,-0.0582154120512062,0.11263981509906,0.0708593573561649,0.0814362849709815,-0.0875075890703545,-0.156886355263537,-0.101265368589252,-0.111600905834717,-0.0636300164248362,-0.0185431034853033,-0.00696713812636387,0.0534948667429607,0.20385060470813,-0.0575626165121999,0.135124794259698,-0.000121431584740337,0.0687274298087372,0.0693457910683177,0.0898687278879912,-0.0869140472132259,-0.286796803528174,0.133651786311944,-0.173534596025805,-0.0141028864162271,-0.108269262025816,-0.124794568831751,0.0373194278838779,-0.156226684343348,-0.266116889196958,0.0450829310898352,-0.0731233938511016,-0.207465712615456,-0.241717631908681,-0.128067392796554,-0.081715557197744,-0.151001593183635,-0.122369861729595,-0.0736922554796302,-0.196938961163798,-0.209714618023044,-0.31513269364321,-0.134343534604703,-0.09190907027269,0.0365591462135701,-0.132374902364633
"Frontal_Mid_L",-0.0528084581253864,-0.321374313707133,0.733485327402873,0.281352410151779,0.526348848673724,-0.0223978293346949,1,-0.0595961152481997,0.306051787137657,-0.107240066889065,0.0226111977833839,-0.377124376987991,0.244397679611268,-0.200844883142163,0.237147070320198,-0.0783952186009135,-0.297858877994875,-0.346652323998163,-0.157003077734769,-0.129966002661832,0.209780012714149,0.0356168864962662,0.593411377306939,0.339981990206654,0.474912691609398,0.386323590265806,0.418730447314715,0.365050647355811,-0.182528930861519,-0.290885577403532,0.325560201054092,0.200445870547748,0.274262740687273,0.0125378184260732,0.382546004368346,0.231402435124453,-0.0393419633561767,-0.112094833918999,-0.0136533763859886,-0.0802388128845294,-0.0481063938631859,-0.280062779134088,-0.0311975738144191,-0.163325365613524,-0.0443130224097913,-0.173739041153404,-0.106486185359812,-0.173741869202883,-0.18365648953179,-0.231867832415084,-0.164451764066641,-0.137002531237805,-0.35322848170124,-0.146041810088119,-0.0846684053512424,-0.200724851088714,-0.24576749376081,-0.401826584590398,-0.0314876039769884,-0.303842134027075,0.0515929631632552,-0.238836347845381,-0.193300764877768,-0.199576730385362,0.489997367001643,0.164421131599671,0.327761985869536,0.0868259710981424,-0.0750199332812573,-0.106815111378651,0.201716116925382,-0.0180240559422427,0.000770843951267367,-0.317186552531397,0.205457595403534,-0.16857011817068,0.0244568587198865,-0.235859933546044,-0.135892003464847,-0.0614218911910747,-0.300148459001134,-0.04770550324908,0.0551210431594037,-0.198673636249817,0.254999088114126,0.142292684794149,0.119959983070179,0.0726271743375594,0.0320675541623155,-0.133834842369967,-0.129545046819158,0.235071050225845,0.0474990493175106,0.320369226108315,0.139537644308138,-0.00237689768180292,-0.118415578636389,-0.0585822780541605,-0.311252541916076,-0.098760762321017,-0.217531100385501,0.222496737491033,-0.220207964345599,0.00788314763287246,0.0372188917625781,0.221267505650739,-0.22638362241109,-0.0972018168578085,0.0802422972367923,-0.117706369516137,-0.0887177982695597,-0.206105668974961,-0.104322275916857,-0.215354921251018,-0.0133121649072434,-0.0986220542921406
"Frontal_Mid_R",-0.0581674886115976,0.00130082815349689,-0.263332876476171,0.628543572093922,-0.0119007236567157,0.525017021025711,-0.0595961152481997,1,0.211574106134469,0.582199372207435,0.0283740956115372,0.425967498458737,0.0991048500738917,0.444864493854486,0.0226459373716039,0.433157912496859,0.0913514042879504,0.0335301575710987,-0.177762268926832,0.0983713916874114,-0.113644801506389,-0.00716185096533262,0.00641133841126121,0.302171743914328,0.00432789087712794,0.271858819318912,-0.0444928473071868,0.0744653416131183,0.183006010524155,0.242714467614683,0.13269410927495,0.351153621776581,-0.0916983640706672,0.098626394906723,-0.22632844732772,-0.161967732913511,-0.163654101771151,-0.140117676211629,-0.139119020077744,-0.0355436811614945,0.0156036112142327,0.0359459042540293,-0.148177810127086,-0.0612842999041091,-0.144818685097147,-0.0975740654331208,-0.0400898462440878,-0.102759595425506,-0.176046594479267,0.00168127958423675,-0.136745594187638,-0.0497761853630999,-0.0768413401985041,-0.00801657862541992,-0.0259195599832619,-0.108920270484352,-0.120584521086896,0.0550319191895442,-0.182974760102813,0.24608383643765,0.123042995434782,0.541681593370156,0.0637494362579568,0.243789357617545,-0.129437831851002,0.395318622860604,-0.359567158761796,-0.237554998467564,-0.20903976685954,-0.227872897403321,-0.212069433718114,-0.0146904510645507,0.143512942817628,0.229998739381177,0.140961150573458,0.1373177717946,-0.227351516787147,0.0528294914236496,-0.0304208098508766,-0.0633423379388762,-0.0223074652729611,-0.0671691488130087,-0.0896287115356901,0.0661347310748994,-0.133674513148741,0.21014577453111,-0.0771687541832382,-0.0262109325281818,-0.0525629825273006,0.181535789830173,0.0553210895830422,-0.352130598327681,0.136014329629428,-0.344922844012293,-0.11508530382041,-0.198873742114189,-0.0801475699780779,-0.0505711974112365,0.076324541122231,-0.296944315546934,0.212858519166234,-0.245170581773843,-0.0943468403720953,-0.274222385854315,-0.0760240132280194,-0.208378460532801,-0.0730484853357258,-0.27471660932818,0.0329310744083767,-0.10119464691877,-0.239982819911199,-0.189591143595157,-0.109982753941687,0.148109529993695,0.0952848721881477,-0.0762688844345981
"Frontal_Mid_Orb_L",-0.209024804503297,-0.214369472574871,0.141713866414912,0.208028769759883,0.580651590973469,0.374733911053024,0.306051787137657,0.211574106134469,1,0.398215426923258,-0.0918320129298593,0.038805436702592,0.0814571521073917,0.0535333231414307,0.26105987833503,0.0256431123533132,-0.0614847253898899,-0.160899412631979,-0.174802705587899,-0.202388173381351,0.195414006630658,-0.0811882418009584,0.190560859238453,0.182794218141074,0.356176757682372,0.378862558872673,0.319628375193995,0.363423701676016,0.0386915502260869,0.0205368330106336,0.106722914194258,-0.035173346665343,-0.0360509895379561,-0.10607721142024,-0.0702824902656321,-0.145841054612742,-0.0462215688280467,-0.260532391907739,0.0982740694378533,-0.0698247861382634,-0.0405219800739062,-0.203790554958462,0.113636895917758,0.16282987169017,0.0141310042163269,0.0958503999499079,0.180459298977225,0.0889894319542453,-0.0790192835429731,0.0233336903379763,0.0273048503384167,0.165542777368745,-0.190631480793036,0.0800484943639929,0.0579090940895903,-0.0165124318198712,-0.115337512821778,-0.211799025455882,-0.0328125468726246,0.0273430336295872,0.0792613530512327,0.186380295800082,0.0200894849439373,0.113445917951701,0.171990962086723,0.210702677730932,-0.0237779013960457,-0.0470779390927898,-0.201441278996795,-0.315601490165649,0.0308610126630365,-0.124242854040119,0.0792328818960007,-0.136862859233488,0.0376395310316134,-0.0888234731157923,-0.217756972852424,-0.204394515257307,-0.078599585578071,-0.018772970945405,-0.111670098157069,-0.156591934657272,0.0514144804616669,-0.0516877968961018,0.0447377104648593,0.0470456982589625,-0.150075344884513,-0.13565892558748,-0.00416026895105685,0.0464804372901219,-0.0828574817960615,-0.117299491794317,-0.0592051300964187,-0.0526466864486477,4.52154315510862e-05,0.0229289315499753,0.00314267246720606,0.0839659355141003,-0.0724753468076515,-0.097333886058388,-0.065683533341833,0.00591658564093693,-0.159149413003367,-0.0929192566933611,-0.0865284883564523,-0.0907055109308367,-0.210617636687005,0.047219280419466,0.0111623531963535,-0.107910279478021,-0.197248673007992,-0.164283847184596,-0.13465263168045,-0.0420021728626973,0.0891061047527192,-0.0962870610558588
"Frontal_Mid_Orb_R",-0.203727608248886,-0.275525746655379,-0.189054069700821,0.288366077930524,0.14746626697988,0.717648717632915,-0.107240066889065,0.582199372207435,0.398215426923258,1,0.0311457698567308,0.248986855440862,0.184959565567412,0.415406727880725,0.366537591396148,0.554298174618441,-0.071185330288601,-0.150077544983322,-0.196277845957505,-0.0365634459959407,-0.10412362978008,-0.0605997368833251,0.068015840287036,0.219639228319104,0.0768605762256776,0.191861802940297,0.0630387171585435,0.0979375949000719,0.078924220870294,0.17061038823372,0.00833225658927357,0.081331184333192,-0.216935366879264,-0.122237992654403,-0.178536704133393,-0.196307952516418,0.022107823107694,-0.116368816177516,0.10365620849109,0.133573267357108,0.000588210573370281,0.105589619413058,-0.0298330237355988,0.0715393096343389,-0.0968409053503557,-0.0607488431931007,0.0924673564629484,-0.0172612645552095,-0.062024516609017,0.0231338416801162,0.00278640098082203,0.0776478893140129,-0.0654350378393734,0.0411307241066041,0.128027069217061,0.0106879359277782,-0.304153081576095,-0.205226786032475,-0.206709087214861,0.112428340090025,0.0931471773863608,0.510538020888989,-0.104067438113453,0.0602422690124279,0.0179027261392502,0.327319255471741,-0.318672655056478,-0.293198169607343,-0.208961968660229,-0.172114741671388,-0.173184854037851,-0.0889517076455404,0.12646310853684,0.121740118586308,0.0598947438568191,-0.0131832708638177,-0.240504040310895,-0.0641013476127857,-0.195019201013209,-0.119903018473713,-0.145417222794498,-0.197645476558048,0.077681920339221,0.0876270922504564,-0.0213465602828109,0.120415734410113,-0.0012949218492028,0.0127800031965339,0.110048125983699,0.234458110835325,-0.00472797972860247,-0.274358880076484,0.172393200395126,-0.215615918635713,-0.0347990840983288,-0.0957218013573954,-0.0051699763409252,0.0169412317678723,-0.130046432468343,-0.301625857085117,0.0774971852509936,-0.124240399641238,-0.206273951227003,-0.29145578606911,-0.153837820806724,-0.156417523595416,-0.0532856015917845,-0.0624013439434773,-0.0648508727470633,-0.18844694796055,-0.179786694978222,-0.26546090280085,-0.0970354720699869,-0.0563313413052391,0.0297055101406004,-0.131907992528363
"Frontal_Inf_Oper_L",0.461181066933032,0.0754960289064977,0.0310361855962349,-0.13150681672173,-0.179368708196916,-0.0419949122309234,0.0226111977833839,0.0283740956115372,-0.0918320129298593,0.0311457698567308,1,0.352015391496936,0.654122447045416,0.379106701606531,0.268680599002607,0.200988177031175,0.311481383966094,0.130857922269714,0.168676799319856,0.113058908673322,-0.183844427373981,-0.0622840108404079,0.0430711824845948,-0.017723221511343,-0.293051870076996,-0.226290271751022,-0.0551782135270276,-0.0271588936682775,0.304730313333141,0.289395795488549,-0.114113663983769,-0.0679028635185685,-0.12759772521505,-0.151581582895103,-0.270297764328185,-0.342114312150039,0.0745256160199217,-0.0370516961196948,-0.164291003493581,-0.0869246513013895,0.0998273537274227,0.245311531299523,-0.17659135431626,-0.166780294224923,-0.0706548068614125,-0.136374410794415,-0.0748268782797859,-0.098776204597816,-0.0684828538579352,-0.0428756425647498,-0.0695758557449313,-0.108382577325546,-0.0299596753198519,0.102409662071138,0.0384841038787033,0.0452327517514753,0.13047388440615,0.0685409743846406,0.004273595757354,-0.0643180700683646,0.3231718530221,0.0892812390682065,0.152355824933213,0.0550999025628441,0.0502537403444653,-0.0928736227989774,-0.220238503927919,-0.262950943560011,0.190013494371782,0.081665060257673,-0.271895348093486,-0.214657482838855,0.19870885704526,0.172891472704432,0.137699885874562,0.121073106559847,-0.0137179734071429,-0.0444660863240967,0.216294853447971,0.125106499016779,0.0905270788741657,0.0928069529806206,0.146300205176776,0.0498993877985636,0.174601577828472,-0.0572650818030039,0.151375147387419,-0.00249953156670302,0.0926470393324232,0.052521729348057,-0.226267135780091,-0.150082482904919,-0.216814991133326,-0.165146030754838,0.105804777398518,-0.027132816986416,0.19886883663382,-0.0192924754366284,0.0501338614962497,-0.0120574491536629,-0.120235037731919,-0.0746836661462154,-0.00217289880159298,-0.0775280858415109,-0.071601458641746,-0.0243390058639098,0.0815540760246007,-0.0650572529948541,0.123031191048333,0.0169811815896114,-0.184749345065235,-0.141918462093959,-0.00470832250755409,0.0444278856973258,-0.00701807018789712,0.167120438618491
"Frontal_Inf_Oper_R",0.2484069948275,0.179256762479342,-0.441567922852815,0.0226276813793854,-0.329141041780143,0.188393721208388,-0.377124376987991,0.425967498458737,0.038805436702592,0.248986855440862,0.352015391496936,1,0.170734557575264,0.646614585597486,0.0376668293709864,0.357875719823504,0.336600509115254,0.319125447940891,0.0815429830485394,0.238243877611299,-0.135314540872415,-0.0485548605688735,-0.191797909692569,-0.0130030196916723,-0.354799305245513,-0.19218099476352,-0.226680583072503,-0.0584513443454614,0.368406846009676,0.526316903035737,-0.0766563875602064,0.0349256427914326,-0.225986361671833,-0.0571107086041935,-0.578251789682916,-0.532868754656613,-0.196052272099121,-0.179167667378385,-0.136159624135769,-0.160661817791205,0.123010342706101,0.176622214719966,-0.0988162004836408,0.00459573600598359,-0.126040147367229,-0.0287483153297074,0.0810562161476727,0.0509713843823322,-0.0515047023138418,0.132229676373901,0.0145690021760717,0.0153550375553165,0.187703450968727,0.154299776223476,0.0610391575656447,0.114015493211895,0.146962419562222,0.341637045518321,-0.00636832741569991,0.222023643392047,0.301424804951131,0.410873742028555,0.387888041947661,0.611402118061742,-0.35000434140644,-0.066300905680348,-0.495748150018662,-0.392060997427971,0.0274528867473512,-0.148258643473459,-0.232584122684006,-0.0555121182223944,0.221636800407866,0.417215341533734,0.0657009271774313,0.294726074613574,-0.25448032707328,-0.0475591815785257,0.110472150079402,0.0573551627264549,0.249316986506776,0.0956999428945588,-0.076468154166608,0.228480575783294,-0.286564308155345,-0.0590666425178653,-0.164214937683879,-0.209425116785179,0.00851859878334344,0.206272281286244,0.150964002938288,-0.327728719136616,-0.10824189281059,-0.440918168652169,-0.121196276318082,-0.00650843872956963,0.118125225909742,0.130439341067297,0.185057151987896,-0.0884406996588439,0.126867969367095,-0.32217555048111,0.0331640727912769,-0.217181188530603,-0.106772928799087,-0.294892059331587,0.188439655991663,-0.141783044890766,-0.0186091852563265,0.00703378694968661,-0.239163144702167,-0.1030781872185,-0.0177281810620416,0.192723198278372,-0.0567684078073123,0.172042063575146
"Frontal_Inf_Tri_L",0.212973064466049,-0.0910034206516062,0.238475452278642,-0.0930072273366472,0.09194064576037,0.134995165192727,0.244397679611268,0.0991048500738917,0.0814571521073917,0.184959565567412,0.654122447045416,0.170734557575264,1,0.470803665348799,0.558135379811619,0.328025014547054,-0.0121459818134874,-0.132021886852548,0.0120489472819716,-0.0239046292041656,-0.062102457527636,-0.057197625195526,0.241066960922429,0.0975776005128294,-0.00822722257051946,-0.0497658473244112,0.177883072694472,0.11216344125307,0.0438914888389939,0.0808768253132266,-0.0516093321004616,-0.0616983688311951,-0.156193762307981,-0.21369632336566,-0.0783565771819092,-0.244878341411865,0.0276870407210002,-0.161346891334309,-0.037925549878429,0.00583182536508266,0.0030467618043023,0.133339184246224,-0.0959997526198602,-0.0892948071352566,-0.0529794253859632,-0.0822327372246152,-0.020524607724251,-0.00548980326780362,-0.0777858877442257,-0.0365314419519187,-0.0106624081378937,0.0177997114281306,0.0341862069724199,0.139987753912221,0.187349535947032,0.156923312260183,-0.130126057405064,-0.112889883117963,-0.0466419397109001,-0.122797728568662,0.322043972893752,0.045575049293434,-0.0664715521961648,-0.0627767365298892,0.330492369070935,0.0459200218528154,-0.0919632110099115,-0.23182272592268,0.0662269634695022,-0.0684898098086078,-0.254906744400301,-0.264589305309414,0.072468850547042,0.049276824347087,0.167230359879392,0.0379198375532455,-0.155009621632164,-0.131706774418351,0.0316867685393478,0.0948912616693408,-0.136368115555545,-0.0174702437684063,0.201382867826202,0.0513251827555881,0.318631694355915,0.0830101699099709,0.3696629890237,0.0763892121995631,0.289672424504261,0.0492662467097816,-0.25279620771452,-0.0895307410346769,-0.243309963428137,0.0395800393833588,0.0412856880969677,-0.000278502170564953,0.172056739911911,0.10548567935488,-0.0700883312872484,-0.0782238222665751,-0.216948232100768,-0.0622955914037627,-0.122756934494473,-0.206018983226268,-0.0364077604968564,0.00112156441809223,0.0595055809466524,-0.131350723356118,0.157373274256903,0.00745651696582738,-0.11002670941228,-0.193840388182726,-0.12122026134074,-0.0639117501156394,0.146596477573894,0.0698608972991262
"Frontal_Inf_Tri_R",0.0930771349453295,-0.0331486876605292,-0.251953202651749,0.0439310608178217,-0.108658279920174,0.438923102885751,-0.200844883142163,0.444864493854486,0.0535333231414307,0.415406727880725,0.379106701606531,0.646614585597486,0.470803665348799,1,0.307563316375931,0.676800928800181,0.0357585629678987,0.0560716255723331,0.0151106487781051,0.0810772118242166,-0.114973329637669,-0.0313493514805363,0.0555689419915891,0.242852833532213,-0.0907003222980078,-0.0358717741755603,0.00984440727829406,0.110155224666793,0.156131810520924,0.342997850749189,-0.0459961227336305,0.0925227091987106,-0.299408166654894,-0.147651965175014,-0.339515755108779,-0.320494459829297,-0.0875325420173933,-0.170459240612448,0.0163674740354961,0.122047823664555,0.0869612510587502,0.239722156501352,-0.211895069510734,-0.0888502849730582,-0.17421274416631,-0.0808728328637931,-0.103686214208286,-0.0529483724414692,-0.0966352921558988,0.100777060438863,0.00580194485211354,0.10696925815276,0.0398710023327263,0.133697866320149,0.159333323850735,0.211494005597816,-0.0919569522559345,-0.0233755689644415,-0.112300934308364,0.0733263756836744,0.279894700460551,0.328081314305586,0.05685340850452,0.282187754763257,-0.00126875624812886,0.122497397994505,-0.347801450690231,-0.304715651443902,-0.0172485843799138,-0.110593324496319,-0.219290978593841,-0.136907387988984,0.126023482506718,0.186882828422782,0.127259020844617,0.122822180368058,-0.241705284642708,-0.0898621774271418,-0.128058688681914,0.00122574589901819,-0.0335040576885128,0.0658638534459778,0.0812355465091453,0.289618538650653,-0.0116367083610159,0.223418499956393,0.106558890956256,0.0471180718141938,0.192666781134516,0.22852310940253,-0.197839177383081,-0.455491378957011,-0.115881414155476,-0.321341243736982,0.0475473260296017,0.0280057004863741,0.0209468320267174,0.120360884532915,-0.11972167030239,-0.310897927221162,-0.0584104744898503,-0.300938842564294,-0.272703908589825,-0.419145752999054,-0.173718534809675,-0.21555058664605,0.0274988388346328,-0.211768563778751,0.0521174191015944,-0.0876600562901423,-0.246333464440794,-0.327737243015115,-0.184304776481232,-0.0233868297611823,-0.102426297130767,0.16327188270309
"Frontal_Inf_Orb_L",-0.0598416709129097,-0.197764506978529,0.264472071711591,-0.069366615619474,0.200280832304809,0.153601895696747,0.237147070320198,0.0226459373716039,0.26105987833503,0.366537591396148,0.268680599002607,0.0376668293709864,0.558135379811619,0.307563316375931,1,0.488844907756327,-0.0812943997078395,-0.136775814657848,-0.0278299310420272,-0.072248146950634,-0.0456132997716929,-0.158904548416131,0.340163809545647,0.163189637408247,0.142024383404901,-0.0184073127602088,0.147081452901573,0.0601594658886678,0.127044045915948,0.130601805540138,0.0987304304075661,-0.00719165275698116,-0.0222301293263347,-0.137754553020717,-0.123796993601876,-0.322260182858588,0.192615166611405,-0.13464240518908,0.141666225621181,0.124201675685333,0.0710269764425877,0.189428039205837,-0.199324946519892,-0.161179963550119,-0.140446215934265,-0.184217394190516,-0.123573353367326,-0.158247384134332,-0.124978654160377,-0.0825091448444931,-0.116798211460611,0.016802027174177,-0.0171326039516459,0.123974907102519,0.0754070425911915,0.0871318925990096,-0.211916176377308,-0.248729831923517,-0.245699177149436,-0.268550810134183,0.108564646911617,0.0251343143951895,-0.00328307496797642,-0.0109526482263208,0.344219144464751,0.0616708924796281,-0.131095049691119,-0.327279668612301,-0.114815230947282,-0.149782940723101,-0.0928245333667394,-0.172465953285389,0.136843743602439,0.0468813305661999,0.259198197357449,0.0643625870677334,-0.0754337578448773,-0.16048794858595,-0.0494955800916957,0.082048879187919,-0.104493234144198,0.0997634400223437,0.581384200409902,0.234514402421706,0.416077746785795,0.10472321293216,0.386876394220558,0.169921875798274,0.366829671965889,0.0333490666941669,-0.26116389084585,0.00818635417457888,-0.128449452404004,0.10235817572904,0.00767546521782237,-0.0206609100533419,0.0129907998959951,0.119574763333976,-0.269889261237346,-0.0861696770034457,-0.189677526578723,0.055593983359625,-0.202877305693232,-0.130776581184457,-0.150853334531085,-0.0589422097653189,-0.180032336756804,-0.0374113831933728,-0.062272445902147,-0.178541025263857,-0.266936454269529,-0.252151957541856,-0.206958536317799,-0.136158395092396,0.129887245177355,0.0249912747506235
"Frontal_Inf_Orb_R",-0.0347547030025502,-0.136503806522141,-0.0549318605711999,0.186132579796225,-0.0331473681273464,0.481793159201478,-0.0783952186009135,0.433157912496859,0.0256431123533132,0.554298174618441,0.200988177031175,0.357875719823504,0.328025014547054,0.676800928800181,0.488844907756327,1,-0.00444088494849939,-0.0345704012983234,0.0665438217002592,0.146989447585832,-0.0649864536796427,0.0310881799551113,0.295972175436361,0.389054323509404,0.0936031899498744,0.0927808881403824,0.0410189544425893,0.0336053203492589,0.141996147891995,0.395855904962269,0.241768338871099,0.249905064270556,-0.0759293006045542,-0.0417933100406824,-0.245164293555392,-0.287459311983342,-0.0549356731401934,-0.162136034792311,0.0849613606681953,0.21426765753521,0.0710857121005753,0.138984497258845,-0.213135838020375,-0.116251051773507,-0.121347318214454,-0.150909836362433,-0.141861042484393,-0.145040859098995,-0.117028625207479,-0.049117525423146,-0.0939699488879409,-0.0380729211315488,0.0432499296482107,0.0543976329851081,0.113028147192696,0.0631989030230871,-0.259659216430395,-0.195420887639316,-0.370613167828678,-0.163571129121042,0.0186290734843096,0.245712855609945,0.0553603163327074,0.208028776180166,-0.00707711385948719,0.138376214627492,-0.319392342042456,-0.400342701266458,-0.083376298995538,-0.0458335179624473,-0.165516825621617,-0.104081461338662,0.0910881049473676,0.16602973213006,0.24470745750655,0.0399047139978411,-0.187197360782845,-0.0848552668989374,-0.116950709935062,-0.0303898484222325,-0.0291009986824683,0.153282285958712,0.33030685264215,0.517880905386723,0.187179222143623,0.347873619070336,0.279859329609761,0.277317082767687,0.224218501581313,0.225592180240366,-0.134699060935232,-0.291509924800478,-0.0243430346521283,-0.204862345280239,0.0465628615799805,-0.0175386586737302,-0.0483640291005793,0.122295682883906,-0.208906679333968,-0.34614246392825,-0.0825004601496671,-0.186931832353299,-0.344245094192419,-0.357044657710692,-0.21943306586436,-0.218239097792139,-0.0944408535189225,-0.284796744361062,-0.0330497524366036,-0.147603649182387,-0.207913430628867,-0.243684958952152,-0.233994035015904,-0.0690177682957424,-0.0656851879732136,-0.00486894337683541
"Rolandic_Oper_L",0.31876518089577,0.337632210259623,-0.304252953304562,-0.00306801574410781,-0.286216354720268,-0.0023134252876133,-0.297858877994875,0.0913514042879504,-0.0614847253898899,-0.071185330288601,0.311481383966094,0.336600509115254,-0.0121459818134874,0.0357585629678987,-0.0812943997078395,-0.00444088494849939,1,0.724239724088104,0.370784830912259,0.303341243148379,-0.0560335915197758,-0.0498601904817438,-0.320904558437037,-0.273296582681875,-0.331893796764283,-0.205084456216165,-0.266697981377997,-0.0925464348301454,0.680264146995937,0.687923172250815,0.0126850287383259,0.0718339216483206,0.152892114675872,0.155062927102776,-0.48493466285257,-0.394013362483194,0.0705448572061566,0.130438390228561,-0.145950067253993,-0.161237884265576,0.100208999721593,0.0549247568497998,-0.21942630943084,-0.142866680398047,-0.293258996836699,-0.288500509754027,-0.106645186699254,-0.0443375160385952,-0.238182955538927,-0.363420031251099,-0.217388202523609,-0.337557865781248,-0.0127822620708531,0.112528376422666,-0.254730338400913,-0.205332681665159,0.492517134341378,0.344749664712152,-0.193917029016316,-0.172444981041297,-0.0445648984012962,-0.041718709404892,0.606309209891021,0.351746539911336,-0.455733173910172,-0.320185181697189,-0.459268806229742,-0.405892751615045,0.152374615730269,0.0626264260740402,-0.168414790273151,0.0714547208167536,0.288137046845767,0.49493402537864,0.0572495823051509,0.254845383066344,0.0773530908938611,0.268238587239149,0.756614528354278,0.465402427283862,0.78537584676191,0.439883553209048,0.0957340546005101,0.33784623364574,-0.110829893731241,-0.243175991379345,-0.200300820850037,-0.211613751000039,-0.273138744308348,-0.274764667026239,-0.134319166629807,-0.20535499936067,-0.279397336990172,-0.393315812461088,-0.176920127336995,-0.00375703367835671,-0.0456535320664895,-0.119573856611197,0.0377979758906507,-0.0378572249760516,0.0279882569223162,-0.239638324177941,0.172730952171928,0.0267002599497583,-0.217522146071718,-0.303282901457255,0.0194923010559506,-0.113535537274864,-0.110715981547084,0.0770172562042566,-0.171042355083904,0.0719566152254907,-0.103414579302095,0.263654542753975,0.100515058270528,0.170733164304221
