"","Precentral_L","Precentral_R","Frontal_Sup_L","Frontal_Sup_R","Frontal_Sup_Orb_L","Frontal_Sup_Orb_R","Frontal_Mid_L","Frontal_Mid_R","Frontal_Mid_Orb_L","Frontal_Mid_Orb_R","Frontal_Inf_Oper_L","Frontal_Inf_Oper_R","Frontal_Inf_Tri_L","Frontal_Inf_Tri_R","Frontal_Inf_Orb_L","Frontal_Inf_Orb_R","Rolandic_Oper_L","Rolandic_Oper_R","Supp_Motor_Area_L","Supp_Motor_Area_R","Olfactory_L","Olfactory_R","Frontal_Sup_Medial_L","Frontal_Sup_Medial_R","Frontal_Med_Orb_L","Frontal_Med_Orb_R","Rectus_L","Rectus_R","Insula_L","Insula_R","Cingulum_Ant_L","Cingulum_Ant_R","Cingulum_Mid_L","Cingulum_Mid_R","Cingulum_Post_L","Cingulum_Post_R","Hippocampus_L","Hippocampus_R","ParaHippocampal_L","ParaHippocampal_R","Amygdala_L","Amygdala_R","Calcarine_L","Calcarine_R","Cuneus_L","Cuneus_R","Lingual_L","Lingual_R","Occipital_Sup_L","Occipital_Sup_R","Occipital_Mid_L","Occipital_Mid_R","Occipital_Inf_L","Occipital_Inf_R","Fusiform_L","Fusiform_R","Postcentral_L","Postcentral_R","Parietal_Sup_L","Parietal_Sup_R","Parietal_Inf_L","Parietal_Inf_R","SupraMarginal_L","SupraMarginal_R","Angular_L","Angular_R","Precuneus_L","Precuneus_R","Paracentral_Lobule_L","Paracentral_Lobule_R","Caudate_L","Caudate_R","Putamen_L","Putamen_R","Pallidum_L","Pallidum_R","Thalamus_L","Thalamus_R","Heschl_L","Heschl_R","Temporal_Sup_L","Temporal_Sup_R","Temporal_Pole_Sup_L","Temporal_Pole_Sup_R","Temporal_Mid_L","Temporal_Mid_R","Temporal_Pole_Mid_L","Temporal_Pole_Mid_R","Temporal_Inf_L","Temporal_Inf_R","Cerebelum_Crus1_L","Cerebelum_Crus1_R","Cerebelum_Crus2_L","Cerebelum_Crus2_R","Cerebelum_3_L","Cerebelum_3_R","Cerebelum_4_5_L","Cerebelum_4_5_R","Cerebelum_6_L","Cerebelum_6_R","Cerebelum_7b_L","Cerebelum_7b_R","Cerebelum_8_L","Cerebelum_8_R","Cerebelum_9_L","Cerebelum_9_R","Cerebelum_10_L","Cerebelum_10_R","Vermis_1_2","Vermis_3","Vermis_4_5","Vermis_6","Vermis_7","Vermis_8","Vermis_9","Vermis_10"
"Precentral_L",1,0.36094406052168,0.102376274251364,-0.113983036280466,-0.167406889353258,-0.013069769144439,0.304535502261541,0.0737224642045201,0.0267491287107054,-0.0140730241176375,0.493741525269635,0.320062433833499,0.377372272576181,0.131990516337221,0.0311417124535288,-0.126075760664911,0.31430660762103,0.163937729715923,0.509898370059354,0.383738750429173,-0.133764294261051,-0.0408018812606113,-0.137751759243144,-0.24400913467461,-0.327888031116535,-0.33886048756368,-0.12684696121677,-0.0852260372494345,0.300673083236238,0.126425775446275,-0.110264810711706,-0.244167080929612,0.168531486374326,0.0158926269669364,-0.312230476585067,-0.316749951267504,-0.110471087689256,-0.283912682551488,-0.18832927711395,-0.267358913428302,0.0352649205252421,0.0143901712669735,-0.201274922228072,-0.19698553921166,-0.241383113905074,-0.342215713325231,-0.20343639535404,-0.173554390609727,-0.197674520319521,-0.160906526957856,0.00812938209281729,-0.170084143831442,0.0968666447111436,-0.0388569236266207,-0.116336616250353,-0.096060486123476,0.547868887939856,0.451004577243894,0.292038875666768,0.112579206405321,0.500513283445796,0.259203520499232,0.421863869340464,0.31911978589475,-0.010564353203716,-0.159940652249633,-0.262817316918979,-0.267621345019879,0.347512252750541,0.159335710519312,0.134625026991064,0.0362762951468584,0.336971000832714,0.26560185223492,0.0916147151456037,0.142353727483427,0.0309837313422511,-0.0137297937018506,0.197970759832156,0.116961113462172,0.290141182699134,0.142690780452158,0.0523011947317871,-0.126540293152366,0.0743283816285359,-0.19795734835562,-0.232612802477206,-0.264610684146954,0.048808094950406,0.0095069330385325,-0.0089938308622713,-0.029983294709741,-0.288266684035003,-0.178577052174309,-0.0422739006011198,-0.204507908399523,-0.0783004305646991,-0.0751343674802568,-0.000108067981358386,0.180557960136135,-0.170788450590857,0.0367452095032116,-0.0876072136819092,0.124092853089425,-0.163583925228364,-0.0959539252868766,0.0943383778089937,0.0326891586400922,-0.0011361281715413,-0.0699612841887262,-0.219836297970781,-0.0612122501266094,-0.200699439779438,0.070279024382479,-0.017592945048639,-0.0858664941247265
"Precentral_R",0.36094406052168,1,-0.158608159086368,-0.188275773660489,-0.265376171552828,-0.221566586780891,-0.185942644846487,-0.116816604333487,-0.213734570797005,-0.190553304682544,-0.0344160388590226,0.131670911110518,-0.095903769733827,-0.0711537148389712,-0.085217544341165,-0.10925544103301,0.359880443132043,0.483098763633877,0.523640602853758,0.529198069919534,-0.241580093477581,-0.157457455951905,-0.299007929794127,-0.307253073031632,-0.406494951219241,-0.317583579477345,-0.256680413811615,-0.149481331199049,0.273296460374679,0.2825322952085,-0.242500373086908,-0.28436552295769,0.204638591384722,0.207107532729524,-0.271102479239392,-0.255384008723962,-0.0362804173964359,-0.148080020990687,-0.0462734406089907,-0.0124679020489931,0.0685438905456759,0.142250160673974,-0.149452208634681,-0.0685506664334216,-0.137824103775009,-0.0877347623471431,-0.0113155403509419,0.0981139939405976,-0.0332162581233336,-0.0181136065983509,-0.0809452293726613,-0.130227811406033,-0.120535857954728,-0.0493093170849336,-0.0812709512562845,0.0195472705197891,0.471128196417298,0.666619025988946,0.125936144568607,0.0932857622040613,0.0290081164383752,-0.0819500592259738,0.319094428325189,0.311670969926751,-0.123104561101282,-0.260495141391454,-0.165432121108485,-0.169382114804139,0.330113826953941,0.406776705160753,-0.0756589367430272,0.0185472487183152,0.283959388456916,0.393190494542198,-0.0136122478342636,0.305325235705845,0.0345783631202824,0.167553449639771,0.277656146351707,0.392661982499476,0.397449691655256,0.302925572418894,0.0390394682837399,0.121909423372104,-0.0487530118379569,-0.0794689896181457,-0.197008626801865,-0.15312391662645,-0.17288674054867,-0.191877695343337,-0.266696596075844,-0.18264662879185,-0.416385280975358,-0.331667908071053,0.00431011647901741,0.0607165247953439,0.230262460604945,0.206927312496557,0.157268692878752,0.10794268317316,-0.218260881714786,-0.152226453557926,0.0363780101201832,0.20189691848191,-0.196772732468295,-0.0980571480766634,-0.0598456305749688,0.0321994858874435,0.00486354215063209,0.0870197078885215,0.0146920365116809,0.184252820168743,-0.164916584681912,0.273850653653094,0.0247526708496062,0.0639555649965571
"Frontal_Sup_L",0.102376274251364,-0.158608159086368,1,0.173824754316363,0.501988740755212,-0.0452013396166824,0.65868847712364,-0.170119181689566,0.308428661399477,0.0352564602594792,0.134503243695403,-0.261384790246239,0.224805409427247,-0.0898007590521436,0.34378028733246,-0.0594035422369951,-0.220697568796583,-0.126026042220338,0.0244903917712047,-0.0875247097633541,0.080246282393183,0.170716772450983,0.690628380622796,0.491448201882969,0.400898486674384,0.203154699125837,0.297912180762834,0.126146139610259,-0.0426763224225965,-0.190660444841944,0.237136273574539,0.229802696779712,0.0445119238163173,-0.23838482560489,0.355104300208777,0.137066226838004,-0.0649189807216509,-0.15693587734815,-0.163864368571922,-0.310013202666234,0.040443539588265,-0.0679610293197276,-0.102732429798629,-0.119525436618348,-0.0416228472869296,-0.282109104021513,-0.324427541102248,-0.311414577861641,-0.259064973450554,-0.253309488608805,-0.0832134284181985,-0.283036532766699,-0.0662258048452986,-0.0015290630697401,-0.247039902363155,-0.36212185160432,-0.0881683303001644,-0.00422707253011081,-0.152688855229945,-0.38624911670429,-0.000554574670466064,-0.199368747790153,-0.138451092308188,-0.253588909179334,0.502002572943727,0.0592687596911181,0.0552878950983945,-0.211413282289542,-0.0386124591617469,-0.130252695240172,0.316287885820641,0.14819007111819,0.258801150367101,0.000827901727531259,0.165263037528634,0.038455583534045,0.0496657405806815,-0.140884125821309,-0.0184274545569672,-0.0866481699661874,-0.196103660817736,-0.000577399732689905,0.0341772611365036,-0.190157032235949,0.32477286250447,0.051817865491659,0.075993453872555,0.0496210725452767,0.138254446779656,-0.00806318929002884,-0.109105526046094,0.13136667115187,0.0112532837753617,0.301858051739903,-0.0345355973924021,-0.0686239354646735,-0.234510226101849,-0.322161637044313,-0.288477490730929,-0.243692046821805,-0.120084885837628,0.171944453476056,-0.165282292953112,-0.124343781185443,-0.14059817433382,-0.0293867076087546,-0.158034338885109,0.0226208206275258,-0.0845089883328556,-0.203548494524574,-0.183551781120815,-0.212377472778393,-0.0652102866677146,-0.00297584946460816,-0.0451829145018653,-0.112428382203515
"Frontal_Sup_R",-0.113983036280466,-0.188275773660489,0.173824754316363,1,-0.0467702357619585,0.358297570199702,0.227732406338959,0.684592975792007,0.138119758313573,0.384758380980788,-0.0892522853200771,0.122330899910648,-0.12134889118375,0.32183373440114,-0.0803198683228144,0.117862388751562,-0.195357048116048,-0.183558770725326,-0.193819111043007,0.00506230517896381,-0.105413067536743,0.0264410179765744,0.205984254489473,0.444851686551083,0.206996075043872,0.306664843812685,0.00738183096884394,0.0829874922361913,-0.0874029415560294,-0.0712084872129634,0.1239275082142,0.404387576444427,-0.104354895851702,0.026494564111995,0.117906307369759,0.170219608534312,-0.432279028544357,-0.346937531140645,-0.271772486987524,-0.226420424070034,-0.302337781050687,-0.182209328841147,-0.18282131433316,-0.09452870751321,-0.0773828662668033,-0.129124899525494,-0.383748618007565,-0.33073869372796,-0.207824509890701,-0.105220145771107,-0.168812665090066,-0.0129113015672047,-0.191318966106618,-0.10855119880958,-0.335484318132576,-0.285769724859149,-0.132983021975909,-0.146698176817913,-0.105248502132788,0.0474431990350421,0.00326234379162725,0.288782227697572,-0.158137992627381,-0.0566054628366648,0.167954501271111,0.449026624326597,0.0561018360669488,0.177990126367876,-0.189653021149386,-0.125015153825713,0.118868254085801,0.221516350069071,0.00171502679116488,0.0642943700575857,-0.0343238586970021,0.0176089394434248,-0.217938372960186,0.0668418234794711,-0.301435683854315,-0.240593907067666,-0.256032527310799,-0.207073897819862,-0.221527068007774,-0.149412513016903,-0.103323928021942,0.158111865476477,-0.0721423976573477,0.0423210673517183,-0.16598475813875,0.160619355388853,-0.214855873352836,-0.273949696763915,0.123474817644213,0.0117689058867425,-0.321470045594455,-0.198323037910923,-0.454825465164899,-0.291486722527862,-0.454096458750073,-0.482059190026051,0.0515477806702555,0.00776390234746442,-0.153460569207437,-0.266677622942289,-0.0375467964495248,-0.144500548763384,-0.0479908709039036,-0.0714209838427786,-0.214142595316231,-0.279148332692473,-0.232753106455822,-0.407848903310797,-0.222576627821844,-0.196635718903794,-0.33031462287333,-0.203315653413097
"Frontal_Sup_Orb_L",-0.167406889353258,-0.265376171552828,0.501988740755212,-0.0467702357619585,1,0.115158169473184,0.224807173297088,-0.299099410044671,0.384527684161798,-0.185788870835595,-0.194257313951006,-0.393863672896581,-0.114933837788498,-0.265527732699691,-0.000753599196752138,-0.197385566247445,-0.361264893746186,-0.244187168040797,-0.187850549382251,-0.273088066466899,0.408720833692896,0.219429729461106,0.410458393577796,0.264140394348355,0.747027151039216,0.547401192225464,0.804072033388894,0.58976486374772,-0.419932036892981,-0.470937635089414,0.151856982936191,0.0578506274268955,0.000982429376820736,-0.288389463891662,0.395391099621415,0.280689404026216,0.000931397368507303,0.0365724812695167,0.0281557348278156,-0.00200394455900858,-0.0553551132286548,-0.110757259972861,0.120298609809413,0.102006112278066,0.115553354509159,-0.0136202379721324,-0.00154383973201676,-0.0399888884589019,0.00336540372944709,0.0576358575881286,0.217176799503742,0.122658621855807,0.116316696162327,0.127455178747241,0.050094566137818,-0.0617169589902096,-0.209191001093103,-0.254958907893373,-0.0322424085122629,-0.19941855330894,-0.189888326570611,-0.306147309594419,-0.371188004522977,-0.420188238659385,0.319439267772901,0.0342093198305897,0.244435914889639,0.0353486978842451,-0.0903130659930106,-0.141185737478019,0.0229384394815118,-0.121736102926112,-0.168114933276354,-0.359221153045055,-0.0771852717151767,-0.26006065132516,-0.134928634711879,-0.230356407297353,-0.245025752009997,-0.237540189853279,-0.306909567637222,-0.154792116678945,-0.155981683886823,-0.09847021410461,0.153251815359949,0.0681815416395995,0.0992979213908045,0.121226433621146,0.0980404422874385,0.0347335455717944,0.0828746638758235,0.0880951039713118,0.25612291404094,0.348875214403514,-0.0224280482023259,0.096390988351747,-0.0283326273553985,-0.155792245448184,-0.0616764440144157,-0.116722827654487,0.0940868320962709,0.165877241404881,0.0805896161089592,-0.136625196412002,0.122023267906481,0.129755867219656,0.0465108021795744,-0.068478880576558,-0.0852254726245746,-0.0629136117693431,0.0863734342106482,-0.135561992323022,0.0716431024795064,-0.0334849440539493,0.127122097377925,-0.0716568383029337
"Frontal_Sup_Orb_R",-0.013069769144439,-0.221566586780891,-0.0452013396166824,0.358297570199702,0.115158169473184,1,0.162122280388994,0.489790754970622,0.489092026671855,0.693785161598827,0.110314401192543,0.174626222383741,0.117165932103512,0.386908153644545,-0.0232694540028958,0.253770647357934,-0.0860829491303813,-0.0910569968685813,-0.107475910657412,-0.100156619838189,-0.131714227311351,0.100441892127951,0.10048736062938,0.161615173608371,0.121353749786354,0.452802152967263,0.160952366946171,0.481447375849235,-0.0412532196566684,-0.0220621067559995,0.0583737905858774,0.226754825017009,-0.100447391791516,0.0197618737715068,-0.0344837430900344,0.0308098257551835,-0.363218461969415,-0.238952383440225,-0.203586640821375,-0.162823250654696,-0.185460634401583,-0.171700803348743,-0.183039999120194,-0.17000419480812,-0.122715441669009,-0.189583178108617,-0.308167876377077,-0.239919398350204,-0.0791540864909445,0.0111804204093868,-0.0250427523187843,0.0228270646626867,-0.0452465864452933,-0.255787417312334,-0.208287319605325,-0.261938060909956,-0.0488703154938793,-0.126591161750138,-0.042617715422705,0.0987338532132414,0.153269371074008,0.390979938720431,-0.0432741605317037,-0.0369913551830357,0.0371349883832015,0.207913843168372,-0.10102119764347,0.054102803184761,0.0353998569192999,0.0150856838998078,-0.0229437320293962,0.0332281896610572,-0.0239967199293689,-0.00329779225474132,-0.057924704881055,0.0212487060618793,-0.197942441503502,0.0100663461755033,-0.196463723495358,-0.10074964512958,-0.219711981135664,-0.185526200044082,-0.299239727067073,-0.0993195447769085,-0.184305222614387,-0.0725458351429525,-0.0946534796524365,-0.104192960438139,-0.0758135764304304,0.283228532702514,-0.220051803834933,-0.357198278901683,-0.0245403439022013,-0.116343143099413,-0.214395427588502,-0.111675410335023,-0.407285601386881,-0.302599652715484,-0.35728262936029,-0.426900489782679,-0.0825251322384789,-0.185778652509032,-0.125702138472932,-0.336738964852321,0.132799518861872,-0.0850083294396126,-0.0440524212582703,-0.267903577452243,-0.333813830075633,-0.245440145270682,-0.356479985628322,-0.344402495984371,-0.19827831990091,-0.256830617578108,-0.187945857671642,-0.0754395930002485
"Frontal_Mid_L",0.304535502261541,-0.185942644846487,0.65868847712364,0.227732406338959,0.224807173297088,0.162122280388994,1,0.241489584126398,0.499500126274285,0.157630593893657,0.389745126605098,0.0397629685223075,0.510208591187273,0.141154163814835,0.338137868241573,-0.00848295041219459,-0.0536107776773245,-0.0821480449208429,-0.0389432673867297,-0.103222054143303,0.0264027018750972,0.1708193671917,0.397869077074302,0.223417419177928,0.117821282489257,0.11088223319372,0.0562881478812689,0.121265155459663,0.0860787929283916,-0.0557860316861437,0.238310222112539,0.233506389601742,0.0144223565317441,-0.215477874222146,0.0648282192146477,0.0033090445869313,-0.181356161456296,-0.391398353625475,-0.201210049812324,-0.485440125372743,-0.0612595780825529,-0.211198202284451,-0.168180469669489,-0.228611350944184,-0.0799267700664873,-0.380281981904363,-0.370315463515163,-0.420744401720454,-0.21876204667884,-0.327267860106574,-0.0894797690725692,-0.341046397725904,-0.0708021140277868,-0.0866608093326892,-0.360889501076412,-0.449629525703111,-0.0513267366486427,-0.0296851558474284,-0.0760767525485518,-0.239968196678507,0.340022019574677,0.174681690837907,0.0798665662401673,-0.0389429279247496,0.381597375750786,0.0211731540597464,-0.110110115576324,-0.264098213398761,-0.173243171383949,-0.25254159513681,0.315406961208582,0.143655964118117,0.1850408892389,-0.0210613749451646,0.190591448434574,-0.00275790868682332,0.0864632854188657,-0.110011889023594,-0.00854163755119321,-0.118790990284852,-0.145007349480237,-0.0162912806032536,0.0662524536145393,-0.213473309780213,0.10690528940647,-0.185375676932454,-0.0816629445674317,-0.21364075713429,0.0672311924329892,0.0331853212848448,-0.00920303578769945,0.0909443688713178,0.0501763460998699,0.209405805076641,-0.0181235702685384,-0.168039815811033,-0.360773696352066,-0.454641971141089,-0.246729941063744,-0.214367518512101,0.0465126591154704,0.198678483931443,-0.022503288294136,-0.0462756879440454,-0.0236980447102018,-0.0109416441490601,-0.0348213532775373,-0.0471478715475741,-0.0400958018430891,-0.253214842016519,-0.413713956113278,-0.152232144273624,-0.0538204276424199,-0.0483936685541974,-0.0837387434137196,-0.0525254735352147
"Frontal_Mid_R",0.0737224642045201,-0.116816604333487,-0.170119181689566,0.684592975792007,-0.299099410044671,0.489790754970622,0.241489584126398,1,0.178753980859026,0.541155336728746,0.153707703456911,0.516134896338669,0.148704100297103,0.567210766185184,0.0287648200656488,0.258821158774243,0.00273043242993264,-0.0463580183131475,-0.107921459564837,0.0266753709800913,-0.193670483013435,0.0611728822662162,-0.0333957720900729,0.192289091389026,-0.150452873205321,0.0742270082587922,-0.213707973733104,0.0260085913736495,0.14119817698336,0.168805608225878,0.131488914555795,0.320043867393999,-0.126392306781181,-0.0242532502796245,-0.194174615362338,-0.0975018332409801,-0.390777508737759,-0.384988795698331,-0.31907230254534,-0.33547021512004,-0.172418727260705,-0.148122915291037,-0.192679679733807,-0.142469645974992,-0.158028544398541,-0.16272088756679,-0.329863816018611,-0.303695648062082,-0.136805987146553,-0.0769218607431234,-0.163624503803678,-0.0689482911506198,-0.0814803537607124,-0.15859719462388,-0.380358450854138,-0.295125097531346,-0.0113125596203516,-0.071896136899736,-0.0943673748598251,0.162336954881914,0.226129401302682,0.614008460780698,0.0696300944637339,0.289949862195721,-0.0742151802109874,0.265772090019721,-0.225309586607837,-0.012552640305772,-0.208114630594837,-0.171603260942128,0.164939672648794,0.312265084086887,0.0935675132621084,0.228700389718929,0.0949330907237921,0.21124995142454,-0.0669976410854644,0.147878524517347,-0.134378436186146,-0.09752292724484,-0.073386886309195,-0.0983878171376751,-0.0819203179605467,-0.0768852797286475,-0.232078872596608,-0.107767398983461,-0.0461711996990624,-0.189129603124032,-0.233719275427944,0.149010475422395,-0.118020257161118,-0.344290649961396,0.112062301446937,-0.131969735147832,-0.298079700924261,-0.271007932888358,-0.540725741561673,-0.435718302633799,-0.362000147098452,-0.427947657152813,0.183040200489045,-0.0437580966606855,-0.109736126981478,-0.226048035099055,-0.140777417164835,-0.27172493853697,-0.0190416928063765,-0.230792971526697,-0.150177607885848,-0.2598093879953,-0.421693852779405,-0.371435741398928,-0.258521764295429,-0.245290884852942,-0.368451255650602,-0.17562938635247
"Frontal_Mid_Orb_L",0.0267491287107054,-0.213734570797005,0.308428661399477,0.138119758313573,0.384527684161798,0.489092026671855,0.499500126274285,0.178753980859026,1,0.284637578462591,0.169676367215518,-0.0488417423665476,0.277172616096195,0.0471239743778832,0.22885837117329,-0.062099018331392,-0.0568818213903233,-0.116950973237018,-0.112295145101871,-0.0784722456362164,-0.00531175413369497,0.0296159934397695,0.0912407777817755,0.0524084892229615,0.14261050857997,0.305383980881229,0.147314440354531,0.37868517974729,0.0171108248512559,-0.0865220015614745,0.0344564490463789,0.0748192134393018,-0.162110503832669,-0.090999895837981,0.00231553219996851,0.0668789373701658,-0.286781527676869,-0.15868871888146,-0.136365142396386,-0.277614305612695,-0.169831596418772,-0.205874736840683,-0.041204544894359,-0.0208436026492545,0.0754503904366475,-0.0625132075875204,-0.213091367768103,-0.230073671777112,0.07341637040994,0.0510907995717051,0.144815720980645,0.0182062080834826,0.018077923818479,-0.0119674325330064,-0.189582605747478,-0.327608227899975,-0.201805415125755,-0.161193970183891,0.0809081087869589,0.00434254114289527,0.202758557913021,0.205011244102614,-0.0651788353114624,-0.0997021449373728,0.208706139297422,0.00318200041898228,0.00908639409327957,0.00870871458203944,-0.0689985815210615,-0.0481279589262962,0.009817499530377,-0.0593467481235095,-0.0190257058754362,-0.117173089678228,-0.0445542655945813,-0.069588821112066,-0.065922347684196,-0.179257473513178,-0.111797675183191,-0.142959124409806,-0.141778801552119,-0.151840871601201,-0.141054377292015,-0.11378459161878,-0.139610186718738,-0.284015968801608,-0.21178407404945,-0.253370468117182,-0.163648458895502,-0.00737147200015885,-0.188527230756866,-0.206070636788057,-0.160911619513153,-0.0716104162489854,-0.0682782580370754,-0.0901667890681443,-0.255427911080882,-0.349161883532008,-0.260152924592121,-0.406078999138776,-0.15180985379858,-0.0634044884251797,-0.084294412492624,-0.255811682529285,0.0181020153749484,-0.200991083519376,-0.0968905431031612,-0.245637855388427,-0.252990538990212,-0.199878016429251,-0.270696515230618,-0.204121103341039,-0.0970424384829406,-0.198702433976782,-0.0962207641838274,-0.0683356113792673
"Frontal_Mid_Orb_R",-0.0140730241176375,-0.190553304682544,0.0352564602594792,0.384758380980788,-0.185788870835595,0.693785161598827,0.157630593893657,0.541155336728746,0.284637578462591,1,0.172496263653062,0.28141131544105,0.18766683606952,0.361579965939948,0.227888509026067,0.363661576380632,-0.0214962293609176,-0.00414745298408071,-0.179665915872487,-0.158507765791205,-0.25000418644668,0.0860355841577494,0.182293001896558,0.269839665630572,-0.0476202454421368,0.173912705284803,-0.196844584964193,0.0055498726970627,0.145096029596783,0.126331693368236,0.143409315063912,0.305122948093538,-0.0452962543367088,0.0324126976120411,-0.00779470209716204,-0.0696858020139935,-0.141879390666199,-0.156077411244452,-0.256248994412704,-0.214569569414894,0.0417497568439076,0.0415873859377465,-0.271695377592638,-0.279587553445363,-0.185162935213414,-0.311045550252151,-0.380194308454638,-0.318603127427777,-0.219881860553172,-0.125745899356174,-0.197772970508696,-0.142744705847583,-0.105033100293779,-0.268687991164262,-0.244590313150659,-0.333407792738066,-0.000420968924505046,-0.042190445967273,-0.139023978890308,0.0648433838158745,0.201161212403969,0.382397447637004,0.073549190025589,0.113039589970155,0.108359382957906,0.228644282812708,-0.210450311829451,-0.0978738649404356,-0.0364215617515629,-0.0152000159683696,0.109689923409524,0.172892159397708,0.174063266632569,0.226626155487769,0.125150997302862,0.228543273529502,0.030034624023883,0.195251477538979,-0.0883005590673158,-0.0289630263410083,-0.139305755622361,-0.127452936862122,-0.120689088677704,-0.0702541407223474,-0.0507250962956378,-0.0187263659446405,0.0247137056970177,-0.148303190776506,0.0246706616181427,0.220374562311662,-0.281607018390747,-0.319752649532988,-0.0761560661441139,-0.10313738443624,-0.173591856053173,-0.204442774620143,-0.40567099834948,-0.287184955792084,-0.397453950101864,-0.416651063258162,-0.0911353810476132,-0.176093188334016,-0.216861975921991,-0.243504709537989,-0.136277904436408,-0.18949798095308,-0.17651728916711,-0.206489046396571,-0.241033325689989,-0.252777672794145,-0.373345999937696,-0.392005415398184,-0.285902243334002,-0.205683476156019,-0.244236306214906,-0.0751658366768966
"Frontal_Inf_Oper_L",0.493741525269635,-0.0344160388590226,0.134503243695403,-0.0892522853200771,-0.194257313951006,0.110314401192543,0.389745126605098,0.153707703456911,0.169676367215518,0.172496263653062,1,0.434922136231328,0.747403025741679,0.503135821620159,0.477644120616344,0.304000133501274,0.360228370835232,0.000278236889149885,0.203259515764113,0.0950094328924761,-0.159751190211582,0.0793921431353435,0.0554016144142639,-0.119327226971256,-0.356697717643621,-0.290215606437229,-0.18763901788009,-0.0486496158180563,0.459370632813047,0.334982007140682,0.117826328001962,-0.0706209703144742,0.0333744498689751,0.0128170685088971,-0.275911816806667,-0.299307775065055,-0.0674423068663704,-0.0771867613690201,-0.130391907666414,-0.212955666171265,0.138851615286766,0.0402318257098917,-0.27499113795155,-0.307951765430097,-0.275230320549163,-0.391738990117772,-0.23570674424549,-0.277370801676585,-0.200608393000594,-0.229092712884294,-0.191933469341831,-0.266195089373938,-0.0211791869878245,-0.10800242714815,-0.0577174115107037,-0.129411511162284,0.00435770873239614,0.0437571799848974,-0.101554241983403,-0.0677712400339758,0.387276946951275,0.249963084127823,0.389026085991773,0.331906906514303,0.0303549160144682,-0.0856171800809413,-0.355312179105725,-0.367879664796748,-0.0278843303188294,-0.143930977145961,0.0729133021644313,0.12346520767055,0.385711688021649,0.307053117303003,0.184721785086422,0.183211916705001,0.0811994558543299,-0.151962563175908,0.224540366748382,0.0234245901471357,0.184121092772482,0.0800762329312322,0.355347506417361,0.0248455585649823,0.143779176282599,-0.0871284375693923,0.001900906222642,-0.109055294624459,0.166938197590885,0.0951133250489914,-0.0401089211999547,0.00799062458099258,-0.116878674293853,-0.033468522892728,0.0660355295839477,-0.0940535740509738,-0.11784440403759,-0.158124039674521,-0.0545628189808617,-0.0497263422565046,-0.0602401015783462,0.0822119396660635,0.035940822413854,0.0585335306440946,-0.10198643719888,-0.0712683940699639,-0.0382353983047087,-0.00105445862359701,0.0366989156955356,-0.138266346577252,-0.272827388761626,-0.164655287930794,-0.231621137638158,0.141785674498035,0.132135526427058,0.104189942592167
"Frontal_Inf_Oper_R",0.320062433833499,0.131670911110518,-0.261384790246239,0.122330899910648,-0.393863672896581,0.174626222383741,0.0397629685223075,0.516134896338669,-0.0488417423665476,0.28141131544105,0.434922136231328,1,0.380352759686298,0.616340182364774,0.191667256147047,0.394776968333585,0.381396922094007,0.326671237030243,0.183116101460217,0.310605473506123,-0.358387709846063,-0.116608485276632,-0.095637313341888,0.0746621227015876,-0.46825318474726,-0.243051369983426,-0.352878626904531,-0.117747706766677,0.403172159414651,0.527330506632701,0.0569694512738531,0.0058737408453665,-0.158018513697261,-0.0511470737156693,-0.486049012233491,-0.456140007162177,-0.309982835216094,-0.254211969136945,-0.353529593990312,-0.22097444617672,0.00581551767889257,-0.0337925287311931,-0.113262007830206,-0.049555854481206,-0.0935062645601613,-0.0984760438066522,-0.0730860010693966,-0.0362445768025212,-0.0454883552400177,-0.0553400692962606,-0.23098492277787,-0.0541205050325327,0.032228524892784,-0.137926774737835,-0.061520405485637,0.0532804455564521,0.202734587705041,0.235660022524308,-0.165337921035564,0.175897716169846,0.352199400392183,0.409484832685789,0.494651313186975,0.678179810754491,-0.333704287624995,-0.123880213753086,-0.457073479267687,-0.340606017494187,-0.112624008787438,-0.179138101507962,-0.135638068558965,0.13796197553413,0.174920708022078,0.401211176007249,0.0739151865600446,0.349728241560824,-0.0991075006390749,-0.00322634954900582,0.203995382691963,0.163554007869317,0.274818893300449,0.236543265540079,0.279309506875865,0.230013606398502,0.0441705986687037,0.0367834885474108,0.0815237424175757,-0.117212533226616,-0.0114979476546548,0.123977878319637,-0.0934923632323232,-0.331873852539903,-0.188220122986352,-0.334307820605141,-0.144933346995059,-0.286456457921242,-0.310218272215836,-0.240617518256096,0.0212995338823541,-0.00671179573885561,0.0560248621772492,-0.0916898273959722,-0.0331743485551327,0.00645038665954548,-0.19516835696552,-0.167916564988412,-0.0120532266686656,-0.258283678563065,-0.0395245046225008,-0.240387538011387,-0.371992427512408,-0.217037584979861,-0.343708733673902,-0.120724567225565,-0.141257971906562,-0.0964083035602999
"Frontal_Inf_Tri_L",0.377372272576181,-0.095903769733827,0.224805409427247,-0.12134889118375,-0.114933837788498,0.117165932103512,0.510208591187273,0.148704100297103,0.277172616096195,0.18766683606952,0.747403025741679,0.380352759686298,1,0.430792423418057,0.654678083288737,0.367377313898297,0.263027689687039,0.0356323361765885,0.0680777712316176,-0.0270155466646056,-0.1887772484851,0.117300860473204,0.149808066249312,-0.00599896751906762,-0.327165158133686,-0.238336856569984,-0.184968803248033,-0.0356606199298641,0.424930070060254,0.325519095806509,0.153843752617095,0.0440926987000775,-0.0264404734095594,-0.0981400403870104,-0.20956608427607,-0.289636732626109,-0.0740226813913676,-0.131388433173696,-0.198377845993635,-0.298512746708287,0.16591500985492,0.00684493826367828,-0.281277934595326,-0.3219958180442,-0.282901175196982,-0.405650694895344,-0.299371358132189,-0.339362307252559,-0.258218553900291,-0.252758891810784,-0.128313432291954,-0.286281882756475,0.037646369377191,-0.10450290669714,-0.160793949215922,-0.197550699472182,0.00240530037236445,-0.0286810914375246,-0.11350585796434,-0.0963948507169437,0.421032447469684,0.22528856950045,0.353843081768587,0.302875983658963,0.163870288831468,-0.109551047727615,-0.308224761603785,-0.4193232044564,-0.0179496994892267,-0.163569214867822,0.0983185158654518,0.107533779391115,0.262781770253016,0.25030450529153,0.119443139666287,0.111848800207702,0.0673470240573298,-0.269751648559515,0.211991395395723,0.0435321441000212,0.142813154917571,0.146673446610879,0.387624607503306,0.0213048694217119,0.235630084267423,-0.0796158833505687,0.0473637268653647,-0.169335135444202,0.284937196473485,0.234902407297569,-0.0683974417782798,0.0426597816240579,-0.111240174052267,-0.0121805071471416,0.0661012341704597,-0.133548158228343,-0.258930209665054,-0.301653850169896,-0.210202359269917,-0.134071175120816,-0.0591375396961005,0.111804181764486,-0.0806118708273666,-0.00539602633462327,-0.132605090265867,-0.110214570149435,-0.0506241695803307,-0.164455317477031,0.000735927839091091,-0.232471949922328,-0.435905289179512,-0.269479950227997,-0.168299973393403,0.009153571857208,0.0351931316817468,0.00279234102378093
"Frontal_Inf_Tri_R",0.131990516337221,-0.0711537148389712,-0.0898007590521436,0.32183373440114,-0.265527732699691,0.386908153644545,0.141154163814835,0.567210766185184,0.0471239743778832,0.361579965939948,0.503135821620159,0.616340182364774,0.430792423418057,1,0.268162433756556,0.577151840476099,0.161439767280598,0.00468868586592306,-0.0185989251820757,0.0878752440555401,-0.244611833880614,-0.0090925745856259,0.142250199756891,0.252029621377457,-0.247305557582875,-0.0578007797592825,-0.0810161316025219,0.123469296545394,0.220832180507038,0.342846059533313,0.149538174132699,0.156509942734142,-0.087153888708163,-0.0485823220611115,-0.186509870204629,-0.195432687649677,-0.332341714588093,-0.205338972955463,-0.271668297811733,-0.19013450064021,-0.0526078954800724,-0.019916595464651,-0.239107162367743,-0.211814443411707,-0.145168343061726,-0.184832660767242,-0.194751339543364,-0.155601682764166,-0.0526236192441862,-0.0327898956598228,-0.170991533577871,-0.0555366327870073,-0.0814687390431322,-0.221738038430388,-0.0693035710642287,-0.0518192769194959,-0.0575951916461218,-0.0849340637267392,-0.23799427691313,0.103688804778932,0.174418638142448,0.418264251427486,0.172168050943991,0.311952179879889,-0.0386666340026379,0.246611035613253,-0.218171503826785,-0.0995338054789097,-0.0584396575475636,-0.0917485281380415,-0.0834572598257765,0.0864153349957282,0.108738524121881,0.260953299243778,-0.0109352712231287,0.16874070210116,-0.116771520777055,-0.0464506866866877,0.0831298304891681,0.0912988046453376,0.0512011683728201,0.124565641100902,0.239985819281975,0.125467458840374,0.0834107288301673,0.163107011431172,0.140377254026509,0.090675739821253,-0.00073619514929542,0.311794691574683,-0.159264194403435,-0.218665862946778,0.053029948354831,-0.0867181547614159,-0.157688965989888,-0.133103370077841,-0.364414197948538,-0.266793776647424,-0.268908250059235,-0.21228338814169,0.118149105037426,-0.0270324197436928,-0.0869749279111489,-0.0789588535184431,-0.162664513140121,-0.0961888209467011,-0.108694066440522,-0.2022322589385,-0.141402980907644,-0.208433943121306,-0.380836361980067,-0.401880145026879,-0.279891449142839,-0.141161005699281,-0.151333280169566,-0.0818194545668815
"Frontal_Inf_Orb_L",0.0311417124535288,-0.085217544341165,0.34378028733246,-0.0803198683228144,-0.000753599196752138,-0.0232694540028958,0.338137868241573,0.0287648200656488,0.22885837117329,0.227888509026067,0.477644120616344,0.191667256147047,0.654678083288737,0.268162433756556,1,0.484469291566874,0.117628802034505,-0.0553243032376984,-0.00439170331411204,-0.0964354839513433,-0.103153443131278,0.215355317374368,0.316138623149355,0.173887909185915,-0.160620480423061,-0.129840399929527,-0.181648102424957,-0.0734330597922219,0.414352649668226,0.360392130006945,0.30342480038045,0.157038052063582,0.0639108513253042,-0.0724908866308813,-0.047307769702658,-0.193118465258702,0.142215607188052,0.0431133648533425,-0.0514049460393314,-0.133381419367822,0.358445479508781,0.19947569643853,-0.314833112421762,-0.351291486429018,-0.275158137892796,-0.404084260695226,-0.253730631689066,-0.346045464841568,-0.274343791601464,-0.324083293373193,-0.188250832308862,-0.312677353295324,0.0368027870437433,-0.0450665184995234,-0.134440205865208,-0.246500140526742,-0.213360319345651,-0.0617510978238782,-0.28123585164579,-0.155986342337964,0.157357036362845,0.0916793686019407,0.178892017874173,0.264644609221303,0.22680660305582,-0.133294173508993,-0.310883830479566,-0.399633480611113,-0.114603517884503,-0.149854240808043,0.13630685880832,0.185235733815987,0.267696539748925,0.273192989698647,0.165672659381872,0.208211739018364,0.109515955532159,-0.212720909043111,0.131704272107243,-0.00312624405208257,0.0655490589449884,0.0780635782475779,0.610312668971389,0.125836556397485,0.287706706503338,-0.0109775337760107,0.227222287738152,-0.0541780456212409,0.257612329933374,0.137982885217761,-0.109501275230006,0.0491082065420331,-0.0756083691927489,0.0641626544063832,0.0369761762983775,-0.119432350188059,-0.125075806766891,-0.242593643742785,-0.166455074232357,-0.289601505712842,-0.0911987674393911,0.116799958958809,-0.0484068183787722,-0.0225542544690253,-0.173742823316954,-0.165974565314208,-0.227931964217882,-0.268161962569546,-0.0987447424977127,-0.239698235630143,-0.341423833617605,-0.214317070326815,-0.164033799955868,0.0461018143332078,0.00748505857409581,-0.0186572242348307
"Frontal_Inf_Orb_R",-0.126075760664911,-0.10925544103301,-0.0594035422369951,0.117862388751562,-0.197385566247445,0.253770647357934,-0.00848295041219459,0.258821158774243,-0.062099018331392,0.363661576380632,0.304000133501274,0.394776968333585,0.367377313898297,0.577151840476099,0.484469291566874,1,0.154262472147444,-0.0227445970542196,-0.0498449692561623,-0.000435813305301459,-0.15304046829024,0.0892697145817172,0.280991583206213,0.378806494443532,-0.120494316784308,0.0799478075351704,-0.164018008582278,0.00118784251013489,0.361168540218194,0.548269292006859,0.343928724520931,0.25202872241273,-0.108336568400045,-0.117639193595829,-0.197347585662173,-0.248879754744917,-0.00377978338178598,0.0475437757484512,-0.0502046170005247,0.0226623226243397,0.255005401860408,0.250218445525849,-0.296767672261503,-0.356065339836485,-0.261449462018738,-0.254397779989919,-0.148510306484026,-0.24270323420601,-0.206116961174999,-0.216375081925982,-0.326889016143806,-0.10128186221671,-0.0887527701400695,-0.208775093473206,-0.0595505132081246,-0.0834738604567893,-0.155853993568103,-0.227626047815136,-0.430396998541735,-0.141294736427198,-0.103420360036125,0.0177165653629266,0.214725199279448,0.34551222296695,-0.121284503762109,-0.106740082804221,-0.310715231682755,-0.262816200041556,-0.211769281391224,-0.182371238563697,-0.0169412494256698,0.14384741997423,0.209485529267771,0.284946046050972,0.158602623429021,0.228090782855524,0.0141173011830837,-0.00882599882530107,0.150185799607018,0.0235102044392948,0.123512249005555,0.134204358029474,0.578253019535706,0.420899066184961,0.140705782802763,0.296753642265838,0.332817281995162,0.149391110007848,0.16087229662672,0.185259306726037,-0.0549754987496488,-0.174877931823213,0.0982456542258761,-0.0332355066123089,-0.0158875986662097,-0.0515029216887313,-0.139892725042798,-0.161139510945714,-0.166717079230006,-0.244397992568978,0.0807101662659446,-0.00229665702307395,0.00483356365111463,-0.0609025974924562,-0.2186148353681,-0.124325505750174,-0.135978889788724,-0.206866179841554,-0.0824668779239731,-0.164241626355308,-0.333010084132239,-0.22368578870312,-0.0871933219259299,-0.0438154660393479,-0.0439703844607697,-0.0133218240372315
"Rolandic_Oper_L",0.31430660762103,0.359880443132043,-0.220697568796583,-0.195357048116048,-0.361264893746186,-0.0860829491303813,-0.0536107776773245,0.00273043242993264,-0.0568818213903233,-0.0214962293609176,0.360228370835232,0.381396922094007,0.263027689687039,0.161439767280598,0.117628802034505,0.154262472147444,1,0.745889736333574,0.356267261521169,0.419314530653507,-0.235839856681728,-0.289065918729045,-0.249895066161563,-0.268123994193073,-0.448474889191251,-0.313463655560082,-0.299255165369335,-0.268090071902885,0.678405974213204,0.730924204769334,-0.106330558047056,-0.262648699920187,0.0609685941864621,0.103663614340135,-0.474828520574253,-0.427634673671498,0.0329551204232215,-0.144018142964871,-0.0955226998878634,-0.0354692361798804,0.205974329927849,0.160882023160818,-0.0986566766162987,-0.129355876475224,-0.154534691490306,-0.15336228656302,0.042846128116943,0.050459464095145,-0.168097752447639,-0.278719982649545,-0.387633807772427,-0.304507991614139,-0.151247993466049,-0.273088744044027,0.00909647295315101,0.00234791011152732,0.492024888049891,0.289043478149267,-0.148436382196262,-0.148870343758089,0.0890641241170684,-0.0313934562998784,0.689801096235587,0.505646160348923,-0.183470488557989,-0.214021303425826,-0.273365139689708,-0.239036614454847,0.111091420339294,0.05632013606986,-0.192622275878008,-0.0689685881541529,0.399180710161599,0.564729228726191,0.0584692915858379,0.370069315369078,0.00533374050060672,-0.031299091605216,0.813166298469599,0.589637445121831,0.848595272091346,0.625375813592686,0.4336646848093,0.360999011568134,0.179594285036901,0.00581318288146196,-0.048523067353038,-0.10139697822425,-0.0931549582320926,-0.222472390483945,-0.339606047554497,-0.351973773598135,-0.490904497133888,-0.402459516000574,-0.0361108749822453,-0.0109909276396791,0.0311563548900909,0.192623556888662,0.0900148689555541,0.148165129198962,-0.342965121053942,-0.29893403957588,-0.0653226893487625,0.0682898544191701,-0.266097970634891,-0.148367047522302,-0.10919192985108,-0.173073769730898,-0.0999632275549611,0.0255429460113734,-0.121367916031201,0.0482150592828905,-0.262264766160084,0.0984627270204878,-0.0203844988690125,-0.00803238287847194
