"","Precentral_L","Precentral_R","Frontal_Sup_L","Frontal_Sup_R","Frontal_Sup_Orb_L","Frontal_Sup_Orb_R","Frontal_Mid_L","Frontal_Mid_R","Frontal_Mid_Orb_L","Frontal_Mid_Orb_R","Frontal_Inf_Oper_L","Frontal_Inf_Oper_R","Frontal_Inf_Tri_L","Frontal_Inf_Tri_R","Frontal_Inf_Orb_L","Frontal_Inf_Orb_R","Rolandic_Oper_L","Rolandic_Oper_R","Supp_Motor_Area_L","Supp_Motor_Area_R","Olfactory_L","Olfactory_R","Frontal_Sup_Medial_L","Frontal_Sup_Medial_R","Frontal_Med_Orb_L","Frontal_Med_Orb_R","Rectus_L","Rectus_R","Insula_L","Insula_R","Cingulum_Ant_L","Cingulum_Ant_R","Cingulum_Mid_L","Cingulum_Mid_R","Cingulum_Post_L","Cingulum_Post_R","Hippocampus_L","Hippocampus_R","ParaHippocampal_L","ParaHippocampal_R","Amygdala_L","Amygdala_R","Calcarine_L","Calcarine_R","Cuneus_L","Cuneus_R","Lingual_L","Lingual_R","Occipital_Sup_L","Occipital_Sup_R","Occipital_Mid_L","Occipital_Mid_R","Occipital_Inf_L","Occipital_Inf_R","Fusiform_L","Fusiform_R","Postcentral_L","Postcentral_R","Parietal_Sup_L","Parietal_Sup_R","Parietal_Inf_L","Parietal_Inf_R","SupraMarginal_L","SupraMarginal_R","Angular_L","Angular_R","Precuneus_L","Precuneus_R","Paracentral_Lobule_L","Paracentral_Lobule_R","Caudate_L","Caudate_R","Putamen_L","Putamen_R","Pallidum_L","Pallidum_R","Thalamus_L","Thalamus_R","Heschl_L","Heschl_R","Temporal_Sup_L","Temporal_Sup_R","Temporal_Pole_Sup_L","Temporal_Pole_Sup_R","Temporal_Mid_L","Temporal_Mid_R","Temporal_Pole_Mid_L","Temporal_Pole_Mid_R","Temporal_Inf_L","Temporal_Inf_R","Cerebelum_Crus1_L","Cerebelum_Crus1_R","Cerebelum_Crus2_L","Cerebelum_Crus2_R","Cerebelum_3_L","Cerebelum_3_R","Cerebelum_4_5_L","Cerebelum_4_5_R","Cerebelum_6_L","Cerebelum_6_R","Cerebelum_7b_L","Cerebelum_7b_R","Cerebelum_8_L","Cerebelum_8_R","Cerebelum_9_L","Cerebelum_9_R","Cerebelum_10_L","Cerebelum_10_R","Vermis_1_2","Vermis_3","Vermis_4_5","Vermis_6","Vermis_7","Vermis_8","Vermis_9","Vermis_10"
"Precentral_L",1,0.779256124178064,0.0029900100824536,-0.243772876079437,-0.248155023596139,-0.198356766235622,-0.0837922088962802,-0.0505793255468924,-0.0481590925213462,-0.0167797619635928,0.35819069689966,0.311089648232604,0.28799544399731,0.153838292729517,0.125441212574607,0.0470044217800563,0.55603412919182,0.500367736821622,0.435449885896545,0.462906096236198,-0.30893876994617,-0.321566141437184,-0.307980348836182,-0.332859505766932,-0.338479911716855,-0.3757088658803,-0.195349825444953,-0.299120237334971,0.254076663144368,0.286034977546632,-0.235587735328128,-0.274496574431457,0.15243894516125,0.122839376173421,-0.309654559723529,-0.323019509612735,-0.110215250428612,-0.0862159550846423,-0.0535858060066976,0.0114965635274022,0.124604574554038,0.15361980492119,-0.0169545633210965,-0.100270347664884,-0.19343226211272,-0.0507085367601854,0.0348777975930513,0.0616253220148102,-0.159585760245581,-0.107204185058068,-0.194781171302799,-0.10636879793911,-0.02440138175415,0.0706906542847891,0.102785483909071,0.181496006566428,0.747169173319861,0.603224145809081,0.169504238867777,0.0364780110318179,0.260439460307409,-0.04528720252147,0.504732238852691,0.305862978849015,-0.221093908719262,-0.306783937161505,-0.165327691297704,-0.174169269823919,0.397465630562803,0.288080885525825,-0.330666427663118,-0.321043974935573,0.0971738836937355,0.314757622798269,-0.0264522872300899,0.18192378150687,-0.177831228701058,-0.169774380990007,0.41701588155306,0.472907426390322,0.506738811937308,0.480739967052709,0.196311178713611,0.236863080626736,0.223069507533979,0.164295528616719,-0.0184011573108951,0.0695005631635444,0.000404486244061922,0.0806782963687821,-0.169111517076681,-0.103148239816043,-0.384461701231057,-0.217823344049946,-0.118450295263818,-0.173009969198295,-0.0904408022378931,0.13513434864882,-0.0114310044226419,0.175108930565393,-0.224129266644513,-0.257391931842358,-0.0569512136034297,-0.0310939546912763,-0.322800194045215,-0.248218342092983,-0.152983422768231,0.0346815964058897,-0.150348296224074,-0.023702925609316,-0.0798513477595197,0.00263966169588494,-0.122375376350873,-0.0331258776031874,-0.206606225060063,-0.216816938907652
"Precentral_R",0.779256124178064,1,-0.107593864010246,-0.200339001897163,-0.302655989919109,-0.181657771527973,-0.254858429462926,0.00128782874513621,-0.0996168374152939,-0.0285461223745559,0.302543304917891,0.40599394113647,0.140274958337206,0.184402507424833,0.0034048235274484,0.0503717743704575,0.593668763378649,0.695823505663964,0.470685372450032,0.530729225105275,-0.309261462341631,-0.288852114682464,-0.259385480444906,-0.256372152242216,-0.324038644718526,-0.323673041113556,-0.233255956070667,-0.259804683959383,0.205801401158877,0.327684884359895,-0.16821813774672,-0.174605644242449,0.131823543031451,0.172567141621966,-0.36762898401363,-0.3739468349202,-0.113686829365927,-0.0821751227344079,-0.0670625170540114,0.00631496494706089,0.17554935646469,0.209100704436121,0.0088676258914706,-0.0661901104298258,-0.257200170514957,-0.0923067599687352,0.0552712193979021,0.0746859076042299,-0.185588019137797,-0.108865197289725,-0.232687630642615,-0.175527487556978,0.00277085835700525,-0.00066173417341795,0.0630350707385429,0.141406248765174,0.790376823464011,0.719035247725226,0.0405833803722758,0.0328982620394029,0.0850688645767765,-0.00380055526052558,0.473049529370602,0.356474459843466,-0.397593632770973,-0.360064453841102,-0.295965112357299,-0.223094523608851,0.402659038508708,0.442994932708251,-0.29395569115233,-0.271429087522892,0.0794421703581617,0.336188981143574,-0.072655011439839,0.214923520227186,-0.101513943737845,-0.0145870046705933,0.447214899625411,0.596433038918118,0.53941892747496,0.524784637682986,0.0866123260572225,0.236664852801428,0.0742223125171323,0.109979236083236,-0.000948457476286627,0.0717839336991506,-0.0726827344621628,0.0962466509600015,-0.0906261480181471,-0.184639258804549,-0.290273658250138,-0.19111104392728,-0.11678574175682,-0.112878503605669,-0.0610740813287011,0.0254813553927668,0.0274339709808831,0.109975587392197,-0.170510760264964,-0.183334277044845,-0.0504378855268437,-0.0397273650982425,-0.289050387296846,-0.299210140222442,-0.0739697687777088,-0.0603381654658078,-0.0736724044946532,-0.0246023599231749,-0.0929479022007605,0.0847910098558293,-0.0485126737975083,-0.0337328568638469,-0.184649328468637,-0.215515910610525
"Frontal_Sup_L",0.0029900100824536,-0.107593864010246,1,0.0950454410362928,0.28294197851857,-0.0760911169624044,0.707523545580818,-0.0818198544791658,0.256624815768127,-0.149518153525451,0.246149857422757,-0.121481367687996,0.280917955927283,-0.0232020379286808,0.314563139368135,0.180491424091708,-0.0561449985669144,-0.0293094331566037,0.248021945995367,0.0545192640863031,-0.0470340910693187,-0.0502184687053632,0.616006293028857,0.361824057455242,0.203274271325658,0.102513479472912,0.129735897096354,0.0942942045093243,0.0151089995710169,0.0417810686722218,0.282057330012697,0.129267687667026,0.252948205085731,0.0524471871915663,0.247484477714802,0.144882800515799,-0.121860817430331,-0.215327311870072,-0.124834757702785,-0.129011911079181,-0.0801430861856388,-0.10570929729419,0.0635322790285246,0.059103979240052,-0.0277847747649974,-0.0456216340947899,0.0853300804110746,0.0792454855192871,-0.213053942760821,-0.212077385332447,-0.00135258855270936,-0.145962351997799,-0.0470326724095268,0.0963579868307784,-0.15989694910614,-0.157536147182298,-0.191368646620121,-0.170093805335383,-0.0782725491182165,-0.332247721992202,0.141600536754977,-0.117029509382529,-0.044894806955032,-0.0321172681991986,0.492017247057486,0.0608054876630157,0.0834254067920909,-0.195334550739577,-0.134483188715811,-0.194351395771671,0.0639001027575702,-0.0262713657279044,0.109466776660136,-0.0642415056733789,0.0796316786075643,-0.0304115518381886,-0.0528532201100613,-0.164623755621002,0.0189895524735539,0.0672057412851582,-0.0118205182884027,0.0678547226548263,0.241388043963798,0.0199593925469582,0.273149662859778,0.192205777941606,0.134616133584765,0.21532034759311,0.0605100676453735,0.0323980254217016,-0.150655852938997,0.138610548072571,-0.116710938624491,0.150969904342203,-0.264185187396649,-0.323984017818587,-0.133271196249667,-0.141704823368001,-0.124867773652906,-0.0168157193488195,-0.299546585676919,0.0534275082932899,-0.268894268721833,-0.114174601304552,-0.312495021024438,-0.0836490765803967,-0.260987686647656,-0.129485103710338,-0.170664013419053,-0.190857460160027,-0.0457440363445547,-0.129070697472301,-0.184410880592607,-0.0657332785298362,-0.0744350043820961,-0.204165764824702
"Frontal_Sup_R",-0.243772876079437,-0.200339001897163,0.0950454410362928,1,0.0958457981076288,0.456197429015389,0.21019385637477,0.708480316505687,0.0246265908352752,0.47136102788171,-0.0170322872728821,0.0758266634371907,-0.0716739174344739,0.267547728885151,-0.0734736617549199,0.304359833476659,-0.265618735347971,-0.26209278538989,-0.0424715749830469,0.12536989188651,-0.0390830923991062,0.172680661308235,0.256161524468282,0.572939566705201,0.219280431211269,0.448523855499318,0.108834008714058,0.234387927730186,-0.169076417303566,-0.100724184033068,0.0814731220848822,0.379037516856018,-0.0861024254684283,0.209703357739583,-0.0534814632944562,0.141388098689089,-0.420398295706468,-0.196922531816149,-0.379017216422719,-0.235878363708736,-0.314662476924496,-0.108333421527721,0.0290494393379216,-0.0295132649252866,-0.157744276772221,0.016673341385824,-0.0343139955899558,0.0365504842592688,-0.12009067671512,0.0752557031262557,0.0474342692828851,0.170227972858127,-0.0124742064942117,-0.0329148266173908,-0.174390780054199,-0.0386737091299173,-0.269849232620589,-0.0114916304326309,-0.0506931787793102,0.349923272329698,-0.112417919980843,0.459534447402629,-0.22990160110261,0.0717153057003894,-0.0851552337752682,0.546072292499203,0.0518843081207694,0.246532117536794,-0.1379219955386,-0.111152508217621,0.017515136159468,0.269353966481576,0.0337549460092359,0.0629772392569919,-0.0122447715345151,0.131716161357112,-0.114917011587188,0.120733448950912,-0.166362960032694,-0.263546077622544,-0.323066577655259,-0.169262186352721,-0.290362482041492,-0.124475821519364,-0.239055904629621,0.137301071451768,-0.183539260329404,-0.0173182278194563,-0.348772697488595,0.316234278203455,0.199151115965345,-0.147159163585061,0.252031946740691,-0.0972158352960184,-0.306178134990773,-0.206320710055613,-0.225861804962165,-0.175058705892221,-0.0011140525857064,-0.099850460811117,0.0561316704710994,-0.0533843650574056,-0.122452943145848,-0.11921749413203,-0.105777523591348,-0.126294603258962,-0.08940715964246,-0.216162964209274,-0.208629633193082,-0.292191730478102,-0.0402821791499752,0.0221544696838936,-0.00997019587916385,-0.0369088080357541,0.0855754915431977,-0.270231742684746
"Frontal_Sup_Orb_L",-0.248155023596139,-0.302655989919109,0.28294197851857,0.0958457981076288,1,0.26378266333538,0.205954797212224,-0.081337440831758,0.484276038088241,0.175455421098183,-0.206099909031574,-0.311377974885294,-0.0514069383904655,-0.06412266291592,0.187023681466838,0.0420365962636822,-0.368982039118201,-0.328107341136118,-0.269118041154157,-0.318764463270761,0.384976678421078,0.30626674601565,0.284558392500494,0.19449898728342,0.620055541967511,0.457166883210771,0.771358031302698,0.611482560179962,-0.386369202020017,-0.286441344838257,0.0901229594023601,0.0192889531837625,-0.0681713777750608,-0.158006756187668,0.381430062226443,0.3310779738727,0.0287875030425525,0.00634422948770839,0.187162212936841,0.206466467029046,-0.123789325837089,-0.130036819618729,0.160456713243582,0.0601098541360262,0.151001629892058,-0.0594123907888126,0.0293163613132497,0.0213304886139546,-0.0730042891670456,-0.129411086764984,0.00727482792937769,0.00737015253238256,-0.0283304121686069,-0.0527854025425858,0.0372797661509226,-0.0166500599886229,-0.362738506647255,-0.321941837470941,0.0304412124505267,-0.129899143965046,-0.183080119822841,-0.14409665803433,-0.304457375316488,-0.328667587769542,0.443932178718263,0.323092561505898,0.371659159569197,0.19180476173985,-0.0933527025633016,-0.111709765309527,0.0338688248345423,0.0211674442567912,-0.147796369341932,-0.297537850302343,-0.113839512227179,-0.208571948911267,0.0442229195416623,-0.0369211421581454,-0.215351461888059,-0.145813923193977,-0.255223819836418,-0.189270502981583,-0.0155834042864166,-0.190515649366187,0.0478072483131791,0.13412751889822,0.198079700755717,0.155140200332293,0.0828605734794006,-0.0417995808033951,-0.275083068747267,-0.195018197308827,-0.115670762854494,-0.0571290710910842,-0.072818685076124,0.00762115906053073,0.0477742377230864,-0.103076038614919,-0.237047422862212,-0.283068023685256,-0.217984467173228,-0.11124219673986,-0.248895388390639,-0.307817164593585,0.0612783389121624,0.154134487368492,0.0248778912332355,-0.0369027772114523,-0.0377294731026051,-0.0352539602688846,0.142888545527514,-0.239287154738151,-0.219411014565587,-0.226578022651386,-0.0224875452361334,-0.0295148481922021
"Frontal_Sup_Orb_R",-0.198356766235622,-0.181657771527973,-0.0760911169624044,0.456197429015389,0.26378266333538,1,0.0919258030939056,0.559873771344288,0.356463842510063,0.831461893202843,0.0989774634763223,0.219431452684376,0.155862247151211,0.420595945154884,0.19301577909427,0.410848132258684,-0.161290368927569,-0.184634990981881,-0.159417054412749,-0.0408529585111007,0.10648320487068,0.2758843928816,0.0519351291812512,0.199899914826747,-0.00404594756313296,0.37538504282137,0.120421607283006,0.449039595759066,-0.128600596300204,0.036913968880706,-0.00802822129725709,0.237103378584964,-0.214861677639481,0.00715984697045021,-0.189758552788005,-0.0508944492720288,-0.304819870519359,-0.2131076492098,-0.154555335807524,-0.152033228849796,-0.155011725871787,0.0126841198841007,-0.134851210112525,-0.150498141468561,-0.109716945095968,-0.0210277432768215,-0.116761105195022,-0.117559878216648,0.0471401434183278,0.139372400924094,0.149179387710848,0.144867330762752,0.128583551068942,0.104799891453219,0.00627471669840152,0.0349552260763295,-0.237868719213209,0.0589860460872639,0.036879751561034,0.353898496684719,0.099240764724574,0.427204319444054,-0.105015750497132,0.14559556958137,-0.0543240342512531,0.260481240926459,-0.0822300770001554,0.0720209455946841,-0.135436181626154,-0.0251046715912496,-0.0177351295327965,0.198321548704049,0.0667959064441284,0.0879184660810449,0.0633802999685239,0.111840164531242,-0.117510133090649,0.103436317792298,-0.162564848944912,-0.209346893910567,-0.206842705615802,-0.13522197690316,-0.111613377891462,-0.0671601363733735,-0.157475041738907,-0.0286866416252388,-0.0100035243682178,-0.0911272308373963,-0.0784197919995611,0.155287155884244,0.123542094725926,-0.0383768544896226,0.170293258108306,-0.0914033612805092,-0.213718078828915,-0.179127052273835,-0.273001339243689,-0.245433858822487,-0.0785083709836928,-0.0373623921033489,0.0846965180642619,-0.0687458278444742,-0.0336314924584668,-0.23376248695586,-0.148696837176761,-0.205209009486491,0.0154705838993485,-0.32206962105938,-0.0978473766561296,-0.276640473757138,-0.282101858830018,-0.267183314807876,-0.0553397233256811,-0.168986616726017,0.0183512630812802,-0.173537255354974
"Frontal_Mid_L",-0.0837922088962802,-0.254858429462926,0.707523545580818,0.21019385637477,0.205954797212224,0.0919258030939056,1,0.253327688152478,0.339692836130427,0.0547001557650126,0.315847726181159,0.0238127351290052,0.411649546799513,0.129572415758973,0.256490359729538,0.127407297877023,-0.0528167931252654,-0.0895239325622284,0.189016495629991,-0.0266427196078606,-0.0305709294137355,0.0864584568589871,0.40422652514628,0.27147056067591,0.0740396241506781,0.106192883482441,-0.00332009682321271,0.144543056548168,0.0799973714231327,0.0321181980542387,0.228552578290129,0.232083801751772,0.233755655079922,0.100288217519752,0.104181404068893,0.0555181382985962,-0.339772079263323,-0.24814649272286,-0.342508713235644,-0.380156960618034,-0.2253225195764,-0.245015516408707,-0.092604694151459,-0.105838657936475,-0.0281578227161312,-0.0454627709721541,-0.0601810613344307,-0.0635244529974028,-0.146914349322051,-0.127946722730378,0.112560002951732,-0.0696243761190625,0.0170185808160108,0.0679887977541759,-0.216416265085077,-0.235665133210664,-0.335879846540493,-0.28465776971135,0.0646595950682369,-0.116531420939175,0.380927144464713,0.175997915409878,-0.00777922276710718,0.0809307833284559,0.381869575073202,0.194146342138047,0.127636221478523,-0.102624327585973,-0.206422906488768,-0.240186051367279,0.216211901009479,0.154252430514349,0.136218929336916,-0.0313758379618407,0.130958899862906,0.0170966856088084,-0.119030545213946,-0.139561501332469,-0.0314583935720156,-0.151598212367153,-0.054009086314669,-0.0087477957229372,0.0452115043949438,-0.135150054334297,0.101306022329807,0.0284227018564955,-0.151217161853374,-0.101523726183391,-0.0434432945947553,-0.0481658130701571,-0.0139645397964796,0.201731815708418,0.0616400652351818,0.192320174978204,-0.334397439850747,-0.352262297665687,-0.344675557133248,-0.31010045561085,-0.173312492899411,-0.1007365605442,-0.0832474501313643,0.16264214366924,-0.19191403660342,-0.0584170830591355,-0.286514486960384,-0.138516270871758,-0.277112116594744,-0.181354048610931,-0.232244583985912,-0.232192918341306,-0.268379489532478,-0.240683218410028,-0.0220978916651991,-0.0901229452609778,-0.16932135919932,-0.194138857623693
"Frontal_Mid_R",-0.0505793255468924,0.00128782874513621,-0.0818198544791658,0.708480316505687,-0.081337440831758,0.559873771344288,0.253327688152478,1,0.10082131355674,0.653689801647597,0.199166332530208,0.472582358120602,0.166884424794717,0.545357392233761,0.0307214268968905,0.365300069060537,-0.00622140683034577,0.0300263273758352,0.153017368535846,0.202593381837571,-0.191411466991984,0.150086249743924,0.0753912798058207,0.279992599160318,-0.0794993647646415,0.185623354219424,-0.108747853068419,0.164598643015657,0.0449253934752011,0.177817054349306,0.0809669018117348,0.356916648788324,0.0671850266341159,0.30990226870915,-0.228781347448191,-0.0678367261881667,-0.498090811943574,-0.276755798510155,-0.393375523311442,-0.296433296261635,-0.215163420081098,-0.0778015708036349,-0.156801364816359,-0.207304566914413,-0.262386133492425,-0.090637585262013,-0.206359053392816,-0.0689344043729781,-0.162117494766924,0.0895258409061606,-0.0563423423816113,0.0924320382445356,0.0149314987137542,-0.0487124804044891,-0.189171667547294,-0.0728437401532216,-0.105624365491372,0.165896605946154,0.0224697557717237,0.472569225152868,0.200455381973751,0.763295002780055,0.00958378845276255,0.342093060204673,-0.230367332978778,0.382226046824394,-0.171681765223209,0.0574166379132761,-0.139527846985423,-0.0929072532276493,0.0298253942841713,0.30211197304081,0.155020902146948,0.288602476368869,0.0465227288277857,0.296022795297591,-0.0696977367545622,0.295333690506524,-0.106814712842112,-0.134628234835234,-0.17102507589415,-0.0667927341377335,-0.194923926589293,-0.0426379659858029,-0.311997919903219,-0.0213302271448482,-0.200539485404036,-0.197052840642384,-0.279426959356123,0.309025409472509,0.110160031721256,-0.160978938348675,0.178860777768284,-0.149828983471398,-0.408426410017306,-0.315913917280055,-0.434502704189339,-0.345120989539233,-0.0910282610413069,-0.138267376190859,0.1340907265172,-0.0674468420339303,-0.09726666790266,-0.179041775314922,-0.266337686114609,-0.317197844413126,-0.112612683886832,-0.378673432654433,-0.246656808541403,-0.348864611284118,-0.25287871747557,-0.141391624598592,0.0316948863710762,-0.0472093378275423,-0.051615022339449,-0.315932491132198
"Frontal_Mid_Orb_L",-0.0481590925213462,-0.0996168374152939,0.256624815768127,0.0246265908352752,0.484276038088241,0.356463842510063,0.339692836130427,0.10082131355674,1,0.405677638015384,0.0400227237477708,-0.0158494633545754,0.227301039524309,0.0174026375427119,0.524905978504651,0.0733671420107358,-0.128129734830645,-0.0840243542825087,-0.121590506778925,-0.196312601381692,0.246116328610639,0.220029510856702,0.0760287375234374,-0.00778696324608585,0.0659783544790582,0.0813725061482595,0.184127995109085,0.382576465134126,-0.0472343454550115,0.00451478532630225,0.0111577269065602,0.0227356788035721,-0.0418488608785913,-0.00483906905226716,-0.00773620377196846,-0.0416731368318608,-0.155694160174226,-0.034999105339923,-0.093353646448941,-0.155424217150172,-0.208438460119544,-0.0569370240414143,-0.120884028779458,-0.0513603001921918,0.0569625713726344,0.0629497657420062,-0.102147737404454,-0.05059453575758,-0.0055116141141569,0.0084804924596111,0.14447461063534,0.0213414721638096,0.0263271686938154,0.0797978310575861,-0.197844096062062,-0.0979459385064146,-0.175996692648622,-0.0548288654845505,0.0693964248439543,-0.00506824891639261,0.20771017215685,0.127211597186043,-0.0358915944444056,0.0520450618870459,0.23123855786169,0.0600491253360999,0.103994087196969,-0.00444079332587227,-0.0671435106638636,-0.145751843160125,-0.0281346856900379,-0.0681071513138177,-0.123705750352235,-0.0933392490294752,-0.0843377392848973,-0.0803133925471434,-0.130483401531827,-0.136737820285643,-0.0565420183835127,-0.0580579093692316,-0.0208698015894804,-0.0282051730631325,0.00676928739085816,-0.12232574225047,0.0597170237558548,-0.0136622485359594,-0.112776868113425,-0.14018484529346,-0.0502763103734182,-0.10982371317915,-0.185014118194733,0.034203894959001,-0.00231348555480718,0.0635120348517698,-0.161970821240329,-0.151924209026089,-0.217129995429558,-0.188293018566717,-0.253580729779252,-0.0775123912066358,-0.0549409507447113,-0.0690646323048063,-0.0620368809115877,-0.171830614532587,-0.15889655730615,-0.111291309930592,-0.135576305893437,-0.01556876245419,-0.160518961402907,-0.210830869607108,-0.306698188100921,-0.229830184836926,0.000318125021995053,-0.196074451090827,-0.111837985648357,-0.0849522997304743
"Frontal_Mid_Orb_R",-0.0167797619635928,-0.0285461223745559,-0.149518153525451,0.47136102788171,0.175455421098183,0.831461893202843,0.0547001557650126,0.653689801647597,0.405677638015384,1,0.0660691506630761,0.320589721540075,0.145999558846676,0.462015201934986,0.230890790014153,0.429487457459922,-0.0266162906560614,-0.107777102818604,-0.167971978401225,-0.0139449291360229,-0.0513512551890552,0.15587657253396,-0.0432079408111982,0.145613871936491,-0.0837528294809275,0.258315903006466,0.000716044791274248,0.287293366648257,-0.0331815279760497,0.0936271984564811,-0.105127010533852,0.176310778495205,-0.242651202972376,0.0115630416902446,-0.298828402297176,-0.141877888343964,-0.364989014808259,-0.194606699553382,-0.20178313390858,-0.178278438512073,-0.131838564726651,0.0270284175487541,-0.16036259344444,-0.139406021016638,-0.113008853486305,-0.00316188543667673,-0.117060493193994,-0.0602483061270958,0.0265402260314018,0.160654838651476,0.045489670372507,0.142710263587388,0.0145232544253963,0.0798238991546025,-0.101573782960603,0.0479090946859042,-0.0462205407322536,0.185615366730215,0.00229872845177461,0.433246010584104,0.0966993057731743,0.502587343103856,-0.0664763192356211,0.175629640922299,-0.154748452060214,0.23379917999331,-0.147252653974392,0.0231103392142317,-0.0841278226299997,-0.0184180508004979,-0.114540922329527,0.0927100859001083,0.0475835132228157,0.156285660574424,0.0628987668264178,0.18052633390464,-0.178483033847016,0.0665873686931471,-0.0480969885547591,-0.144729496143383,-0.0757497780026274,-0.0579004049965466,-0.0909719102548777,-0.0240189777090505,-0.113702576907906,0.0128469878558467,-0.0582119606121782,-0.140878081722011,-0.218543234317122,0.17657451906585,0.0768102980214911,-0.120204641694896,0.174339365657646,-0.126410486944904,-0.243769735116268,-0.223701743301484,-0.312507346610458,-0.18804833281152,-0.130374968845906,-0.0679622389000317,0.0882621240042261,-0.113431008424,-0.0530859660035778,-0.217544652870729,-0.152560071431286,-0.304947459209907,-0.141479976789408,-0.26159370730915,-0.063995264092727,-0.329714689755918,-0.312864435614041,-0.166688416271296,0.0188348905861712,-0.111564745616628,-0.0470530531490338,-0.24862151567018
"Frontal_Inf_Oper_L",0.35819069689966,0.302543304917891,0.246149857422757,-0.0170322872728821,-0.206099909031574,0.0989774634763223,0.315847726181159,0.199166332530208,0.0400227237477708,0.0660691506630761,1,0.580501758096081,0.789731652505725,0.562591014509632,0.433157850779069,0.370403949326966,0.336577041498188,0.391149594944687,0.368187934186863,0.250219812451559,-0.200433010149361,-0.0130652797017689,0.114853694145126,0.071630234870819,-0.33858759108521,-0.283035709759628,-0.235115131993125,-0.0436884782439718,0.351350177522214,0.454388876000999,0.133446953003647,0.14910924339385,0.0648298101108359,0.141960021091726,-0.388006872372359,-0.361029496418841,-0.10842612020922,-0.0971990226133516,-0.123591249392716,-0.0714462547586545,0.209473205710746,0.228968818996094,-0.235556691181626,-0.327774850448023,-0.471236065838478,-0.314550219823561,-0.125290533082641,-0.153485034463426,-0.365553894539171,-0.237229039164855,-0.0507677028071001,-0.200231066572658,0.227875142115661,0.176568550501649,0.0737047621043709,-0.0581790412190046,0.117320216592102,0.244918529015203,-0.0522174969790003,-0.0742897839746842,0.391370326090439,0.277783508965063,0.332601823761576,0.351428737440926,-0.0117804720827813,-0.138928439148853,-0.409556944243229,-0.463696523563481,-0.0260909147519412,-0.0227946883596521,0.11877839831068,0.156676124070996,0.339784466496664,0.443386207761098,0.224768796048317,0.255969401298683,-0.051576183276645,0.0795618826703332,0.206341374358432,0.25603967832586,0.249940429944942,0.384711388209691,0.394336032184783,0.218255047126141,0.303006586449281,0.0377684038621264,0.191693367491855,0.0599502209114841,0.213309665632918,0.182330264093188,-0.0767766956985923,-0.0398935643405453,-0.179006992063068,-0.0672692725477583,-0.320282958176721,-0.42636637033927,-0.398328737571609,-0.355205994703611,-0.210143931426385,-0.110706637973718,-0.20487266234769,-0.0401076529369654,-0.341208814069744,-0.302047074144013,-0.584462334882029,-0.503218180278738,-0.197770759367562,-0.323373749123827,-0.321367190971819,-0.368084912953258,-0.482787697481651,-0.379126299623451,-0.0600034508390971,-0.228266858699618,-0.295943857576911,-0.293294334328821
"Frontal_Inf_Oper_R",0.311089648232604,0.40599394113647,-0.121481367687996,0.0758266634371907,-0.311377974885294,0.219431452684376,0.0238127351290052,0.472582358120602,-0.0158494633545754,0.320589721540075,0.580501758096081,1,0.503079835112736,0.750757304267874,0.305654270726832,0.455163459640466,0.362310487213284,0.480538979879939,0.364072921437645,0.374125664764283,-0.262389033788895,0.0187800903030719,-0.0783466318429908,-0.0367342217773132,-0.348337500583696,-0.252976651433915,-0.263044680633826,-0.0208255354997264,0.319975245525653,0.564677434327899,0.0824023593521096,0.127594410810737,0.0849833738371889,0.174735647008346,-0.529193091622227,-0.483298535855027,-0.277270613609192,-0.094602885025743,-0.145298348277334,-0.0229364681951986,0.15879032318362,0.30313787899144,-0.338701447193007,-0.404210346247017,-0.508905062568632,-0.312794799514892,-0.264360739032481,-0.188768820702677,-0.277725328000443,-0.103161877558392,-0.191405792605965,-0.178477544259697,0.0521403681441699,-0.0249936237447095,-0.0176561548336006,0.0405705433831587,0.206923063272959,0.527927804084196,-0.0324167541242082,0.249831546860495,0.286553844145395,0.509020010694768,0.379437715745293,0.600130781679666,-0.388531028112381,-0.209841460026497,-0.513009181823224,-0.423708168025766,0.0835061120856787,0.072648649039798,-0.0874272185084617,0.175167480506001,0.210072130204002,0.553064923516489,0.0564606893290994,0.370362820213708,-0.167667423867707,0.145866852629112,0.163759578180223,0.223243092320677,0.226760261944948,0.336078322415358,0.229982712915656,0.246620127090477,-0.0114220251670011,0.0659060387076173,0.0599221254681404,-0.093445006545014,0.0541970108259738,0.291510244051079,-0.0851974729962667,-0.20225252907778,-0.120132177335388,-0.244411147612359,-0.322035986377776,-0.331572910643203,-0.446779372138494,-0.239349422289619,-0.215225423892061,-0.156704949046803,0.00779381575582278,-0.110583259537582,-0.150269547230473,-0.240695191280007,-0.41396226799404,-0.467765421280618,-0.0797519069604513,-0.247044329600802,-0.301736383978425,-0.351037366485873,-0.487321610889631,-0.295887780060601,-0.0905390697740132,-0.151682068717679,-0.211533563073952,-0.272167290458638
"Frontal_Inf_Tri_L",0.28799544399731,0.140274958337206,0.280917955927283,-0.0716739174344739,-0.0514069383904655,0.155862247151211,0.411649546799513,0.166884424794717,0.227301039524309,0.145999558846676,0.789731652505725,0.503079835112736,1,0.590900655131512,0.562645056579274,0.359470476226444,0.174660996017763,0.168072883065584,0.299758135245525,0.1339923844176,-0.195279317729985,0.0249908291081383,0.103598445786319,0.0395129643102678,-0.300281446457214,-0.268390867971364,-0.178562586336249,-0.0309593067121735,0.281117017185935,0.32527820803217,0.0747338549681032,0.112615760298472,0.110110981410553,0.113075335824233,-0.241627054837888,-0.239537966978318,-0.171421064742671,-0.0266541428463564,-0.185013681802465,-0.127439323069791,0.113671890467827,0.107025594296035,-0.0945048221636754,-0.193691010485148,-0.243110274619026,-0.203527825924357,-0.0631481662954565,-0.0781555209659083,-0.24920360161792,-0.259191371736752,-0.107869379825773,-0.257299197286884,0.130966830101608,0.183196471337114,0.0179750591881481,-0.0438530181423315,-0.0156417253885681,0.158277107078968,-0.111102317072765,-0.0498773162916724,0.441215993830246,0.231943568334584,0.222205029138248,0.254463860780378,0.0291771867682293,-0.13308163586904,-0.285554295102458,-0.36058725745003,0.0848479974822186,-0.0371085471320124,0.0889294685017474,0.159635984746473,0.17759635891888,0.235534885356325,0.164340961580873,0.108965844541915,-0.0721200751175348,0.0155073736532142,0.076724632341692,0.0466652709036589,0.130640678089779,0.191752161973084,0.329564350379096,0.0938815556762477,0.253240833595995,0.0690970915258917,0.0736327254773785,-0.00869029142339097,0.255081239280951,0.1291016637988,-0.0964077663675067,0.0663610575404288,-0.12490027899581,0.0059270141961278,-0.29253170486157,-0.426100614739251,-0.392589506890496,-0.286496363552186,-0.248605963226033,-0.0961708140003509,-0.192389115066459,-0.00649643190846552,-0.304681052831923,-0.248540983353507,-0.453525280465465,-0.361905402438829,-0.186309889741143,-0.227917953838907,-0.282832176552404,-0.323433669543736,-0.420918341511388,-0.348793497186101,-0.0738716209074496,-0.211148422017048,-0.249492475295113,-0.202056499914819
"Frontal_Inf_Tri_R",0.153838292729517,0.184402507424833,-0.0232020379286808,0.267547728885151,-0.06412266291592,0.420595945154884,0.129572415758973,0.545357392233761,0.0174026375427119,0.462015201934986,0.562591014509632,0.750757304267874,0.590900655131512,1,0.320967595127546,0.64934332575809,0.203947725545636,0.249204483390879,0.27685630784643,0.261691468120394,-0.223710486415989,0.115343386958109,0.104831945722787,0.243784775347498,-0.173361818518136,-0.0684918190988652,-0.0427090106635187,0.172931917085637,0.172466291735539,0.439924428298845,0.0709980196899152,0.179652793597807,0.0321481923846741,0.107708468246515,-0.347830592887279,-0.275017977043342,-0.321434912364,0.00093201619510789,-0.15689786033806,0.0389943461169908,0.100507880033637,0.241600498587505,-0.193267186613074,-0.332167547700419,-0.34784655857384,-0.256073608648861,-0.209572692476094,-0.170460192419932,-0.237447864911894,-0.122396435600024,-0.186427950649273,-0.156510685574108,-0.0273674290420342,-0.0462608499978684,0.0458766166868556,0.0578859993567605,0.0496791800442162,0.267323432467569,-0.12312242831857,0.179608364681489,0.199155817191899,0.456479776216741,0.164152993514673,0.380621287007864,-0.237326427638705,0.0869149845966236,-0.335667004417794,-0.240224414006006,0.0724480201182826,0.0369505594222132,-0.0489811906150914,0.28716914300993,0.15846826903869,0.435115827585701,0.0845163286218114,0.292547342533493,-0.130118285771901,0.209695395867385,0.0873092618010626,0.10638823236538,0.0786282421615247,0.237697114145498,0.190795728366326,0.216718671808776,0.0166752487105381,0.262694173173995,0.15056734003569,0.0746332165178857,0.0912914265215091,0.384842488015233,-0.0368018195322511,-0.178330547912574,-0.0549270601942012,-0.20975778371024,-0.425670069700856,-0.402635476527198,-0.438861608604692,-0.255101682670714,-0.211026036930099,-0.234307354993218,-0.0559741520084605,-0.119057975717094,-0.290650490957455,-0.311548797398084,-0.456935533398725,-0.472179073131927,-0.183613068180993,-0.412386407376235,-0.300547774434551,-0.466643445749709,-0.34860600191325,-0.303253237514114,-0.107637762874475,-0.13892389051091,-0.246529112603593,-0.355569433311029
"Frontal_Inf_Orb_L",0.125441212574607,0.0034048235274484,0.314563139368135,-0.0734736617549199,0.187023681466838,0.19301577909427,0.256490359729538,0.0307214268968905,0.524905978504651,0.230890790014153,0.433157850779069,0.305654270726832,0.562645056579274,0.320967595127546,1,0.488433995157043,0.127714621011509,0.0419050475685804,0.0793881707770009,-0.0545958980836573,0.17811080234823,0.266203243823644,0.255405627954955,0.112207237001867,0.000951568373207884,-0.0991015664045336,0.074490213051172,0.198806721946636,0.378827598808011,0.330015565657723,0.314778377449033,0.203752827712628,0.057313967556134,0.0141057957077606,-0.206806766060611,-0.279295814165226,0.0204439169541324,0.0125175295722542,0.074510869637035,-0.00778468946149168,0.207066206452116,0.271852943492315,-0.241769608832025,-0.196359214793442,-0.198252445758701,-0.181406090736936,-0.144710914843816,-0.157088052554203,-0.247554921303223,-0.225703317398517,-0.196227824648188,-0.244847439515043,-0.0851818256537895,0.0894345586316099,-0.10655678036435,-0.113931185469822,-0.0443064784328757,0.0478229695132452,-0.237806635449239,-0.164932128742541,0.249962527133275,0.0538012043886951,0.158894961169271,0.127494735408459,0.150393981212166,-0.176200119879775,-0.295750290140523,-0.41632708585286,-0.129664286492759,-0.256317600426349,0.105113288288545,0.126195646243921,0.244594519467594,0.219651088788988,0.234735055533305,0.172971866603874,-0.0150528037475703,0.0484678200923951,0.14919815423933,0.129297522814186,0.219140546505143,0.148831600323449,0.563713720602988,0.212309690398259,0.349712560474275,0.111479861613581,0.255605462010378,0.0249070658706859,0.12355274308821,-0.0282795635679815,-0.402532281065986,-0.184506501811511,-0.183283818492493,-0.0798189265951102,-0.172597122568472,-0.190241134277776,-0.232968105029007,-0.0963427472101975,-0.303985571224731,-0.18015913116064,-0.235297261919602,-0.166030774704501,-0.27687865997057,-0.307726572033801,-0.383984826846086,-0.357127632726396,-0.169192818808663,-0.206755651752909,-0.206149933419189,-0.332193656963983,-0.403027948964352,-0.323124567799731,-0.123884239528457,-0.172603077347929,-0.124117953664483,-0.149187476280119
"Frontal_Inf_Orb_R",0.0470044217800563,0.0503717743704575,0.180491424091708,0.304359833476659,0.0420365962636822,0.410848132258684,0.127407297877023,0.365300069060537,0.0733671420107358,0.429487457459922,0.370403949326966,0.455163459640466,0.359470476226444,0.64934332575809,0.488433995157043,1,0.22123186718015,0.147882868423247,0.247940630877219,0.275740206182129,0.0169035723572644,0.222055052489128,0.336756003519803,0.336633595401197,0.0208006807202706,0.0898243882412745,0.0659769836322433,0.220823025330224,0.348032079834464,0.533428786250088,0.392656756025806,0.356447310632789,0.123648077700511,0.16298942956269,-0.311952277817472,-0.264973031544654,-0.226870828603966,-0.00246382506571405,-0.0760390077996275,0.125153914209604,0.228730738345177,0.424264666373234,-0.28857734690508,-0.289963333294535,-0.30981704373113,-0.179307267245371,-0.149234518435652,-0.141004942782582,-0.264861806455053,-0.202559188124058,-0.257744131312752,-0.177600477918213,-0.0832262274813971,-0.0154145115425586,-0.0296009749273154,0.09572792901051,0.0168640486735613,0.185361046989497,-0.266852840410437,-0.00347303191600456,-0.0120587120661338,0.162666267721696,0.197954025170038,0.345379438692542,-0.224301113984294,-0.0527144193742534,-0.315136246397297,-0.26785634609091,0.0335479096891197,-0.072462604565465,-0.0650066844124342,0.307825164776049,0.321501088958679,0.5022992468982,0.189692657798691,0.371041902288273,-0.0744773014995587,0.204989422988146,0.206635186793839,0.196951153005711,0.176302121125021,0.329767169886297,0.49344762233908,0.498590641931493,0.120068260005242,0.351704837811367,0.27579485851137,0.256449058221595,-0.0468279435694081,0.303020142704751,-0.149470586084217,-0.256262609211554,-0.120389960142093,-0.239013200774578,-0.420248911865578,-0.348517870641501,-0.375500591306872,-0.106241689443017,-0.246628439160018,-0.22072989065938,-0.14149387104279,-0.187908187882284,-0.315749106170723,-0.290030408698827,-0.556081821344305,-0.459490798348747,-0.30111845325304,-0.438545605376994,-0.354623302584708,-0.466431834589222,-0.360661361714196,-0.280256192941425,-0.189500736215196,-0.173289374225965,-0.222633813452051,-0.457061847183006
"Rolandic_Oper_L",0.55603412919182,0.593668763378649,-0.0561449985669144,-0.265618735347971,-0.368982039118201,-0.161290368927569,-0.0528167931252654,-0.00622140683034577,-0.128129734830645,-0.0266162906560614,0.336577041498188,0.362310487213284,0.174660996017763,0.203947725545636,0.127714621011509,0.22123186718015,1,0.774715035127019,0.505480290568562,0.484407093170394,-0.144684403279272,-0.0917072599650912,-0.204776047902399,-0.299258611708016,-0.39270076882402,-0.379406625414566,-0.298779391637815,-0.246701416573537,0.664227624325621,0.671473820764559,0.0666879142288253,-0.0107636686933633,0.291943680733249,0.22799410225581,-0.473059688872716,-0.512518430946308,0.0389947146808697,-0.00633668087958,0.0389422873489886,0.0233587046434378,0.373900716994569,0.32489434663962,-0.247788949734629,-0.294545067290965,-0.306520207719802,-0.254745064396757,-0.0673389544192136,-0.0991019700993801,-0.262645204359222,-0.271285635771356,-0.281487899255353,-0.280676380729465,-0.0473652499224275,-0.0999402067619101,-0.0114098540995557,0.0313028902401022,0.67653432376478,0.464465017588911,-0.0934486727211903,-0.168724701262244,0.124316278749563,-0.0890625198490235,0.682679260770438,0.463337824576168,-0.329209749376948,-0.425559614425742,-0.374170298668393,-0.343614260704172,0.180325866807445,0.153332156956963,-0.171808592155879,-0.125081340805122,0.406336790967591,0.566782750655385,0.156948784062697,0.337168851102325,-0.0233104345732803,0.0432632477043807,0.763801698735808,0.643739037328415,0.829840722546403,0.687135258123949,0.292087507295665,0.334315056844424,0.3098827018711,0.141919521760781,0.110799948597074,-0.000813825482430822,-0.0230593637400461,0.00106942666599169,-0.23219804113543,-0.252705898107911,-0.352301958808698,-0.242085723930899,-0.0853376590231392,-0.0709036184322583,-0.114125411864086,0.0691252870772673,-0.0942558802914657,-0.0286058936620552,-0.24159198899844,-0.165093128044938,-0.0823718710788643,-0.0442056097114784,-0.353607653965233,-0.29653993949964,-0.198706619148417,-0.0826539646732259,-0.0434931911960579,-0.010007323998235,-0.256996928461985,-0.0567782712080031,-0.130261802584264,0.0796593840748958,-0.22161232780118,-0.158940491517699
