"","Precentral_L","Precentral_R","Frontal_Sup_L","Frontal_Sup_R","Frontal_Sup_Orb_L","Frontal_Sup_Orb_R","Frontal_Mid_L","Frontal_Mid_R","Frontal_Mid_Orb_L","Frontal_Mid_Orb_R","Frontal_Inf_Oper_L","Frontal_Inf_Oper_R","Frontal_Inf_Tri_L","Frontal_Inf_Tri_R","Frontal_Inf_Orb_L","Frontal_Inf_Orb_R","Rolandic_Oper_L","Rolandic_Oper_R","Supp_Motor_Area_L","Supp_Motor_Area_R","Olfactory_L","Olfactory_R","Frontal_Sup_Medial_L","Frontal_Sup_Medial_R","Frontal_Med_Orb_L","Frontal_Med_Orb_R","Rectus_L","Rectus_R","Insula_L","Insula_R","Cingulum_Ant_L","Cingulum_Ant_R","Cingulum_Mid_L","Cingulum_Mid_R","Cingulum_Post_L","Cingulum_Post_R","Hippocampus_L","Hippocampus_R","ParaHippocampal_L","ParaHippocampal_R","Amygdala_L","Amygdala_R","Calcarine_L","Calcarine_R","Cuneus_L","Cuneus_R","Lingual_L","Lingual_R","Occipital_Sup_L","Occipital_Sup_R","Occipital_Mid_L","Occipital_Mid_R","Occipital_Inf_L","Occipital_Inf_R","Fusiform_L","Fusiform_R","Postcentral_L","Postcentral_R","Parietal_Sup_L","Parietal_Sup_R","Parietal_Inf_L","Parietal_Inf_R","SupraMarginal_L","SupraMarginal_R","Angular_L","Angular_R","Precuneus_L","Precuneus_R","Paracentral_Lobule_L","Paracentral_Lobule_R","Caudate_L","Caudate_R","Putamen_L","Putamen_R","Pallidum_L","Pallidum_R","Thalamus_L","Thalamus_R","Heschl_L","Heschl_R","Temporal_Sup_L","Temporal_Sup_R","Temporal_Pole_Sup_L","Temporal_Pole_Sup_R","Temporal_Mid_L","Temporal_Mid_R","Temporal_Pole_Mid_L","Temporal_Pole_Mid_R","Temporal_Inf_L","Temporal_Inf_R","Cerebelum_Crus1_L","Cerebelum_Crus1_R","Cerebelum_Crus2_L","Cerebelum_Crus2_R","Cerebelum_3_L","Cerebelum_3_R","Cerebelum_4_5_L","Cerebelum_4_5_R","Cerebelum_6_L","Cerebelum_6_R","Cerebelum_7b_L","Cerebelum_7b_R","Cerebelum_8_L","Cerebelum_8_R","Cerebelum_9_L","Cerebelum_9_R","Cerebelum_10_L","Cerebelum_10_R","Vermis_1_2","Vermis_3","Vermis_4_5","Vermis_6","Vermis_7","Vermis_8","Vermis_9","Vermis_10"
"Precentral_L",1,0.32647698728541,-0.0019675550400333,-0.176105361091105,-0.0590593373677098,-0.187466118190617,-0.0624984100263325,-0.121260556436493,-0.0753639165393345,-0.0945741675459888,0.351188132449264,0.211897461707353,0.216194624906452,0.164973221548913,0.143463324250301,-0.069141737568238,0.296707872291269,0.129349073520069,0.400002452115273,0.30636443718392,-0.0360138239319605,-0.0823685101484612,-0.148182191983062,-0.250550992329147,-0.052582797357691,-0.0815007796836682,0.0500268438967265,-0.029377536394495,0.0745997200069572,0.0348701609111331,-0.113753104314814,-0.137648198518323,0.151604820819822,-0.0211030497399071,-0.223865056805454,-0.198628080081924,0.000283863757064202,-0.079173060492363,-0.0475584328123382,-0.232524531398272,-0.0318992242266652,-0.0468461856932524,-0.185502753240207,-0.158422446952012,-0.277296024407993,-0.254660961148926,-0.133050768053379,-0.186978752210654,-0.21578979543691,-0.191398667065547,-0.131070454844488,-0.179548443000393,0.0239357958737967,-0.0447935851509709,0.00421852969494608,-0.156085381204174,0.407558004130477,0.228930651992063,0.147470851107647,-0.0363623010954504,0.346759717905228,0.118688930157038,0.340738994563392,0.131901309267803,-0.0948214326047694,-0.200385324257927,-0.214848703795405,-0.256569955837342,0.120384424407973,0.0229248478601399,-0.0124236580192875,-0.093248613013826,0.193749027719329,0.00733951091570519,0.0128323025019908,-0.0546830313704783,0.120594880252471,-0.0166845678350613,0.179653362572464,-0.0310794880388996,0.265061089730891,0.167720162635312,0.137302461154785,0.0916211267075415,0.196094166574438,0.156116646065059,0.0336421656497495,-0.0899018580406344,0.271591461994129,0.0778337963363201,-0.0618126652549727,0.0836286409846962,-0.198864238790973,0.0355953414747839,-0.0766841368169201,-0.139148095255159,0.115786396865229,0.134780454518565,0.058551788395352,0.11065144448444,0.0165625593245261,0.0989997558218027,0.170308847827611,0.394438180765835,0.0934793655122001,0.112755802610037,0.164693460016243,0.14906629853256,-0.113986464001995,-0.0749738142057599,-0.0954819050857153,0.0397487603619669,0.0390281591473403,0.0879520855282981,0.0126305007288079,0.0534323905973794
"Precentral_R",0.32647698728541,1,-0.154403854363705,-0.152781042858228,-0.167172576131015,-0.298602505112684,-0.288694495166955,-0.0642868295508483,-0.261709666594007,-0.165676434446497,-0.105169564362744,0.164921165996087,-0.109618063349774,0.0414819671782568,-0.0400665913986724,-0.0133441762678791,0.314118610053503,0.563404357898193,0.395867370082796,0.4417410051053,-0.134273051198086,-0.0619549086317699,-0.166663205103358,-0.193517916945252,-0.142222411840499,-0.295839348757615,-0.0501916913166286,-0.178931558038173,-0.0269501988349473,0.14139755312131,-0.215376385435032,-0.230873488755547,0.0635890479620554,0.00251437641992261,-0.197251962483567,-0.237874424217338,-0.120995745638772,-0.111943014201966,-0.0349345929137221,-0.0542096360795007,-0.0238960587496754,0.0160647198322049,0.0223673508099452,0.0464091867446226,-0.035776509568905,0.0454198407872746,0.125633732558851,0.0441913146049929,-0.1592122972275,-0.0898250531978146,-0.239706338100874,-0.192113177635334,0.058173211199905,-0.0581114221036628,-0.131690100589706,-0.10678520061367,0.592043374192262,0.608500962710689,-0.138969487214668,0.0440984853615611,-0.130640999182211,-0.0361414116458128,0.274697217502116,0.161877234618868,-0.332885054496988,-0.356558266107457,-0.264985017303747,-0.216269922171515,0.210276790336929,0.26044634545729,-0.120048177123496,-0.132482660315408,0.0309496714909635,0.0797061252242446,-0.0141111990694327,0.0397257032838009,-0.0612390953256452,0.0751508580491488,0.340739437880804,0.283801813216293,0.366786109065251,0.263649603364583,0.161956697354424,0.277580806334873,0.0986830294426045,-0.027029606362221,0.161036502050706,0.0287042654245939,-0.165641052533124,-0.128812113375274,-0.193419488980516,-0.24960322338344,-0.282449474321147,-0.197218207386948,0.00384489648999855,-0.0489714016367246,0.261469289521067,0.111812858842947,0.0858691818603078,0.0149632515926997,-0.0514256394084367,-0.224620980068914,0.1590567116141,0.144876081280025,-0.100674512281131,-0.0452414986625835,-0.0545506692680811,0.0964968908377575,-0.071667698112681,0.13178261645033,0.00535643386706301,0.0555463388128052,-0.1931567785488,0.00615315996376396,-0.0547956400330369,-0.0898649672349674
"Frontal_Sup_L",-0.0019675550400333,-0.154403854363705,1,0.122226685156002,0.452271337068221,0.151440192218121,0.579514798962998,-0.222204618176852,0.439974244644306,0.0595867401580427,0.176332148338464,-0.331889856865942,0.261439654922012,-0.167150808276684,0.422206136440855,0.0683199973873184,-0.102711796533204,-0.172869139679484,-0.0766918518644717,-0.166792132352861,0.00592823683294555,0.087842416033993,0.641108934010236,0.470267617866458,0.363849747549352,0.366087816630803,0.294158754053242,0.234308887833004,0.0163990637149164,-0.161351869365714,0.188321655201485,0.289807732530588,-0.039906303792713,-0.108385246473777,0.415264449742958,0.256083247303785,0.0443439391950629,0.10645360948729,0.017691953950169,-0.00807792179605106,-0.00296080839192089,-0.117311148124363,-0.176240603958386,-0.261610056336624,-0.205658972711615,-0.326237903035942,-0.25887114085235,-0.248258213461934,-0.209300990701591,-0.305256354211466,-0.073387336132384,-0.128816027513413,-0.138137771188117,-0.106879415259437,-0.102099136430488,-0.142088526489956,-0.184462221467979,-0.277321840181391,-0.226208688544989,-0.370626434512993,-0.0816887088914446,-0.302138280462469,-0.267424535127862,-0.369760877943931,0.45540440252351,0.0993469319388997,0.133003899796147,-0.138233001823051,-0.10890078530961,-0.135326982443114,0.414454822383369,0.213589534103019,0.17591173664726,-0.0800918996529303,0.251895607361451,0.0450233851771955,0.182254514917753,0.0642161816522522,-0.0727329239114805,0.0433081450418315,-0.228238252311164,-0.0472850977418915,0.0875562117025889,-0.20476590010963,0.339784324911192,0.0586289904167978,0.16372347611145,0.127089110538728,0.175573719757489,-0.142355792711149,-0.226108210984252,0.147456704805505,-0.177919766821319,0.376127041772658,-0.073721056544481,-0.249413221753844,-0.203588522115525,-0.220004707010751,-0.296049106886859,-0.118175400857767,-0.345067799791295,0.16055204630158,-0.232350459210209,-0.146661309907128,-0.16632569524352,-0.0263536807034836,-0.158848879297056,-0.0975969546051523,0.0708765681342612,-0.209825490456279,-0.179647732700327,-0.25703928809306,-0.0438316582550056,-0.100558290934864,-0.0430684396766406,-0.0806973883862987
"Frontal_Sup_R",-0.176105361091105,-0.152781042858228,0.122226685156002,1,0.101301540249653,0.41291772497449,0.32806358063939,0.626394665951841,0.156736400474273,0.383149578855566,-0.141220107791978,0.165507598255576,-0.167744503163279,0.186282284640125,-0.157103203010531,0.249702035882688,-0.0748559171777771,-0.105533780548758,-0.13347204452152,0.176389786172709,-0.0602995868724657,0.115639153825362,0.273494190490485,0.562347969705783,0.338770021989428,0.43436501325434,0.118026316192223,0.237105448472272,-0.00886179021200401,0.114234062087732,0.297755834087051,0.428062125970592,0.215851427434806,0.292866017513972,0.102333586253356,0.162509758444779,-0.4346249693498,-0.0698142586824657,-0.235226582342685,-0.0526387298508382,-0.0346187380901517,0.0189611773798638,-0.121962663199788,-0.205634127699297,-0.143705266514242,-0.147434869355222,-0.182275844303856,-0.1255983828381,-0.205314276749908,-0.202971794888309,-0.187091268088121,-0.0800518194087778,-0.158050699408205,-0.162273290764104,-0.190118903885046,-0.154264036616461,-0.167737839575041,-0.100074904485219,-0.266209798967475,-0.0936195153017415,-0.035954112410429,0.377465906640175,-0.0155595674086476,0.303131233374159,0.0481153761655026,0.516955590548831,0.058577488407617,0.145960386059483,-0.0496256673785602,-0.0885599739154333,-0.0417008658495,0.220241365516387,0.066310757282899,0.126592159542956,0.154881712888282,0.160860375645602,-0.197751305763032,0.0226282580783487,-0.0337866865100914,-0.01359637367832,-0.111205519101442,-0.0404309803073032,-0.106036700352551,-0.107327521610933,-0.26292711741836,0.14041263781219,-0.157482047904188,0.0554880635988607,-0.330944081501818,-0.0121219762166916,-0.133032815574997,-0.285443963624139,0.102084542153816,-0.257744682641635,-0.224499910158914,-0.191412218809893,-0.313447005985808,-0.175366543172677,-0.212625574788098,-0.310415718147613,0.103187559338225,-0.185638581977775,-0.033238077223692,-0.183236086069666,-0.0730112908436109,-0.0516270031272178,-0.0119228118717945,-0.138971095546377,0.0188598721803194,-0.169220893111409,-0.138559252481601,-0.208182611121498,-0.172775515398487,-0.0683068390732125,0.0479997685490198,-0.102174122378534
"Frontal_Sup_Orb_L",-0.0590593373677098,-0.167172576131015,0.452271337068221,0.101301540249653,1,0.29733089278211,0.110076525321752,-0.117671212693553,0.488800660942746,0.0473496640040618,-0.0889919160056625,-0.136843757408827,-0.0168107090621588,-0.14399975602649,0.332953334289894,0.122962931434562,-0.120700998036666,-0.106410679881288,-0.0918318676698166,-0.179495401198587,0.366729535016006,0.269067396744899,0.386615096667991,0.26068195148658,0.679925130494269,0.608692150132271,0.828335895523639,0.569264517609611,0.00701218483468975,-0.0582526459038745,0.270167305270406,0.306087549864776,0.0420497219427504,-0.0413828705737629,0.488792796333178,0.336009811133667,-0.00406713650397058,-0.0334932393785697,0.193776712228351,0.127550336717359,0.0597968087917764,-0.0822612922810151,-0.148695584013563,-0.267506907181481,-0.096699203294057,-0.228617790150153,-0.219592145738972,-0.195712705798036,-0.171180553657218,-0.187959679519985,-0.0776345995671206,-0.0927245621723664,-0.0169195723291753,-0.00745533635620952,0.0028805137035354,-0.0950069579690601,-0.191319355929653,-0.102346828335171,-0.236410341831161,-0.112355513669562,-0.114598964281673,-0.100112834473051,-0.0428235091210294,-0.0731338429635317,0.307415715883995,0.133519171660523,0.140256107307722,-0.000763441233442307,-0.0142156433197119,-0.0360938971669398,0.128638303003528,0.0343296134446569,0.115875524891272,-0.0107021717558628,0.0671811103720064,0.0343600965519061,-0.0994858594527078,-0.258529409247143,-0.0873935072395351,-0.088405459960647,-0.0814715598622434,-0.025518055110683,0.154808298090456,-0.00402681056093468,0.185335513154987,0.172742395056571,0.213111599701306,0.229357797395447,0.122788057644229,-0.0325196858805108,-0.0815413934496199,-0.0488935875107119,0.00280576000841452,0.206042900019346,0.0507865479039428,-0.124619899511898,-0.237314480146605,-0.115013331961705,-0.291372737216923,-0.236159185627955,-0.0179031432071829,0.0712082809664447,0.0620499306824005,-0.106732632809821,0.0371727895141283,0.0360298315668079,-0.269278404929925,-0.18188998086891,0.170279926251983,-0.180674913146233,-0.201984678545545,-0.279664279504836,-0.087426144807102,0.0564854295104581,0.115902341083769,-0.0289947448720238
"Frontal_Sup_Orb_R",-0.187466118190617,-0.298602505112684,0.151440192218121,0.41291772497449,0.29733089278211,1,0.267011165650064,0.430351093280351,0.52105020899586,0.649372868174269,0.126823123630302,0.223681691223984,0.199595445055405,0.195657478347644,0.251439298913142,0.245700194779226,-0.126847814086866,-0.231830871806886,-0.243651914306511,-0.128387010306555,0.216873394580406,0.41872849389363,0.319140716696131,0.295212054700325,0.232998578720215,0.540937392824183,0.221764705386,0.662904841823413,0.163948870357759,0.204124944968561,0.388986349983137,0.531465642823425,-0.130103523485179,-0.0851745041152056,0.0592689858347763,-0.00507172689414125,-0.0730768815302766,-0.172733093566274,0.00253644097790845,-0.117226843919174,0.0769429190098599,-0.120341749800681,-0.25919712215712,-0.246473145709213,-0.192868292410591,-0.192515427936906,-0.210383680126095,-0.122906890034965,-0.209420697896448,-0.2707539062039,-0.0547814458127088,-0.131230526074602,0.0736465184058642,0.0430287045945186,-0.102226496630889,-0.20292440120778,-0.354436250589941,-0.198227686536218,-0.152706820819658,-0.100391798955244,0.152150613557802,0.222091778179182,-0.0219850004086165,0.0693869751848685,0.161425494009297,0.255220024253576,-0.0793310964142889,-0.0789612736056334,-0.163264060065247,-0.201174074081046,0.222197760050698,0.280507005137513,0.108598842957444,0.0461553234410041,0.184122906229697,0.0506636376480365,-0.121685664387172,-0.127776229637635,-0.102943332785444,-0.16035816894566,-0.0752247084226894,-0.144742704263885,0.122359070485282,-0.133252476342432,-0.0783494999038847,-0.123538527030222,-0.119331280122459,-0.105999979859986,-0.206677719594783,-0.224345225698107,-0.0969445518237168,-0.154754952851626,0.114123202337167,-0.13767765028016,-0.102863773455839,-0.0562176808133926,-0.209258554654023,-0.186473982393118,-0.155012279557802,-0.218968249137584,0.0541030547131578,-0.10722589176807,0.0229632909673951,-0.242799444297973,0.0677570134720558,0.011774911014863,-0.097704413567955,-0.268098845345302,0.159677517449171,-0.105675228844974,-0.226214561562049,-0.229384254378816,0.101385813578942,0.145876362778032,0.219143495854799,0.0264932722883392
"Frontal_Mid_L",-0.0624984100263325,-0.288694495166955,0.579514798962998,0.32806358063939,0.110076525321752,0.267011165650064,1,0.22744818318561,0.366634514963201,0.075372167526296,0.283429978947489,-0.20359288327763,0.413497082260192,-0.0218538627606045,0.28583098052889,0.087714983416452,-0.13410488655107,-0.330775013588771,-0.158456280857064,-0.113038572495815,-0.0799722341431331,0.0482995920086798,0.350077475089651,0.24038868324502,0.052386765513982,0.223637947096993,-0.0448203577388953,0.124595791678723,0.163979298017924,-0.0776203487390947,0.30343343430722,0.329406814413226,0.188619117406701,0.110587665454868,0.20960399595743,0.180777401360227,-0.076127208481825,-0.00783241342715707,-0.115978449236451,-0.178791745877961,-0.108134114493812,-0.0987044978796837,-0.218258332843261,-0.283206528908794,-0.247008985893198,-0.294663992066557,-0.263624257720148,-0.260491310184181,-0.189456376086706,-0.298424097991467,-0.0592158133101483,-0.112921202716528,-0.163557980275071,-0.19778734334439,-0.155548029424055,-0.229354920793401,-0.308330222008941,-0.340974958768199,-0.00217735293028529,-0.236760933586776,0.281291194329906,0.0578982471463253,-0.180576384787687,-0.0891303285210488,0.379211515373737,0.188837193633625,0.201436373252537,-0.00156026846059671,-0.229546356856979,-0.202183612205678,0.453867605998698,0.357623932233124,0.16527219707172,-0.0679814550820221,0.260961194724855,0.0903035024508524,0.186077243137649,0.118610428047511,-0.085617073300044,-0.171169010959398,-0.270385358125668,-0.235019178915598,-0.015621747245433,-0.326615404689888,0.0241565198716184,-0.00268305235679739,-0.10994045010575,-0.132065629984883,0.0504898108314263,-0.157791108611417,-0.12626171393056,0.122537373078643,-0.0910868580294308,0.148923381715395,-0.15266472162539,-0.21292073431901,-0.301586571273947,-0.333535556017798,-0.309158369607639,-0.152035622592041,-0.142217936766376,0.160421763389142,-0.167300735967431,-0.060697539673396,-0.090746725050055,-0.0167839597976092,-0.0112000302347611,-0.0718809253656741,-0.0524315299480419,-0.241943922433469,-0.221143846061942,-0.171418173989212,0.0438459946574884,-0.125556377104995,-0.0942270974656268,-0.0333032199404175
"Frontal_Mid_R",-0.121260556436493,-0.0642868295508483,-0.222204618176852,0.626394665951841,-0.117671212693553,0.430351093280351,0.22744818318561,1,0.0805228317534941,0.500573630526938,0.117393617267383,0.578554399706257,0.15764996742477,0.538194061121082,-0.0134382908413059,0.241765079631191,-0.125758683511004,-0.0527769146462113,-0.0630580071539183,0.170332795263554,-0.0975675375415237,0.10370270760977,0.0214608039335833,0.194463466318099,0.0547538156547686,0.166065292820132,-0.149795142386808,0.0753700636635228,0.117624056506913,0.361436177520406,0.312369947576267,0.397166643956445,0.172255024266289,0.239844975964882,-0.122246802319937,-0.0877798872473563,-0.337383043514022,-0.117541442419974,-0.268594055721937,-0.214776524992661,-0.0718088134276673,-0.00842386807015663,-0.0975967754707851,-0.154109683126914,-0.124479357826344,-0.141324459260769,-0.113140597912484,-0.111264575279142,-0.212685129548828,-0.175543261853394,-0.16962364108747,-0.109004578769456,-0.0492524880740876,-0.100770300629174,-0.161891471355849,-0.1719853154721,-0.261584619841306,-0.0511530565918433,-0.213405767637275,0.059208426145162,0.207195108231825,0.657131025165854,0.0552196051212395,0.380550962740499,-0.104474663436802,0.404168578194012,-0.209430053924469,-0.0520600126112799,-0.167821787582141,-0.157060992367449,-0.0253856801058064,0.286189103049991,0.124333753837112,0.271092321837983,0.207028449113474,0.220931329432048,-0.0327103228880092,0.16314864989681,-0.035524512734707,0.0442782378725813,-0.0333911469506504,0.0209421918223559,-0.0374816436595065,-0.0776594312087457,-0.298062237386912,0.0556450364420986,-0.282047414797746,-0.282245309511157,-0.362114182250309,0.0154112994649263,-0.0203572636205703,-0.240693121987666,0.10983095230925,-0.376957836442227,-0.152709276644091,-0.174995392360419,-0.217150214956754,-0.189282413343443,-0.112990931332451,-0.172690780739532,0.196508341974173,-0.152367119951357,0.0408535600818862,-0.163618240948227,-0.0603389490658827,-0.0392259498669329,0.142871677996745,-0.0348692221817736,-0.078910943119734,-0.0712369085549745,-0.134858817710948,-0.0673554322587792,-0.0647444957545136,-0.0809933273356659,0.000805396748327677,-0.0659263286268485
"Frontal_Mid_Orb_L",-0.0753639165393345,-0.261709666594007,0.439974244644306,0.156736400474273,0.488800660942746,0.52105020899586,0.366634514963201,0.0805228317534941,1,0.435193935192284,0.125985280797926,-0.0601643283696826,0.242024035525772,0.00138005702830142,0.291740259235441,0.0598206372968545,-0.156798182103554,-0.201132408852985,-0.0714967292686292,-0.131585822457511,0.0938848638282258,0.211981203881542,0.312814842132372,0.194408699327916,0.223277121395763,0.392633261832399,0.243400319358942,0.42817457434738,0.0622880387067865,-0.0258270620040515,0.223839541210028,0.336879382934103,-0.0456193644273376,-0.0467973072004811,0.12744033587323,0.0689999153498262,-0.109018566360152,-0.00421343134081022,-0.0915473637469365,-0.0954418863591692,-0.0869864412481928,-0.17253959109296,-0.166945142155156,-0.0797901717564844,-0.146145249747373,-0.17298936123627,-0.144293304716766,-0.0880761520108449,-0.0681022443481279,-0.181773866257868,-0.015846339295911,-0.0487066550574611,-5.6838581908918e-05,-0.0142138523194233,-0.12066681438163,-0.122733660770915,-0.331552142325959,-0.290366973400221,-0.164098393542535,-0.21525732705885,-0.0132576299475109,-0.0572923072560252,-0.169493755607538,-0.116616467145163,0.162122756062335,0.0700004089187131,0.015990192984041,-0.0588824460464802,-0.0592207922734692,-0.0780674621856672,0.333401904210124,0.337594167484332,0.11731207551838,-0.0159248567113635,0.21485658149398,0.0363251054946539,0.0488804837207193,-0.0476683635970609,-0.223895059796157,-0.0868869597065921,-0.231795807455157,-0.148986277554611,-0.0999871953976798,-0.200558216138701,-0.0993103638702364,-0.0725932814563702,-0.226819847255533,-0.0769148880541135,-0.127162733543506,-0.213104281886045,-0.0613715148955416,-0.00395671893714261,0.0473329721765175,0.199424682108836,-0.0943761034115596,-0.142195178861872,-0.255753837492144,-0.166789132507421,-0.182696706448459,-0.146600064296135,-0.112596658859498,0.110222618884567,-0.164294945612606,-0.130686606314013,0.00864237974573226,0.0825958570616873,-0.0797448788658893,-0.26972400664671,0.091625455013107,-0.124539109103351,-0.201123525485151,-0.0936980953620282,0.155028436820756,-0.0199743659301588,0.052676141900121,0.0548185870609785
"Frontal_Mid_Orb_R",-0.0945741675459888,-0.165676434446497,0.0595867401580427,0.383149578855566,0.0473496640040618,0.649372868174269,0.075372167526296,0.500573630526938,0.435193935192284,1,0.208910375438933,0.389623958376856,0.244226189531689,0.450379367283388,0.293203282709468,0.370407684928487,0.00907957684442565,0.0648146456664995,-0.129100963496711,-0.014081558913101,-0.00241719585504868,0.257551357054583,0.260486131405508,0.366991959125959,0.100674047811348,0.237148190164416,-0.032507284842114,0.268267647563627,0.171844867377264,0.319892488885044,0.268412126396924,0.387448285651721,-0.136715430494083,-0.0343221884154689,-0.0345133437511893,-0.0709893370324183,-0.106703623531581,-0.00685642844077177,-0.0649927842321721,-0.0209683154035033,0.131874423360181,-0.0431936075973675,-0.337097178452602,-0.266944958932728,-0.223536078712977,-0.225121183483892,-0.279946259165873,-0.202235934582567,-0.267006706053154,-0.313647607511334,-0.181453309256094,-0.155054699664105,-0.024062049989322,0.0586098262017109,-0.134082770142762,-0.129137168597424,-0.201968236334132,-0.117193633280703,-0.353363036005519,-0.131750091619863,0.0939698240628127,0.428138584991043,-0.00337125346506412,0.129875916773887,0.112784440284802,0.358142794753208,-0.324110646165453,-0.224974177200674,-0.0838547754285403,-0.12424497042849,0.141354694618479,0.183720575343627,0.183390747560751,0.225910790161434,0.337371752321627,0.191095195130629,0.0114669155882137,0.0240546588471201,0.00654413006494506,0.111690738085831,0.0674600933706683,0.0556631995931479,0.118324467510229,-0.0702685340537158,-0.0246123248892629,0.048224571335718,-0.124145861514438,-0.108214332821208,-0.16911148126011,-0.0346238487621332,-0.239639331346275,-0.22332803972982,0.0154701137959658,-0.153596459506849,-0.0898268262553315,-0.135784075948772,-0.13766062749061,-0.191465300910347,-0.215842635112987,-0.29990956352416,-0.0661043108627475,-0.109935462924913,-0.202970534693278,-0.180164719006533,-0.129009286280695,-0.0668199272310713,-0.150990566487617,-0.187190534206185,0.0593207039125668,-0.126014583090095,-0.269244316341543,-0.223016704119217,-0.0343079756262064,-0.0160850058744319,0.0579050385818356,-0.0638370520311459
"Frontal_Inf_Oper_L",0.351188132449264,-0.105169564362744,0.176332148338464,-0.141220107791978,-0.0889919160056625,0.126823123630302,0.283429978947489,0.117393617267383,0.125985280797926,0.208910375438933,1,0.259098578637185,0.803164860174602,0.40597166769153,0.463820194757057,0.131768201650283,0.080776737456402,-0.125319904380964,0.0166031997728479,-0.080722194625596,0.0237460983252218,-0.0713594165611327,0.0504399362224954,-0.0454073204453267,-0.103474778635656,-0.0438784933945885,-0.106946715499037,-0.0823143816067381,0.22778644553267,0.113379635680716,0.148601035928412,0.0757847370744995,-0.0793258610668428,-0.156295062080735,-0.0822756701171278,-0.118323290046466,0.200128849830752,-0.0166641786488184,-0.0343906968364014,-0.187154858946551,0.0409158740362223,-0.0520846897997908,-0.141573208051194,-0.15365927213382,-0.287165063409376,-0.287166809090902,-0.10788939937626,-0.172612990545722,-0.210306266777534,-0.192774174938587,0.0732246506355099,-0.0782481863853778,0.192327074220248,0.00964513621871426,0.0990076594949726,-0.0662739232010037,-0.224259291236118,-0.268499021024367,-0.0930726783290386,-0.280899456702096,0.338287264796722,0.0497390762931417,0.0537039697135948,-0.0775334243095555,0.0812962987517407,-0.060360508064385,-0.216727281035111,-0.311610885973279,-0.218888848160319,-0.279353130719442,0.177568521526654,0.0613047461851436,0.275788269622387,0.0602789531608415,0.305867817915622,0.0618181855896903,0.262290412252971,0.118859831820381,0.0441574473646662,0.159718617243141,0.0523875371711816,0.064724399851815,0.19043204125102,-0.0197061084161538,0.250973127524165,-0.013445324630581,-0.0485357290221843,-0.0948147673587643,0.317310509442605,-0.0625154156146461,0.0389198761475226,0.142509770483498,-0.0811437944721537,0.127203295783909,-0.139096308798389,-0.268266573472447,-0.0297048331092202,-0.18547144662559,-0.0293670913343449,0.0171372922649534,-0.0596240727092669,0.272525894683781,-0.0513673270536952,0.0207739504677165,-0.0582360856632145,-0.0136674499361666,0.0706511268382983,-0.146751710166008,-0.171629524254444,-0.160020221830005,-0.0727786223987058,-0.0101021260722751,0.207488846219725,0.00423698818691099,0.0608982456155643,-0.146223515045516
"Frontal_Inf_Oper_R",0.211897461707353,0.164921165996087,-0.331889856865942,0.165507598255576,-0.136843757408827,0.223681691223984,-0.20359288327763,0.578554399706257,-0.0601643283696826,0.389623958376856,0.259098578637185,1,0.143714395990737,0.682582824089616,0.0918033470283176,0.319508513650482,0.069182239680861,0.191853152810581,0.168087448282071,0.22310844843886,-0.00698106646513775,0.1347396779841,-0.149926051201013,-0.0296613408807139,-0.0473100428613527,-0.0323217303457887,-0.069338640698907,0.0728726529396245,0.254038409855119,0.497150977084145,0.156223052633973,0.243675289530585,0.0454537681491773,0.0489729464366285,-0.356983111419648,-0.381096216425849,-0.162335495360402,-0.0656033417162511,-0.167306511785122,-0.12696260688931,0.0531930951504066,0.0882102280008836,-0.0584776047019601,-0.0496521774007579,-0.150693520840825,-0.126446159014179,-0.0239196369806692,-0.00384249742376177,-0.216111275517401,-0.100113594219475,-0.163497188875358,-0.129130414407223,0.112519284209941,0.0292747972846082,-0.0425542940979659,0.017881737537668,-0.0168824817128624,0.23109260893353,-0.214830575371809,0.113678046169076,0.208347448537742,0.515736478212042,0.326869822021819,0.560386993998489,-0.369129162285767,0.0178407774100023,-0.511645508986304,-0.312921251373478,-0.139763608408819,-0.152840829541561,-0.102301457164682,0.1486951303021,0.209142453250896,0.364402002245092,0.214905820144347,0.238276259790125,-0.033698680579027,0.0778977158449333,0.0867997432599688,0.193763919855508,0.232699791146986,0.20306401009054,0.188200854006446,0.196992356219048,-0.137766812029505,0.0352161274235214,-0.0852164161691956,-0.183067462451293,-0.221883482113481,0.104715125060281,-0.0171453457249219,-0.200356659586918,-0.0596211509192174,-0.355619631843901,-0.0533392294036296,-0.105573421156988,-0.0775278439953728,-0.0429299071279894,0.110591596715882,0.0747383116213927,0.170827513518633,-0.12091620147387,0.115420154903012,0.00469828346106595,-0.0817544517438797,-0.0838206486253608,0.016332153994061,0.0216468978596185,-0.0803689039042199,-0.013009724679821,-0.127231826172666,0.110127010977293,0.0329335059833482,0.00200610672845864,0.0725665835623758,-0.00303022325791223
"Frontal_Inf_Tri_L",0.216194624906452,-0.109618063349774,0.261439654922012,-0.167744503163279,-0.0168107090621588,0.199595445055405,0.413497082260192,0.15764996742477,0.242024035525772,0.244226189531689,0.803164860174602,0.143714395990737,1,0.340885698445884,0.635697695880354,0.148688288387925,-0.0477880241013819,-0.149430058229357,-0.158485957313319,-0.184962936615836,-0.0795712271820325,-0.0638178926206665,0.146819025149127,-0.031754671846369,-0.111203079529291,-0.0457411523438226,-0.123370282496226,-0.0625326595661867,0.218358049099046,0.111192425620414,0.164927914988859,0.0870215503570865,-0.117324581114785,-0.246184654410625,0.0100685648744098,-0.118898710649338,0.20143544618635,-0.000407880526451532,-0.0229487174676157,-0.140205683620382,0.0171102935012921,-0.121453580275827,-0.14417587473512,-0.152406058429428,-0.179803141674417,-0.248891088487912,-0.16794901533389,-0.206010813094711,-0.153967348560799,-0.204446608161301,0.064719654527222,-0.0558077203539246,0.127280188433195,0.036763284544865,0.100587869961883,-0.0898542725000227,-0.259261071707355,-0.226437260756119,-0.0455569593645648,-0.246119975757158,0.394083460799222,0.0598546606299754,-0.0304628644008917,-0.181879249701668,0.238279035001502,-0.0466088374073722,-0.212163030247098,-0.371206728589542,-0.263072913791211,-0.29174108922903,0.233945273245659,0.125054234000081,0.260856248228617,0.0613571478931062,0.303347192144304,0.129210703128881,0.317930538114207,0.136349306906746,0.00730439797571186,0.15575961926392,-0.0246536636963695,0.0498297624726118,0.222756178837468,-0.116905478599614,0.307817665854633,-0.102283951091096,0.00809958430133416,-0.178779656129713,0.372816927635845,-0.0953519527584693,-0.0690307110036053,0.171827888915017,-0.208319071940742,0.145779523238069,-0.163761158893132,-0.24068295384333,-0.110016626622266,-0.250576412232354,-0.176227130594373,-0.050024333846731,-0.217802623254231,0.21410322990965,-0.201136669870235,-0.110367408476054,-0.128911615197399,-0.0210433332702706,0.0131331610689696,-0.1988567632684,-0.143529027206906,-0.254567788566427,-0.193543135165038,-0.0564702481547225,0.127789182342246,-0.105670761885545,0.0152128076128051,-0.0633947420773936
"Frontal_Inf_Tri_R",0.164973221548913,0.0414819671782568,-0.167150808276684,0.186282284640125,-0.14399975602649,0.195657478347644,-0.0218538627606045,0.538194061121082,0.00138005702830142,0.450379367283388,0.40597166769153,0.682582824089616,0.340885698445884,1,0.218263845912841,0.59410812526868,0.0602710927445381,0.0333942561288369,0.0436989745129229,0.218350230722374,0.0560975938633718,0.121469550313474,0.0509797833198858,0.207038840545073,-0.0123339514223161,0.0491386402986289,-0.10047007750454,-0.0279063460565891,0.22230862864885,0.496120760237512,0.271650718870469,0.331363338373194,-0.0473257704138394,0.0300511983259254,-0.220093210584295,-0.184388495508349,-0.0693756699209889,0.0388673537706647,-0.128120421232821,-0.116727568015324,0.112534703235738,0.0803357915975084,-0.225795127951687,-0.232293905494276,-0.210558016532897,-0.288929426067249,-0.182334827024091,-0.186226409655188,-0.273610826742872,-0.277420639209381,-0.209207538386831,-0.168566762199002,0.0145180415327365,-0.0773526979082736,-0.0623452108616314,-0.102624055786495,-0.133840509524297,-0.0875178351986994,-0.283937489201846,-0.0237118460549537,0.0714738975919018,0.448839479346397,0.139909705936838,0.307021691630886,-0.220496342866662,0.140580309429001,-0.423339762534565,-0.2924517885806,-0.154777180249627,-0.14488099736309,-0.0910426872832848,0.0875801816177187,0.160428848848267,0.30287466337093,0.165290222051697,0.243216581205288,0.0679754139917631,0.136091554180296,0.147976209864509,0.320639465847297,0.293501846832966,0.374048860272011,0.227277442507705,0.0936269215069559,0.0919740586127175,0.197857787558231,-0.0441740939499894,-0.172976329064994,-0.0873280505629774,-0.0239487970532587,-0.080997438686315,-0.23846228151594,-0.0484765532361897,-0.31755150194965,-0.124783314817978,-0.09495173237421,-0.159972346113157,-0.151464917952345,-0.129876859623475,-0.154518671353636,0.0609913115234441,-0.106234451240941,-0.0283912788703496,-0.076389328190551,-0.167860517726301,-0.248664288752645,-0.0202508488855681,-0.0859922367450217,-0.0795170062881773,-0.10828767422014,-0.224852923757725,-0.123198068582367,-0.139589692011171,-0.0779337265045093,-0.0964230917676724,-0.0481457129778687
"Frontal_Inf_Orb_L",0.143463324250301,-0.0400665913986724,0.422206136440855,-0.157103203010531,0.332953334289894,0.251439298913142,0.28583098052889,-0.0134382908413059,0.291740259235441,0.293203282709468,0.463820194757057,0.0918033470283176,0.635697695880354,0.218263845912841,1,0.421604159334266,0.0748567873842738,-0.0321454768526335,-0.0115584981954149,-0.0711348647860949,0.100169548658166,0.188197761277368,0.391245082554516,0.165573255741528,0.10514678100781,0.147222971007293,0.248293657357916,0.21569380118794,0.29562522044801,0.256626830033456,0.171754795229974,0.165914133659892,-0.119966052074572,-0.177315718036956,0.187572734053592,-0.0153057834639018,0.0238163953911124,-0.0858055407637992,0.0346964845097684,-0.0668891627887021,0.0474167176197181,-0.123694944740432,-0.225029185176972,-0.269587709407121,-0.241208680128275,-0.331985454640546,-0.278627511689509,-0.276324934109268,-0.249568625501082,-0.296123034754068,-0.0960005053213481,-0.140259582907704,0.0723927622285944,0.0233597925239027,0.00134674122594659,-0.125832677374604,-0.168558354185226,-0.133285778440845,-0.134709369717425,-0.187012305831048,0.191663547695958,0.0437757183374485,0.0446157182766663,-0.076318499181144,0.306571601376849,0.000552506104403319,-0.14450877544846,-0.290082134733911,-0.209181634823679,-0.220122268554392,0.21978344281034,0.10951114420557,0.226302415755444,0.117937332618825,0.185770742238332,0.142392799096449,0.0152556151447876,-0.12969219607183,0.0870922737397878,0.127175283663053,0.111763440623204,0.12852561424928,0.568004667540346,0.0500426861273815,0.42777664099872,0.0780469668552665,0.245398938839255,0.085348347294221,0.291135747200015,-0.0973604387294587,-0.158617386943964,0.15298860344321,-0.192879799140395,0.284037421312172,-0.161601120024753,-0.303854725424528,-0.259719514266992,-0.26302331211305,-0.313693313791502,-0.158757920711907,-0.23892381182764,0.188248229061726,-0.144057353292585,-0.0336992005289014,-0.141778252317749,-0.0342983581830611,-0.217593709315718,-0.115261823865864,-0.0377618732946492,-0.427136899419304,-0.386340030225439,-0.291603429956587,-0.0867897722546825,0.00303256943184795,0.052984056599724,-0.0931203310382516
"Frontal_Inf_Orb_R",-0.069141737568238,-0.0133441762678791,0.0683199973873184,0.249702035882688,0.122962931434562,0.245700194779226,0.087714983416452,0.241765079631191,0.0598206372968545,0.370407684928487,0.131768201650283,0.319508513650482,0.148688288387925,0.59410812526868,0.421604159334266,1,0.071355090156759,0.0475381818829754,-0.0138070476087779,0.145818656165317,0.0604031315021361,0.223501239028999,0.358097423830201,0.489912771872051,0.173056641604151,0.249103428177804,0.159133503715114,0.194028834327453,0.353514180187132,0.528478084452558,0.378291197439382,0.366748513927846,-0.0453078552568979,0.0203771384374834,-0.0451408690485887,-0.0608908305493235,-0.090036034298363,0.0454488759616435,-0.00371693292499064,0.158078184296321,0.233802382116463,0.18771164752669,-0.221302599953359,-0.291879028282079,-0.195886260788016,-0.273682752227903,-0.221148966960434,-0.16363728775311,-0.27192024178724,-0.377199262787782,-0.312860900380331,-0.254048744083308,-0.16944274226738,-0.154969629503673,-0.109614030890183,-0.0999274782948102,-0.0823163531479055,-0.127078819371778,-0.365620306968803,-0.149889443789085,-0.142945614585334,0.249928242459173,0.154748759980132,0.294209256270762,-0.0110483754375372,0.205749060098287,-0.206428610691983,-0.19599525605823,-0.189572288265802,-0.132080480177425,-0.115352368237792,0.0825375909688401,0.259428976891813,0.385107793526746,0.166430183438898,0.350612079756366,-0.091833156304641,-0.0570326983013183,0.267688481316244,0.277733772007008,0.351825110955386,0.449862570615321,0.526225150544767,0.309283401563931,0.263060022321944,0.372505045239809,0.186170864127766,0.218597016947066,-0.135352820204238,-0.0769304860993498,-0.233702366861049,-0.271113237621135,-0.142211871647662,-0.19505185218654,-0.168952489305758,-0.139151123357928,-0.348080382261962,-0.221418718522755,-0.364527219806239,-0.375862305100591,-0.110653540416989,-0.104537767461786,-0.134986423982798,-0.123905523417442,-0.242989983336064,-0.244427117071045,-0.293715405685731,-0.136816362151191,0.00854747026593698,-0.313259414295684,-0.359471937507577,-0.385862209507354,-0.403249492654585,-0.120506594827876,-0.0514962768126117,-0.155729235036253
"Rolandic_Oper_L",0.296707872291269,0.314118610053503,-0.102711796533204,-0.0748559171777771,-0.120700998036666,-0.126847814086866,-0.13410488655107,-0.125758683511004,-0.156798182103554,0.00907957684442565,0.080776737456402,0.069182239680861,-0.0477880241013819,0.0602710927445381,0.0748567873842738,0.071355090156759,1,0.621737673553256,0.396175461455039,0.416589445943027,-0.110576189506259,-0.0923151573490174,-0.0843580984610559,-0.067920827598655,-0.196612077474322,-0.187966205546886,-0.0131017696409481,-0.0845491428283035,0.468152223758297,0.374687586468269,-0.131944196425918,-0.163226501875695,0.302550395758401,0.249441053164379,-0.182096231094362,-0.194751010984239,-0.00782204300142572,-0.0892099507126033,0.0881539434427212,-0.000163261168722295,0.18900405794108,0.0318448289764479,-0.110546121301178,-0.0756829802207605,-0.200920964853212,-0.149971383819706,0.0869725435739697,-0.0107599319718426,-0.193467776469978,-0.250639686975762,-0.340024214164449,-0.37285982816046,-0.0200008995484521,-0.210832723706309,-0.144938000704399,-0.188865836929869,0.542527713430477,0.164417251629139,-0.183307089063167,-0.172905840338625,0.0482398910190438,0.0627792855856486,0.4988611230574,0.289059744179731,-0.0474391511889301,0.0289150227111439,-0.169695205734345,-0.194899835006145,0.164873667650798,0.0945541747837376,-0.086684152821818,-0.164109050872363,0.172772208751113,0.167349703736421,0.0725488417765305,0.0774317189058365,-0.117836310150775,-0.206313647926702,0.702251473084369,0.354252142958478,0.728520184025571,0.434381153079717,0.308889016918142,0.292477565960215,0.198295674778035,0.126632726798712,0.112403885656896,0.132695408653898,0.00583086252029487,-0.183535482083766,-0.0890487897086536,-0.229076809178722,-0.196411764397109,-0.255995937371802,-0.0547573471537303,-0.141733433143205,0.0331543408048735,0.0954122271211034,-0.0453072769646861,-0.114362135138291,-0.0289320798052227,-0.214529038991907,0.0594100845067385,0.127121922617312,-0.227979842475446,-0.328859272592883,-0.188973443898739,-0.0645140855563646,-0.0130784311178022,-0.0413016741697756,-0.0901710307259218,-0.069516880244595,-0.235028265369336,0.141339008621062,-0.197422600887455,-0.134181409981197
