"","Precentral_L","Precentral_R","Frontal_Sup_L","Frontal_Sup_R","Frontal_Sup_Orb_L","Frontal_Sup_Orb_R","Frontal_Mid_L","Frontal_Mid_R","Frontal_Mid_Orb_L","Frontal_Mid_Orb_R","Frontal_Inf_Oper_L","Frontal_Inf_Oper_R","Frontal_Inf_Tri_L","Frontal_Inf_Tri_R","Frontal_Inf_Orb_L","Frontal_Inf_Orb_R","Rolandic_Oper_L","Rolandic_Oper_R","Supp_Motor_Area_L","Supp_Motor_Area_R","Olfactory_L","Olfactory_R","Frontal_Sup_Medial_L","Frontal_Sup_Medial_R","Frontal_Med_Orb_L","Frontal_Med_Orb_R","Rectus_L","Rectus_R","Insula_L","Insula_R","Cingulum_Ant_L","Cingulum_Ant_R","Cingulum_Mid_L","Cingulum_Mid_R","Cingulum_Post_L","Cingulum_Post_R","Hippocampus_L","Hippocampus_R","ParaHippocampal_L","ParaHippocampal_R","Amygdala_L","Amygdala_R","Calcarine_L","Calcarine_R","Cuneus_L","Cuneus_R","Lingual_L","Lingual_R","Occipital_Sup_L","Occipital_Sup_R","Occipital_Mid_L","Occipital_Mid_R","Occipital_Inf_L","Occipital_Inf_R","Fusiform_L","Fusiform_R","Postcentral_L","Postcentral_R","Parietal_Sup_L","Parietal_Sup_R","Parietal_Inf_L","Parietal_Inf_R","SupraMarginal_L","SupraMarginal_R","Angular_L","Angular_R","Precuneus_L","Precuneus_R","Paracentral_Lobule_L","Paracentral_Lobule_R","Caudate_L","Caudate_R","Putamen_L","Putamen_R","Pallidum_L","Pallidum_R","Thalamus_L","Thalamus_R","Heschl_L","Heschl_R","Temporal_Sup_L","Temporal_Sup_R","Temporal_Pole_Sup_L","Temporal_Pole_Sup_R","Temporal_Mid_L","Temporal_Mid_R","Temporal_Pole_Mid_L","Temporal_Pole_Mid_R","Temporal_Inf_L","Temporal_Inf_R","Cerebelum_Crus1_L","Cerebelum_Crus1_R","Cerebelum_Crus2_L","Cerebelum_Crus2_R","Cerebelum_3_L","Cerebelum_3_R","Cerebelum_4_5_L","Cerebelum_4_5_R","Cerebelum_6_L","Cerebelum_6_R","Cerebelum_7b_L","Cerebelum_7b_R","Cerebelum_8_L","Cerebelum_8_R","Cerebelum_9_L","Cerebelum_9_R","Cerebelum_10_L","Cerebelum_10_R","Vermis_1_2","Vermis_3","Vermis_4_5","Vermis_6","Vermis_7","Vermis_8","Vermis_9","Vermis_10"
"Precentral_L",1,0.395594897303427,0.138021354176075,0.0169017995259043,-0.131281355509282,-0.244794582007737,0.0880430730995849,0.0166633405418806,0.0246467148121448,-0.150381417933239,0.417724286960822,0.293097729837682,0.236255199317923,0.228825606181522,0.0254270229203813,-0.0520379395308666,0.516145773801632,0.341874262186195,0.520468389119408,0.412253090361257,-0.112263481166212,-0.00246167165910097,-0.069691595438544,-0.127006878384011,-0.135228927743579,-0.172597867024006,-0.15080277123292,-0.150976354528035,0.187146638596463,0.167405282014591,-0.137841427997356,-0.14501279911201,0.130850243406632,0.0486184349984839,-0.0655147928993517,-0.149337909971495,-0.00642517162087919,-0.0345039838626504,-0.176093235707433,-0.157270279949998,0.0644063034090963,-0.00648085809475723,-0.317723624558529,-0.262732849087631,-0.318969436937548,-0.335216502113326,-0.19653350089048,-0.165753159503427,-0.330534473848629,-0.27286884328467,-0.204106759992931,-0.334944358633953,0.0599313420369545,-0.0661000200947045,-0.23101272893974,-0.0905449191082544,0.550136146896215,0.335255830864328,0.00730626236805497,-0.135109704341664,0.427467444031871,0.0785669072233721,0.365335178548673,0.110450837512674,-0.00320186191435672,-0.0326148462735715,-0.251975329720076,-0.266008517479072,0.326120930945654,0.202176595264444,-0.000683021366962646,-0.0383062931544703,0.160479394883277,0.146873483271284,0.208113508229833,0.0589042962686061,0.203165495066466,0.136949665445836,0.378324848621521,0.324135524007347,0.392487409418722,0.380127722076619,0.0053490885689634,-0.00151998792338508,0.181349174080394,0.129815357796071,-0.11934595214518,-0.100668946001988,0.109197796867127,0.0743955429091505,-0.0642514565195552,-0.161685330561333,-0.348770011926757,-0.280484029903994,-0.035216435424819,-0.275095000922952,-0.0300368656560538,-0.08017769382582,-0.0270011179024039,0.0156169310897894,-0.232864495081585,-0.250640297447398,-0.104257202698746,-0.0823871289903363,-0.337804127421048,-0.144601522585867,-0.190009691987515,-0.138217394079847,-0.0235569723600153,-0.0582617913494253,-0.0707803786445967,-0.0270532269005454,-0.131287502524096,-0.0260304066824221,-0.0591359545010446,-0.0502601283444801
"Precentral_R",0.395594897303427,1,-0.223928016162646,-0.0519171674347714,-0.0818963160402709,-0.191791086147552,-0.273674268055545,-0.0198705840121381,-0.134319141290931,-0.15269173019238,0.0694386708591378,0.18714220578663,-0.0973597917670466,0.0741201133172209,-0.0541317075006108,0.0273706675774605,0.509321697949199,0.656985574537516,0.333541950841368,0.41963305441276,0.023171058491555,-0.0598659459108318,-0.198552804680263,-0.140973427454972,-0.133695046321911,-0.24426991680882,0.033663673046606,-0.0593952919316714,0.0416600688474787,0.223318515629437,-0.23893598973127,-0.289544480618312,0.144157061199468,0.148518789100819,-0.134161769286828,-0.126476605529883,-0.10918101068726,-0.0694966877182882,-0.0102182467135503,0.0829777694559407,0.0118080273700202,0.155128472594045,-0.0908355384603089,-0.00948048056704333,-0.0967955078026533,-0.0443290472217212,0.00283581748526425,0.0551589273548736,-0.138746722699064,-0.0144605030335484,-0.0133570083926377,-0.00199861115845919,0.160116413599082,0.125886040332906,-0.0234820638267049,0.0850046621810732,0.670783116891098,0.557599578835366,-0.245572383172206,-0.0121251989270223,-0.0649450744981869,-0.0611124220880153,0.165595138308973,0.172083970149191,-0.107447503171244,0.105610942562017,-0.282644944460749,-0.18087966575471,0.426304568903685,0.508383166703457,-0.25949224874899,-0.232201889235157,-0.134711948075684,0.0635738718875073,-0.127301589850131,-0.0828722763946686,-0.233449889320696,-0.0702402606081815,0.413211452021307,0.574412613979363,0.446862615011563,0.470648073455004,-0.0455886164715771,0.230257695660621,0.0953837035166903,0.0978028735504132,0.0599578136883899,0.0384218562257104,-0.128122295323417,-0.104871488805338,-0.194057513011787,-0.444311093745192,-0.350743754982833,-0.440127880855938,0.0406119917616172,-0.0794402942761743,0.044243139046013,-0.0737610917139716,-0.0572702076655507,-0.122137320007122,-0.169101652354993,-0.454779812410463,-0.0965383599680362,-0.2143301930024,-0.280617360495729,-0.382928644837149,-0.301355509667316,-0.233369878175174,-0.0417841334467939,-0.146947729649418,-0.127819067358889,-0.130327734621782,-0.263360232171052,0.0304175832141878,-0.0240028430967846,-0.137011257874562
"Frontal_Sup_L",0.138021354176075,-0.223928016162646,1,0.222292116454316,0.455170086733725,-0.0165347812642444,0.558334088436484,-0.055092568069857,0.29410731097237,0.0902000544836005,0.258619998516462,-0.161123938501423,0.355454171887704,0.0650143248016504,0.321409278320394,0.0868337113893237,-0.212477826283816,-0.263907186311624,-0.0027927104010216,-0.171249891020209,0.103416280897468,0.109197913962697,0.722457384691835,0.562932637152278,0.49170066803351,0.376872025242364,0.253838746775256,0.0653814181096988,-0.0379925397596573,-0.20542629634106,0.30377773429454,0.32613586641575,-0.0580991482342241,-0.131578673141511,0.24790618433555,0.0433412560532111,0.0679560072055725,-0.0373700101996772,0.0303883733237391,-0.0529417066327916,-0.0461927513727008,-0.216958523232596,-0.177689235601783,-0.298694834519813,-0.228477700458952,-0.27200718330778,-0.223776552275705,-0.296496641521145,-0.315581474422612,-0.296960510863858,-0.236940015984696,-0.243869521879699,-0.271815353806238,-0.154675929411151,-0.117112209775427,-0.282233409578182,-0.223367055806749,-0.222319429791651,-0.228194464941272,-0.274058624010154,0.0748798323586718,-0.171967251143767,-0.176269052136987,-0.279372166214423,0.47128964887391,0.120722611926803,-0.0667513056739066,-0.233153043892181,-0.100316068796568,-0.150765895590036,0.384992259767579,0.103658396623617,0.193149612495354,-0.0951408104459565,0.264338846190443,-0.00593369915992248,0.196811384095988,-0.0108443042201393,-0.134509906601706,-0.179220849422897,-0.265341930845014,-0.0217544233824354,0.156586887414164,-0.295648589901461,0.373352493355521,0.149386234272884,0.133916087702208,-0.0405151301069601,0.295237889896072,-0.0468040090475242,-0.126977018259648,0.143368637096243,0.154680248820503,0.471271898250081,-0.125241578586327,-0.259324193295835,-0.172729303092967,-0.264618716239745,-0.372015418429501,-0.217078878564889,-0.148702172250904,0.283484821987821,-0.20583090937365,0.0153694525371393,-0.28174437742568,0.0128440063864746,-0.181365298994293,-0.0410512441507685,-0.163199391390283,-0.144257843266904,-0.16984175529855,-0.273745984851189,-0.0981020219267948,-0.0365874111389295,-0.20080556376058,-0.237721882011835
"Frontal_Sup_R",0.0169017995259043,-0.0519171674347714,0.222292116454316,1,0.15894322645618,0.341972421599254,0.452479662247957,0.647554684779518,0.126518351653402,0.252943374061211,-0.00615838073309551,0.17789816929501,-0.0370778668368962,0.269470568746735,-0.149482559469165,0.0908650882845365,-0.137237722287493,-0.0525431587628585,-0.00230472102591405,0.133970204208017,0.0389957443867165,0.161759787948006,0.318697094166344,0.555596428089951,0.380407325375237,0.533051714618474,0.165554615349866,0.262646355114532,-0.00622829313371879,0.00971697142549664,0.273844755476186,0.410306706221431,-0.0633186734719624,0.19244782071866,0.0263651587862226,0.113825854035243,-0.365297566996046,-0.196375883982986,-0.364218180300105,-0.082373564352335,-0.158420699055615,-0.0921334650801863,-0.0686215730890472,-0.127560434634956,-0.0904853187051474,-0.0830288674235011,-0.140285609064067,-0.0936805784666286,-0.120298510671752,-0.117072568254141,-0.171755342095451,-0.0742152688568232,-0.26182388337046,-0.238099704837011,-0.180405167623809,-0.153292794052512,-0.0595343120128886,0.0375316698615098,-0.189940165603242,0.0520152317010785,-0.0375661069334352,0.278429426390618,-0.0903187601130834,0.0642150761829526,-0.0678495792010071,0.407951055381857,-0.048985699629875,0.108131207693466,-0.245256366374059,-0.192245605205279,-0.0838026749810448,0.108374015965479,0.0548106789006087,0.0825565491352018,0.0245970158588228,0.174893776877694,-0.193891863626735,0.00540853240358797,-0.0651364602918529,-0.0508384378223828,-0.117248038889181,-0.0547345447725414,-0.200612798557256,-0.242916488483161,-0.217316164596821,0.118300342994341,-0.173645218191229,-0.104675290735321,-0.346999249067866,0.03332910235904,-0.062637474609847,-0.2893297791084,0.130828332483355,-0.0217267659929204,-0.39616814854843,-0.323759893516257,-0.416196698950344,-0.237758307106018,-0.154505020611987,-0.255013311454493,0.0633611501931237,-0.0244538986173253,-0.0774766336083031,-0.00231774939317602,-0.20801949612673,-0.128307462726099,-0.073622803945771,-0.139955042071662,-0.273568372026045,-0.317325362586164,-0.195323689731254,-0.264918792870796,-0.0889842552060219,-0.178865943688652,-0.2506102752572,-0.11051725304707
"Frontal_Sup_Orb_L",-0.131281355509282,-0.0818963160402709,0.455170086733725,0.15894322645618,1,0.24123035688458,0.143049256511744,-0.0821365322097423,0.316593055526324,0.100549466835785,-0.0635421003711599,-0.232648856226088,0.0547430992138172,-0.0763472118131737,0.092467904474417,0.076988998917008,-0.280593208053267,-0.201190010013181,-0.387807233638981,-0.415741837739444,0.460510786042843,0.143543955300816,0.509741555390237,0.460222233862739,0.768555471294009,0.660341513195952,0.771302428050479,0.388304275720456,-0.22194943988517,-0.371942867512875,0.286648585942993,0.223757606287756,-0.123522658434706,-0.181982434507685,0.400994656323723,0.267360629938693,0.0624043896894482,-0.0013098982014001,0.260497660512242,0.260575833782856,-0.055483694632547,-0.101617970891123,0.0254019726717592,-0.107653273853408,-0.0206402237136094,-0.137443695323445,-0.106992904086273,-0.174356918765925,-0.129827530301752,-0.157203709942824,-0.0399852214315146,0.0178413663368142,-0.00515036229609725,-0.0365168518849563,0.191356541073771,0.00200554442391895,-0.170049365149256,-0.110746143417624,-0.212635613116415,-0.130939476989798,-0.176170582292414,-0.196841741152039,-0.267873271627175,-0.269401425136316,0.319778429539638,0.18209241387554,0.0200150594915428,-0.0490022481722288,-0.12247612060279,-0.166532068646034,0.183572341631233,-0.101308349993775,-0.0594279920417151,-0.263879581442797,-0.059622386667092,-0.158249901321881,-0.191018377737058,-0.320690581318979,-0.315891163162631,-0.260709258590874,-0.300175876964561,-0.150021448344283,0.0146716995784676,-0.110365572883818,0.238481664261811,0.135827764030091,0.197450162028509,0.199895124859376,0.225716072852151,-0.00516512036762341,-0.0930146086565987,-0.134041945315629,0.182084851145787,0.338463359411569,0.0266096721018821,-0.113698933555478,-0.16805802776508,-0.143559118012432,-0.289681500534189,-0.261555777584757,-0.108305439730487,0.202755135397252,-0.180475454418345,-0.126298785396332,-0.125814088923106,0.00808883182565508,-0.16541676034625,-0.0922417334414287,-0.0541154717218616,-0.150686366084414,-0.1346082819748,-0.357351474926002,-0.0991280287031445,-0.0304251588575353,-0.0155587129821125,-0.147787968708931
"Frontal_Sup_Orb_R",-0.244794582007737,-0.191791086147552,-0.0165347812642444,0.341972421599254,0.24123035688458,1,0.131111020605215,0.385536637110794,0.479754739490051,0.662532501632574,-0.0924597954702189,0.153641223827913,0.0683596094469716,0.278286985713143,0.216274155248876,0.323398067853496,-0.230398821824835,-0.12588811099087,-0.311762656681283,-0.205460553809041,0.156718472262197,0.292429689429406,0.064579952563651,0.19179949125947,0.0970617054357136,0.455954107020467,0.18756365262567,0.606438028068389,0.0612329601212754,0.128732742845959,0.130050818469723,0.253836065615148,-0.423051424871277,-0.223142125710621,-0.131958623087847,-0.0417254894985324,-0.00105551387900909,0.0528296138863278,0.0774184615107122,0.188195006603523,0.134184724742466,0.269730465781497,-0.0630573608277085,0.0159836419634667,-0.0786508340528118,-0.0762803960868262,-0.0762749046030895,0.0447549932257381,-0.107785499993163,-0.0477999225129264,-0.182106865991999,-0.047463551524047,-0.0993641339808629,-0.063376335417172,0.0478894884188594,0.101187034320143,-0.257057375623894,-0.133635717285107,-0.21470990294578,-0.0783079286846357,-0.09872436659951,0.138984814873556,-0.255172427936912,-0.0565069455645232,-0.163701659103649,0.0313391247971455,-0.187015818612922,-0.0949478065754318,-0.309516884058191,-0.271112425225426,-0.0376467104449159,0.158358252503574,0.0760672080484893,0.10965909288437,0.0671897219982449,0.210475080721517,-0.320657785040129,-0.154230112068367,-0.248293242691902,-0.13651966815676,-0.130043835296063,-0.126076895580617,0.126054313672054,0.032397247346773,-0.207349233218477,-0.0719423014566307,-0.0601704850188855,0.0148705224424428,-0.190726413893289,0.0152988162125122,-0.222118003450409,-0.189275956453812,-0.0851620621394384,-0.0780148118839689,-0.144260032652932,-0.0208968342630721,-0.30266930695391,-0.130488231029728,-0.308374316483219,-0.199835841071504,-0.147664109550959,-0.0476385055364893,-0.182762429378684,-0.245257869966979,0.114788618826522,-0.0373361434842754,0.0458216716658576,-0.226594110709492,0.0201671271769068,-0.121623314604465,-0.322664172512419,-0.359312833430868,-0.125411246035934,-0.339060553235237,-0.0921971233254772,0.0884724203850681
"Frontal_Mid_L",0.0880430730995849,-0.273674268055545,0.558334088436484,0.452479662247957,0.143049256511744,0.131111020605215,1,0.491527801813952,0.301280475035091,0.145319477429104,0.347565598701838,0.132878900925211,0.474045748432662,0.274764629540179,0.222145887160773,0.13600563776798,-0.223943604375077,-0.253746316359194,0.0559040948594558,-0.0176784940628946,-0.0302112969321229,0.130709161890463,0.421955461336278,0.332837058774868,0.234139480893728,0.21045478186405,-0.0892917129502462,-0.0261526626906494,0.238175895173988,0.0164326743510919,0.44085335883507,0.463667930250814,0.0743382673536781,0.0897280585921829,0.099355425495313,-0.0132258717142671,-0.0530897927170042,-0.178547471961879,-0.298776070521908,-0.292887727989537,-0.0873347111095405,-0.160715115625161,-0.157904508696482,-0.233088508244648,-0.167132866859685,-0.251194392822795,-0.255910478772961,-0.314523045898207,-0.240696911877896,-0.329160379355945,-0.21320965621938,-0.269561231733968,-0.293694484896308,-0.197707599452849,-0.291122815534481,-0.397362086997276,-0.35103025869183,-0.261270581670305,-0.101933807970578,-0.230379976196602,0.263377924509242,0.180136083580081,-0.113496911244482,-0.00321676885669681,0.189712698598853,0.110603176940673,-0.0828841073575218,-0.162410446428017,-0.284599396817715,-0.301661616692478,0.362930917447167,0.280883418355101,0.326003898010712,0.126013490536738,0.372837137028279,0.228502588731923,0.151977671899488,0.0653544913496103,-0.115311203785027,-0.1908145796998,-0.220398638959552,-0.125928946796358,0.138287641080827,-0.17903546396352,-0.0787403698917796,0.0170288253930105,-0.25791086400918,-0.296096298577166,-0.0904611546728007,-0.106644858994653,-0.0996987010568579,0.0505261215664,0.100215043263717,0.23071896550513,-0.341359108372891,-0.456794135225862,-0.445299075195099,-0.477452305343457,-0.351184916246689,-0.23000696157285,0.0264042505038123,0.279984715264178,-0.101066300926913,0.014029109214574,-0.301371093132134,-0.0943496311918995,-0.0394873819996179,-0.0830554068353135,-0.277584582681931,-0.352976049666485,-0.341597725098034,-0.270369295648606,-0.0375777316216366,-0.148770350107374,-0.295535183934636,-0.192649449162042
"Frontal_Mid_R",0.0166633405418806,-0.0198705840121381,-0.055092568069857,0.647554684779518,-0.0821365322097423,0.385536637110794,0.491527801813952,1,0.245940685346085,0.39885076990546,0.166941958857153,0.488964867116836,0.235495447180722,0.483575441916411,0.0524187529117947,0.208610170320591,-0.147227943298145,-0.0792051470267247,0.111303289209697,0.137941799802802,-0.15110296916299,0.0185355754794963,0.0596846922248927,0.239216349921175,0.0690273137040311,0.225154668801357,-0.183568109973312,0.0269478087735872,0.248245247337788,0.263311536517681,0.326590428210544,0.385009077867129,0.0251211424069383,0.209434789655387,-0.227800128781885,-0.13745156109946,-0.268715428014322,-0.168476839232798,-0.346955196705784,-0.175250156462004,-0.136656866640777,-0.0442645082533567,-0.0352797270341666,0.00191404657850581,-0.0791923464176918,-0.062539505232966,-0.103469330355956,-0.0452474762449544,0.0211423646529086,-0.0275462118161866,-0.0771018800315756,0.00185585870056931,-0.16433177233678,-0.0863030091882258,-0.101305393999992,-0.0521150211699681,-0.248832081468015,-0.0534392430532374,-0.00506788844181298,0.142679023814142,0.149796865314708,0.516401194208338,-0.104474651647636,0.157566765363718,-0.258778244723408,0.163680823585479,-0.25182837109684,-0.0582751176497334,-0.177069200047081,-0.146397553882838,-0.155497513264695,0.110097015583055,0.0633528615799047,0.1789313523747,0.038466656599782,0.208693092202721,-0.21659233991384,0.0331927793453009,-0.0305375886680873,0.0219338747760838,-0.0882198846258695,-0.103151131722944,-0.0105038442852411,-0.100491907966557,-0.415435570292068,-0.099105340202333,-0.398078343360873,-0.319145925514951,-0.372578591883438,0.00322351043701735,-0.0529340249354989,-0.25319104628284,0.0629413417570623,-0.0796933723658119,-0.342425084285194,-0.293185332716957,-0.467365028966161,-0.283300065975459,-0.128715863910505,-0.206911211659212,0.0990266663830584,0.057420823154827,-0.0553001376407937,-0.0653841158438394,-0.181241501117232,-0.236070441193352,0.0923491511598716,-0.210582062159365,-0.151799853897401,-0.287074868364339,-0.331785796605116,-0.173292953166624,-0.0135477115889177,-0.243628488961529,-0.283481344309687,-0.0427849931724351
"Frontal_Mid_Orb_L",0.0246467148121448,-0.134319141290931,0.29410731097237,0.126518351653402,0.316593055526324,0.479754739490051,0.301280475035091,0.245940685346085,1,0.464107420698879,0.114977633026109,0.121929549973535,0.29425218246847,0.155968412972218,0.279095178254612,0.200094806130419,-0.171388189398202,-0.125972402673228,0.0247822942728652,-0.0735358919978494,0.0595334312726932,0.0132032809195533,0.172014345827301,0.129928162946304,0.0526834078014397,0.153530072572834,0.065051463126069,0.324183914722416,0.131625579316812,-0.0261515990488792,0.0595471281062384,0.0489894435442676,-0.190981629594926,-0.16871490759588,-0.116732337578925,-0.195353480511389,0.0377211208340461,0.020842647902925,0.0269382078969804,0.0672001046014831,0.132539441083576,-0.0281350257486082,-0.0660477008413,0.0395360826105285,-0.0781918143886197,-0.13227527622418,-0.0608418138684942,-0.00109442994625737,-0.117191476824762,-0.178329994778328,-0.201670551467195,-0.212313812733091,-0.21548069717093,-0.0302289529729525,-0.0350350825947857,0.040724516487019,-0.259449728477972,-0.22797734010945,-0.139556954325855,-0.153684040543709,0.050551336408306,0.0856538656013037,-0.174611626257801,-0.0152140681681138,-0.0338499319372086,-0.0677938863923531,-0.240236632923646,-0.284479375499933,-0.0544190345220063,-0.121425893601814,0.107922847539293,0.126636385160171,0.14385106745554,0.0174151745106998,0.151770613873989,0.101338062470553,-0.0870552571825592,-0.0968364295824161,-0.226808906068576,-0.177572860984675,-0.171584280087504,-0.14837562635541,0.143073580233598,-0.0773994867911639,-0.0593245450135619,-0.14694343064499,-0.282786610183024,-0.0974216656933216,-0.0481674134901682,-0.184380175328299,-0.316417018248972,-0.0844039497175025,-0.31603521607612,-0.00670857909127742,-0.102798605094738,-0.189823526389871,-0.298454592498946,-0.236298822497453,-0.367808556176174,-0.131338746360632,-0.476252022553967,-0.0875429558319853,-0.515339717795654,-0.430421008825137,-0.207152412914664,-0.26562327173845,0.0304863199062944,-0.346282890377406,-0.0410633834541645,-0.0594707518149467,-0.288162820504684,-0.295613216939113,-0.211332676593887,-0.387217621469206,-0.186013628406123,0.0127734921751369
"Frontal_Mid_Orb_R",-0.150381417933239,-0.15269173019238,0.0902000544836005,0.252943374061211,0.100549466835785,0.662532501632574,0.145319477429104,0.39885076990546,0.464107420698879,1,0.113007866060088,0.239143837740362,0.183847940043611,0.434576159441394,0.4009964112452,0.476871262051322,-0.184850677148918,-0.115128770462586,-0.0919330545004612,-0.079800853737613,-0.0441127999447942,0.0411330684425792,0.207432133834357,0.285876982992792,0.0659836416921571,0.204722692987148,-0.0134677859042529,0.178614274537685,0.107837567721295,0.183067453558675,0.119269266024851,0.249005977385854,-0.207350486936647,-0.114220954667581,-0.160467466724484,-0.120906414478512,-0.0544962840672076,0.155977955641157,-0.0667681836497002,0.0630927344657941,0.0882210555392236,0.140002207999662,-0.187155126804986,-0.11375058762065,-0.149919156385911,-0.143117958902313,-0.174359357612512,-0.0499811592292405,-0.137258301440243,-0.105317681572331,-0.217125586635065,-0.0873476811771399,-0.202454899033417,0.0386968304329467,-0.111811889558673,0.063343530645106,-0.22292753415976,-0.138660356802868,-0.214657264748016,-0.0732241809234407,0.00981610070506868,0.305475537358433,-0.171590400600255,0.0562922085570526,-0.0246925469760329,0.0859346407200505,-0.304241763704187,-0.221904045608298,-0.208309733552533,-0.251544285933681,-0.0280052201084622,0.0897771339611611,0.0690112342520764,0.157994809653606,0.157468117474414,0.186672278287079,-0.24493694078951,-0.13964508901509,-0.142285089793146,-0.0884553513702723,-0.00486251967905087,-0.00873510681621316,0.210100989674768,0.0427142697818618,-0.025472906669693,0.0687026910146314,-0.0558808131133466,-0.0201401530068579,-0.127847640520937,0.0525738127637542,-0.211001885536887,-0.167295429854868,-0.0432088032971296,-0.03474388519513,-0.218551788529323,-0.0524060032611138,-0.373982606632405,-0.173422355220373,-0.362949384282514,-0.261683326528322,-0.174643833483442,-0.0238455127902125,-0.259888750528503,-0.16208896596682,-0.0976568798813763,-0.193618799041856,-0.114703313879553,-0.271531452407891,0.0572576834332269,-0.2286269886309,-0.341041453988716,-0.367115118147187,-0.23464822892461,-0.21175694295555,-0.196588674637253,-0.0230154521427675
"Frontal_Inf_Oper_L",0.417724286960822,0.0694386708591378,0.258619998516462,-0.00615838073309551,-0.0635421003711599,-0.0924597954702189,0.347565598701838,0.166941958857153,0.114977633026109,0.113007866060088,1,0.383535332953712,0.728095948583772,0.507839183586369,0.43114456813401,0.257867871790934,0.369913409212529,0.161320288661097,0.344657071275629,0.201647360600327,-0.142749623695743,0.0551458116628785,0.231855087203677,0.119042068867169,-0.103935500985614,-0.167654269509296,-0.212680340384801,-0.233431924414745,0.362444776682311,0.267123305080223,0.0856154309411868,0.116642945156789,0.144784887348063,0.121763771471642,-0.0126156348174716,-0.131500392462557,0.0598581780871627,0.0460130910851708,-0.141171930077132,-0.202622005733861,0.0940961426017277,0.0352649571571377,-0.301374499926332,-0.294375195348573,-0.411994478410215,-0.420115749516587,-0.256617329430464,-0.290647546275544,-0.425190882884669,-0.383366054815146,-0.251747130790962,-0.337410716382812,-0.0541304097039419,-0.119492295467913,-0.122156168235729,-0.150075858908758,0.00142434096777452,-0.0870244563277163,-0.200608681290057,-0.30555625818187,0.316106659594369,0.0460235268966452,0.223953899953731,0.047763307061103,0.0668158548610588,-0.0385527612776221,-0.296989934116783,-0.375234575822704,-0.0155547148128097,-0.156580115494378,0.130867765594157,0.128619617749816,0.282148397857143,0.243159348101379,0.314583406990671,0.184236684834978,0.161143376478314,0.0805129007885747,0.272101621456292,0.217652049079661,0.299631840060937,0.284712084608783,0.290289144882051,0.066064870942617,0.177690931035435,0.0884432570434242,-0.121675431232636,-0.129738233032004,0.257304978126237,0.0455573032271648,-0.0485692196930553,-0.0117883730450648,-0.0742529029215346,0.0736433806388742,-0.0863896474025377,-0.227369465170244,-0.240602555354703,-0.238581465402399,-0.172707150932383,-0.17437722937737,-0.107687425045522,0.068536633050554,-0.138935829338001,-0.0300692052348301,-0.254725368955771,-0.0639235819852642,-0.17706050210197,-0.113318153737799,0.0267753285197993,-0.22126407101022,-0.260163209438903,-0.172353426045201,0.0171203427109905,-0.0354033013320332,-0.106667007509936,-0.166053583985854
"Frontal_Inf_Oper_R",0.293097729837682,0.18714220578663,-0.161123938501423,0.17789816929501,-0.232648856226088,0.153641223827913,0.132878900925211,0.488964867116836,0.121929549973535,0.239143837740362,0.383535332953712,1,0.251670991248619,0.683689254026012,0.120075008865532,0.366587620131992,0.31838331597307,0.326746835213219,0.341232924672168,0.341252057791035,-0.164587459882196,0.0492351545007937,-0.174334393403476,-0.0612525285125306,-0.256230675380338,-0.12646063868962,-0.255208749999421,-0.0520399700281075,0.488687126071874,0.611505402523961,0.174939322583227,0.206906642299741,0.0351901826936855,0.151335836705862,-0.417131595672338,-0.360522538938787,-0.0934134641448837,0.0500625110104069,-0.135198241048654,-0.100309627871045,0.124055807494043,0.170331555253667,-0.222067862886599,-0.0888500336501009,-0.210443201666402,-0.169653562156481,-0.149215155431289,-0.0597632945828767,-0.173479519071548,-0.108290267764292,-0.285423722907696,-0.173058135867865,-0.091997296011907,-0.0223389285031517,-0.111591940476104,-0.000937949976434906,0.0702427653317643,0.14293901237087,-0.238697616445938,-0.113931252340575,0.22074104183583,0.393048163601151,0.246426861731812,0.481649760818681,-0.386170936422974,-0.101912572725992,-0.511167857155019,-0.329390237397902,-0.0208028002857124,-0.119760238041217,-0.199603227575278,0.051131128032162,0.229884503007539,0.448273155565697,0.200135738984698,0.379314069038019,-0.0308752396644679,0.187137210681872,0.270774024608383,0.350414142862179,0.388107587889804,0.292322273653123,0.297197820705164,0.181427738557869,-0.151958545710286,0.0584632630440309,-0.217160295450108,-0.225113961056534,-0.211433829605883,0.0605037044239115,-0.118416966696619,-0.266804397748184,-0.225271139497598,-0.306439362435648,-0.0954337373094955,-0.0847368435908006,-0.33038083930636,-0.150483354211162,-0.0398517419191202,-0.0955618084748868,-0.0569754388977262,-0.192540728369109,-0.164815881657992,-0.153440136935412,-0.176766439017433,-0.225738361958212,-0.0588762229551062,-0.165638280919828,-0.00429953879742167,-0.118516501616162,-0.298038960725056,-0.131822709494728,-0.108916390788691,-0.171602946119573,-0.0545103835224716,0.175310474095694
"Frontal_Inf_Tri_L",0.236255199317923,-0.0973597917670466,0.355454171887704,-0.0370778668368962,0.0547430992138172,0.0683596094469716,0.474045748432662,0.235495447180722,0.29425218246847,0.183847940043611,0.728095948583772,0.251670991248619,1,0.466635977050631,0.631071545970997,0.323319551442281,0.043890121339184,-0.106005537468253,0.110163638200685,0.0454767458957107,-0.0776620756481303,0.14151185657305,0.299739304841694,0.120258736720207,-0.0250062279081483,-0.0727948874688108,-0.1265288831696,-0.111129219585194,0.384763084535676,0.214693621546511,0.259138560752651,0.256660193168243,-0.0216910659104005,-0.0529660361177006,-0.0898402536941825,-0.215286956021041,0.147355528918294,0.0438810625548717,-0.0603530912930364,-0.17514514043969,0.184105052803855,0.0467447650271717,-0.278849284318546,-0.242329264877265,-0.315464614343507,-0.358606713277423,-0.293780365514827,-0.30453735949876,-0.306488280882483,-0.362398037553442,-0.170159315644827,-0.242422180100719,-0.074207750067189,-0.00175570441765069,-0.0866350254362194,-0.187820528998123,-0.270962782520565,-0.253049116973685,-0.0607376128823619,-0.280483950542299,0.354002680032493,0.0818022030813428,0.0899188798752713,-0.0288715100588314,0.133186297229255,-0.111984738459536,-0.289839148187557,-0.384954690077689,-0.100368048620269,-0.195101262173207,0.243310046950268,0.186779848570492,0.361497270417302,0.276975001200634,0.339154914093659,0.27035665238681,0.0789321246829898,-0.0517601453550626,0.109368858257101,0.0525143622739646,0.0833417714319766,0.0985840706440363,0.394758894725283,-0.00901662719068002,0.163166758069463,-0.0299467564146719,-0.136095434579382,-0.191731397817251,0.260460778196338,-0.0168239971505807,-0.152292775223063,0.0476938466227704,-0.0848769927801035,0.182127417826424,-0.0591606973133862,-0.222668095912411,-0.280447537292924,-0.311147673568529,-0.387113203423479,-0.3191846787147,-0.133997960958398,0.169436796392643,-0.2281832458664,-0.123334144036579,-0.209432542730186,-0.0468732570703377,-0.111674422641618,-0.221965861589375,0.00843191168595194,-0.201042013228157,-0.366436320998927,-0.313526838922425,-0.055419859313107,-0.115282282325338,-0.0683294310905041,-0.0890504655321553
"Frontal_Inf_Tri_R",0.228825606181522,0.0741201133172209,0.0650143248016504,0.269470568746735,-0.0763472118131737,0.278286985713143,0.274764629540179,0.483575441916411,0.155968412972218,0.434576159441394,0.507839183586369,0.683689254026012,0.466635977050631,1,0.379184853513328,0.67286748073104,0.143016182102357,0.111009646803207,0.0885103321022424,0.203922144613082,-0.0514932320670829,0.115181930976042,0.181998904673192,0.314556474115444,-0.0649867248427821,0.0293770870922748,-0.126509220828993,-0.026114829294652,0.374964987179689,0.465458616484528,0.26593448989721,0.3460344204209,-0.0939068622468133,0.0199335351287388,-0.241279780226507,-0.207761055458508,-0.0561067078533249,0.13669662704933,-0.168654138359678,-0.0280743497339286,0.171513532786278,0.20369536332218,-0.347108213901889,-0.248081769151053,-0.301047668173852,-0.342836232403465,-0.290579597554361,-0.221479649737846,-0.304791252196171,-0.304612991064808,-0.321891113765179,-0.267861733605809,-0.131922931773092,-0.121341958911216,-0.121459489681106,-0.0653729658481589,-0.0169374287435532,-0.137519945900548,-0.294755167302958,-0.301921362514611,0.192149938254648,0.298320460773138,0.0528988543076109,0.180772458837321,-0.136132423828682,0.0562233806228456,-0.484137438781895,-0.405317971824048,-0.154189813610152,-0.272489403086413,-0.0625492569909355,0.0980863857556015,0.254539695320779,0.361953398782951,0.217299940085066,0.400040382196152,-0.0806196080255317,0.0895267803607937,0.201014544339528,0.265509468363814,0.313315285744423,0.360528831379098,0.388800748217077,0.121450414826681,0.0274281563760532,0.216622617389454,-0.115044601176246,-0.206076095608679,-0.0680044844890313,-0.0168262157413372,-0.158146058318442,-0.272086796244866,-0.0530651632045778,-0.139585613461781,-0.298808131652204,-0.186633304954876,-0.449194273470622,-0.290537972541969,-0.293395667088606,-0.29913195715036,-0.0397419521877949,-0.00042512987934039,-0.197360403352702,-0.150570412479929,-0.182457466112812,-0.217818862056761,-0.153686902701235,-0.230155944936885,-0.0641065152586646,-0.205951895684188,-0.456427176907751,-0.346071553582797,-0.148468413555779,-0.151917207667537,-0.128833945793377,0.0753148204928611
"Frontal_Inf_Orb_L",0.0254270229203813,-0.0541317075006108,0.321409278320394,-0.149482559469165,0.092467904474417,0.216274155248876,0.222145887160773,0.0524187529117947,0.279095178254612,0.4009964112452,0.43114456813401,0.120075008865532,0.631071545970997,0.379184853513328,1,0.617507287180979,-0.0144790696808907,-0.053889689582817,-0.00555290532596579,-0.0110436374423114,0.0420027231691734,0.232048818786093,0.377970285501352,0.209958346940361,0.00450090789641302,0.01739145598046,-0.0419142617202295,0.00143700101115672,0.362189602632333,0.277024129327866,0.265150421885326,0.294563191600279,0.0330191688654225,-0.038252345802406,-0.0886506886945219,-0.218856968608766,0.140808103041699,0.204250934895945,0.0702984465353669,-0.0321457233617848,0.262444123017408,0.134704274925153,-0.3724803190062,-0.362992998252632,-0.36174151153239,-0.393185465359408,-0.335583646281771,-0.370311695748499,-0.392213282655763,-0.449226601928501,-0.371470957482082,-0.364755484210467,-0.226334668808487,-0.0993709014565069,-0.226219578367181,-0.261424109222104,-0.163617924252604,-0.207486423283268,-0.227894442095789,-0.305606156910151,0.111711283404078,0.0479771699158987,0.0227219640396303,-0.00781434910427977,0.169021204052173,-0.130120444093459,-0.296402698817259,-0.392450474305755,-0.0368032719709561,-0.0991174755922944,0.28730061908783,0.271598523635373,0.25467146067115,0.23241900883365,0.252323945333356,0.17989263823092,0.0107437077821111,-0.153366509477103,0.0244110511326562,0.080731796068874,0.0952321135578616,0.15376982254952,0.658531649553872,0.0856447272600597,0.200111028269729,-0.0701294253108436,0.024759252342411,-0.105408704420803,0.178335249672528,-0.153365293463114,-0.236358771567718,-0.068738833058751,-0.0252586216837506,0.168807824758835,-0.0945909015180542,-0.102256945888736,-0.218834390162192,-0.341443435568805,-0.461471982681292,-0.452189174348984,-0.149941474260123,0.140241663314749,-0.15914587372721,-0.0616506345780341,-0.105469090535872,-0.00650501878676241,-0.156750363068243,-0.0754972865033986,0.0258752203014309,-0.210412121445366,-0.428143223536089,-0.407400521152414,-0.183672444435726,-0.085098119672983,-0.0496782833733254,-0.0860099599605791
"Frontal_Inf_Orb_R",-0.0520379395308666,0.0273706675774605,0.0868337113893237,0.0908650882845365,0.076988998917008,0.323398067853496,0.13600563776798,0.208610170320591,0.200094806130419,0.476871262051322,0.257867871790934,0.366587620131992,0.323319551442281,0.67286748073104,0.617507287180979,1,0.0011124567437285,0.0391973423934521,-0.0784781135401944,0.073927029514149,0.0395091238276428,0.148252601349329,0.355632432852999,0.392958820010522,0.0147680041245878,0.102489087501628,0.0490806167440107,0.0703053834964367,0.363115884162385,0.455231595059541,0.3614871249898,0.404498803998144,-0.158785633607444,-0.128518443100645,-0.310395097033455,-0.296739996523844,0.0276093483669319,0.171112490780854,-0.0266900511240052,0.0922550828685317,0.259882040370067,0.305364261380911,-0.205356542971843,-0.153141695489634,-0.181058420962323,-0.230202943331352,-0.149464929602431,-0.138534283920151,-0.23434877975676,-0.314071182358208,-0.339866922869667,-0.273907549359698,-0.202664216460318,-0.141598631394803,-0.130386163707687,-0.0784167494535061,-0.101201663993982,-0.320823333845576,-0.393820820558289,-0.434318952595956,-0.15179100625178,0.0324675229526151,-0.00911851794406746,0.144542381124662,-0.0756345368492813,0.00265835497390682,-0.411296298438981,-0.379241090015331,-0.180468903717326,-0.277881214348037,0.00572648702929814,0.177811051409367,0.242158042141208,0.327093596419934,0.179114823642789,0.371785112468136,-0.135203157524315,-0.118812446815222,0.0729059187125025,0.16528142011271,0.250802799134666,0.317168831262748,0.621929418055843,0.276388900398146,0.0757859948170044,0.215023457699589,0.0418921710818733,-0.0632729893868187,-0.183662139126753,-0.261288262995202,-0.248089313068736,-0.366219623613558,-0.0852684657763022,-0.0797914434600313,-0.263233033279959,-0.139464550187668,-0.395845466999829,-0.265277493675331,-0.377834028033075,-0.407547839903817,-0.126944108658186,0.0131318536861694,-0.210900787586961,-0.22256433318691,-0.0608299662355319,-0.179649023204427,-0.196623398363052,-0.174263388081078,-0.03043453919711,-0.183828835554593,-0.454664551385518,-0.429460484752309,-0.244519333939734,-0.11812441656479,-0.0701653683146149,-0.0195564718571979
"Rolandic_Oper_L",0.516145773801632,0.509321697949199,-0.212477826283816,-0.137237722287493,-0.280593208053267,-0.230398821824835,-0.223943604375077,-0.147227943298145,-0.171388189398202,-0.184850677148918,0.369913409212529,0.31838331597307,0.043890121339184,0.143016182102357,-0.0144790696808907,0.0011124567437285,1,0.794999870222736,0.523351966218452,0.507018668033586,-0.136302662017636,0.00328623835965614,-0.239154967793273,-0.26592872094034,-0.361952044622536,-0.335007018760626,-0.184189758595258,-0.0999279140282748,0.420309136934071,0.560485717405599,-0.212419900008785,-0.269173282814203,0.229489321796487,0.176730961496584,-0.211761483515041,-0.21945127388908,0.0791933116339396,0.10085337264961,0.0186671481256689,0.0292239392511659,0.263912425716042,0.293196728562662,-0.232261317976847,-0.179030969826024,-0.312364724787804,-0.275126677523813,-0.0812098324870563,-0.0614615742251333,-0.333250698786917,-0.275008539829279,-0.275366037758795,-0.394826874204767,-0.0226449882584056,-0.122105070101268,-0.151871926580374,-0.0551424453630071,0.636913269701906,0.371721943645176,-0.29388785809845,-0.282317050259517,0.083889866802637,-0.0904644903669075,0.481190708472594,0.332922660301193,-0.165928882219976,-0.083493967538043,-0.324322323712573,-0.3063050477117,0.227476042938252,0.158574432858474,-0.168590690961429,0.00493522018434964,0.236103092465956,0.380197734630803,0.134831091972464,0.186298122877683,0.0902969970996107,0.133555869610487,0.772050696538803,0.713484989656745,0.815953183031115,0.703647361401418,0.137011874016507,0.395678622039693,0.163211322683878,0.138927995602783,0.0296363372006942,0.140421715525051,-0.0477556129322718,-0.0384357912601374,-0.0568062380289953,-0.229150585892118,-0.287521013567288,-0.380392633324067,0.0886623853677802,0.0590984142750809,0.0692869792973253,0.0615886890877372,0.0939440790464538,0.0332796859002211,-0.0816374511910507,-0.328223309575316,0.0649667873834291,-0.0255068536163079,-0.083782948721633,-0.0362884078855693,-0.0804274058064312,0.00437716907452497,0.13690527105011,0.0290936547102317,-0.0588027106803814,0.0145911183059376,-0.19027496931545,0.103285776862973,0.172342558205984,0.135932169531249
