"","Precentral_L","Precentral_R","Frontal_Sup_L","Frontal_Sup_R","Frontal_Sup_Orb_L","Frontal_Sup_Orb_R","Frontal_Mid_L","Frontal_Mid_R","Frontal_Mid_Orb_L","Frontal_Mid_Orb_R","Frontal_Inf_Oper_L","Frontal_Inf_Oper_R","Frontal_Inf_Tri_L","Frontal_Inf_Tri_R","Frontal_Inf_Orb_L","Frontal_Inf_Orb_R","Rolandic_Oper_L","Rolandic_Oper_R","Supp_Motor_Area_L","Supp_Motor_Area_R","Olfactory_L","Olfactory_R","Frontal_Sup_Medial_L","Frontal_Sup_Medial_R","Frontal_Med_Orb_L","Frontal_Med_Orb_R","Rectus_L","Rectus_R","Insula_L","Insula_R","Cingulum_Ant_L","Cingulum_Ant_R","Cingulum_Mid_L","Cingulum_Mid_R","Cingulum_Post_L","Cingulum_Post_R","Hippocampus_L","Hippocampus_R","ParaHippocampal_L","ParaHippocampal_R","Amygdala_L","Amygdala_R","Calcarine_L","Calcarine_R","Cuneus_L","Cuneus_R","Lingual_L","Lingual_R","Occipital_Sup_L","Occipital_Sup_R","Occipital_Mid_L","Occipital_Mid_R","Occipital_Inf_L","Occipital_Inf_R","Fusiform_L","Fusiform_R","Postcentral_L","Postcentral_R","Parietal_Sup_L","Parietal_Sup_R","Parietal_Inf_L","Parietal_Inf_R","SupraMarginal_L","SupraMarginal_R","Angular_L","Angular_R","Precuneus_L","Precuneus_R","Paracentral_Lobule_L","Paracentral_Lobule_R","Caudate_L","Caudate_R","Putamen_L","Putamen_R","Pallidum_L","Pallidum_R","Thalamus_L","Thalamus_R","Heschl_L","Heschl_R","Temporal_Sup_L","Temporal_Sup_R","Temporal_Pole_Sup_L","Temporal_Pole_Sup_R","Temporal_Mid_L","Temporal_Mid_R","Temporal_Pole_Mid_L","Temporal_Pole_Mid_R","Temporal_Inf_L","Temporal_Inf_R","Cerebelum_Crus1_L","Cerebelum_Crus1_R","Cerebelum_Crus2_L","Cerebelum_Crus2_R","Cerebelum_3_L","Cerebelum_3_R","Cerebelum_4_5_L","Cerebelum_4_5_R","Cerebelum_6_L","Cerebelum_6_R","Cerebelum_7b_L","Cerebelum_7b_R","Cerebelum_8_L","Cerebelum_8_R","Cerebelum_9_L","Cerebelum_9_R","Cerebelum_10_L","Cerebelum_10_R","Vermis_1_2","Vermis_3","Vermis_4_5","Vermis_6","Vermis_7","Vermis_8","Vermis_9","Vermis_10"
"Precentral_L",1,0.556858428447331,-0.115878544433235,-0.253565880947867,-0.342580799163077,-0.175919266431054,-0.158516314376404,-0.127315611827385,-0.144227190612217,-0.0243951381256758,0.469245838865035,0.221365497838324,0.0813820392591912,-0.0198160814875081,-0.0329414928877693,-0.0215360920650291,0.504787361208221,0.424565468785576,0.506594785452066,0.386413184304831,-0.203385690083329,-0.0871972051250955,-0.345290850898982,-0.388282957272149,-0.512491844771476,-0.487529429499767,-0.298747390668341,-0.221422857505091,0.183792596396851,0.169650926251473,-0.278703526523503,-0.30070281651728,0.0489136687743969,0.0131117398255298,-0.368657258122894,-0.418754530841801,-0.070677265662431,-0.249782369630449,-0.118625079266497,-0.127514876726106,0.148802673673202,-0.0102887332674153,-0.111254160870852,-0.0416047835434289,-0.231808998141433,-0.101928973810813,0.00566174597665409,0.0517615383481063,-0.0615646944500418,-0.052698217576593,-0.136688132537241,-0.184884613205441,-0.124229289245335,-0.0776857522583072,-0.122985026940102,-0.0684358908813729,0.729725691974908,0.496559219486614,0.335714916078343,0.185133524677855,0.299126367808026,-0.057493414153099,0.507503455012149,0.239188451927371,-0.303526099380875,-0.351100649489637,-0.192549869231195,-0.217630645639193,0.385216644824119,0.284667792156426,-0.12514516570371,-0.094369342110287,0.0873690148324948,0.130763983109067,0.114059403815197,0.0941187074614043,0.203780593243502,0.112016700714332,0.366885735300638,0.267367724148039,0.438409021813763,0.184426631414194,0.0655450362894241,0.045755115156711,0.0494105916232297,-0.176512564402181,0.00647846773481499,-0.0965798172204516,-0.0108236849882418,-0.0505418063380509,-0.126954381474845,-0.0374216009970193,-0.224626959500551,-0.142898655323205,-0.165278985230721,-0.416932312094418,-0.193857379841411,-0.151397889484375,0.0118405162918577,0.159456369965906,-0.0715251863532953,0.0686177695697603,0.137080955823889,0.254165411971061,-0.199824047192061,-0.183971025131322,-0.263487044839488,0.0781311014945637,-0.120485000993337,-0.133557157236662,-0.183766287328023,0.0033116231077918,-0.0394214643534823,-0.191402529964821,-0.38337157036871,-0.173054708878033
"Precentral_R",0.556858428447331,1,-0.252695154290533,-0.167165533441666,-0.39505765025227,-0.233783751192022,-0.258267458596535,-0.114751045965441,-0.227314324748765,-0.0747887827962454,0.185157179662436,0.0923294525401058,-0.0667713205324973,-0.115013963549102,-0.0933139636375525,-0.0988140846766696,0.464677262162334,0.618997535343108,0.403526429125391,0.415193492902154,-0.224778305486687,-0.218406688159184,-0.367957720428986,-0.384548762160024,-0.464762871510234,-0.44994306628878,-0.41197439509161,-0.34955209453974,0.0470157584767142,0.16068749383654,-0.306541524016246,-0.347584877673521,0.115487028872581,0.191795902225174,-0.434482259854505,-0.388385964415354,-0.0710782432273228,-0.0234993353886661,-0.122556145463926,-0.0110972676387083,0.128003760669799,0.138435104626872,-0.182210023335826,-0.116689924033232,-0.153781200166045,-0.0566776004185067,-0.0195809614087153,0.0416964790209235,-0.017150158262494,-0.086729341574077,-0.153509704919388,-0.201545804178194,-0.0707149313781572,0.0292768415490757,-0.0994150906434213,-0.0241537155444283,0.746706818102442,0.722235216384998,0.154612583711123,0.108864947739669,0.130938831704208,-0.00199034193100429,0.310719914099398,0.189439252337076,-0.183321363757939,-0.305380863222738,-0.23006317546869,-0.169059788024066,0.454605558672933,0.520782596635522,-0.256491519761827,-0.192333034926615,-0.0365482392568502,0.168531999565721,-0.0754843462153629,0.125811389797856,-0.0108106449303149,-0.0103673258334894,0.396669835832241,0.353298297734436,0.41558394198115,0.351694299890545,-0.0691512538917497,0.0196958677233219,0.0613020356594082,-0.0847109928195831,-0.0249559501028636,-0.0806280913775033,-0.0468582025457755,-0.0772729128328317,-0.127873825858006,-0.13053832514262,-0.295617677833694,-0.260253526282196,0.0614974421656198,-0.0305369272392164,0.0123660303320354,0.0288561083103849,0.0985791949270577,0.120210556483701,-0.154011991771736,-0.0747981602304075,0.130214809522206,0.0743070817568559,-0.106366674704064,-0.103246742025502,-0.169809424615559,0.0176812428459468,0.153354604250443,0.0475764288224778,-0.16678348871531,0.106781336534048,0.00972219564656115,0.073728030588044,-0.179303542304463,0.106943896520084
"Frontal_Sup_L",-0.115878544433235,-0.252695154290533,1,0.226270273628213,0.569929291579898,0.102655200838703,0.644202350186477,-0.0797374941504805,0.477420396228552,0.0328480618412119,0.0138889364319744,-0.352674389680805,0.17238211864768,-0.118588660002694,0.157419920520925,-0.185316401061061,-0.257619570089898,-0.293429106295144,0.0595698999201729,-0.0955702055104426,0.2288543300388,0.156155107052467,0.567169542375172,0.547182872058866,0.367021381399133,0.305949833182988,0.404668696950895,0.342581466254148,-0.170217057096493,-0.342086987743301,0.26976434408585,0.243063685999494,0.0702306632352123,-0.124615030362064,0.32749179210132,0.155485835345336,-0.00888093621145796,-0.143421040203785,-0.028202038902697,-0.177131139270403,-0.147616055774169,-0.10136156597204,0.0289588684058453,-0.0256543016688794,0.00582736270675544,-0.174446384527454,-0.124033040418756,-0.129562822333601,-0.0642644697117866,-0.159557810657596,-0.0348502691256108,-0.134606595078535,-0.155571971241473,-0.0945504796817889,-0.0631954323310276,-0.170018000313331,-0.219962157621392,-0.290288134648957,-0.0107685564795589,-0.313815594546127,0.0101110072013477,-0.22540056876668,-0.0978439782923713,-0.313221700967641,0.475017712019961,0.0796069364484633,0.129421004365945,-0.116592497398822,-0.140159316287227,-0.139070573655569,0.166720648568027,0.0181250021313906,0.0873673705478963,-0.120827486595154,-0.0357755376170288,-0.0567029621519749,-0.113965775359793,-0.320456554483925,-0.114477004240374,-0.115080491407045,-0.245651073692752,-0.149759359670835,-0.0620617688562307,-0.211991322406498,0.181221028073431,0.071636529404517,0.117968743581213,0.0754459721482462,0.0632733758415471,-0.094050530228259,-0.264798331894319,0.160304545018609,-0.00594915338974242,0.372198926484214,-0.286107501648178,-0.305845620278172,-0.171318825536028,-0.274359094520396,-0.273175179573405,-0.136154942422149,-0.232136521255977,0.218011690335641,-0.123039259511356,0.114500953453937,-0.0599936670305005,0.157742896438613,-0.122076074424757,-0.148728649644052,-0.17183424032156,-0.3250933624447,-0.132705993615139,-0.31170301550926,-0.128624336583694,-0.0974343976237416,0.0550282316376392,-0.161884346309062
"Frontal_Sup_R",-0.253565880947867,-0.167165533441666,0.226270273628213,1,0.0859460663602207,0.392384071813115,0.433415361621387,0.676659243666287,0.0772157894995563,0.317146473899105,-0.11610545482827,0.117156772813981,-0.0199750360895033,0.125486352107578,-0.0502600830777488,-0.0473756994858542,-0.279101497629415,-0.217192866331103,-0.141938662415734,0.0827064243291188,0.0585146557029968,0.126013484208958,0.246054494369668,0.451960593196915,0.246595402201562,0.333906650649381,0.0789850007616523,0.253927434460593,-0.216739681765887,-0.17819814611981,0.267214293355052,0.407652675039052,0.0147965739990344,0.151982596707794,0.0688872088983831,0.113217152415755,-0.276646138317152,-0.0886686127442299,-0.172460453292744,-0.136693993599908,-0.340884343254924,-0.239041224438381,0.00557760973023159,0.020514537615906,-0.0278063451497474,-0.021558115352559,-0.0803493573688109,-0.0271482883312318,0.0308992750045067,0.000996639084882315,-0.011193869996222,0.071047202099029,0.0528029579180557,-0.108409918759518,-0.045926729685435,-0.0696808104511272,-0.277209455813663,-0.17488912161174,0.0297404751205706,0.176445889421397,0.138821774203843,0.498739569478068,-0.158108236576687,-0.0130752989347214,0.130756597139454,0.482929880984653,0.00193099389697307,0.163344234654276,-0.123284888733732,-0.0488132505245812,0.0801394484747024,0.11504955913613,-0.0286213404311962,-0.0655575788906528,-0.0519897824521779,0.0169738743641942,-0.282311060819229,-0.0496104060783643,-0.244487324544614,-0.246193041749914,-0.311496339741303,-0.190879738729702,-0.286863147590197,-0.259345708927172,-0.0938245548862907,0.204961023754562,-0.250038630214838,-0.105111722652899,-0.10688999744525,0.262148707642623,0.145509463110078,-0.0358639425763946,0.306517497499233,0.0340075682460126,-0.335200847586285,-0.159119125247366,-0.116136462160914,-0.068158650027964,-0.0251799631457416,-0.0791353888825789,0.108977757507893,-0.0137606794657092,0.0183250592448345,-0.00824947516933252,-0.184700075000636,-0.110354723962787,-0.0181597344650488,-0.127934491809325,-0.26650921247241,-0.257540146457954,-0.105520578153913,-0.0911928537112167,0.0205092907656172,0.05863085476768,-0.0300149926697812,-0.141556007036004
"Frontal_Sup_Orb_L",-0.342580799163077,-0.39505765025227,0.569929291579898,0.0859460663602207,1,0.170189255866065,0.293645793677518,-0.173299608068066,0.430458792828759,-0.0306659804668085,-0.157787445564275,-0.332375443656094,0.0795737533772133,-0.0561659129192581,0.114994256505022,-0.202608973268887,-0.390647757875271,-0.331332884136028,-0.209370330648697,-0.343256736361169,0.430489746143903,0.149242388381714,0.474982622277481,0.439519819113047,0.766899793253596,0.57712045773129,0.805348438489833,0.561975131930455,-0.218823165490754,-0.387844131238551,0.228741163876639,0.132224204622339,0.030088554746249,-0.269456581225218,0.571143342713658,0.4299274665521,0.175992390420164,-0.114380896488715,0.305435266522691,0.0700098648753117,-0.0375451703875221,0.0270933519243899,0.0506920967894544,-0.0129169879538772,0.00381989073611327,-0.124650842019745,-0.149322453631482,-0.186195552415927,-0.180831613610967,-0.134200897047508,0.0793649269038808,0.0146626638461841,-0.0761898930099408,-0.00457615705676227,0.027806096527372,-0.0163338869524008,-0.363399261919739,-0.407512958122909,-0.0182010406304495,-0.244830603091525,-0.0644717017605773,-0.248705036082883,-0.276059108591137,-0.471999774334229,0.481527183619285,0.305882065181901,0.347232131128053,0.176412378825404,-0.296568327316404,-0.257823838718813,0.0358865095174459,-0.0893780132572856,0.0852353294906124,-0.165575716378543,-0.0677720992179191,-0.0667732035868964,-0.0893185905906444,-0.215263021436028,-0.213267424021897,-0.20321509219885,-0.346336154123507,-0.236566925400702,-0.147481718217193,-0.13224563186966,0.118056577722533,0.152808487152531,0.133779402480003,0.204441847924305,0.246808309564211,0.0447623695001458,-0.168836303979043,-0.00392726862214902,0.0430856726141299,0.294613457049924,-0.0838902376346827,-0.0219682899648502,-0.0113381049694073,-0.0776759940265533,-0.275094541493661,-0.211669927689502,-0.118006741656018,0.160983276492708,-0.187511418968259,-0.0230531157082917,0.103827969754867,0.187133653040588,-0.0362851432514066,-0.12281007310082,-0.194365738840461,-0.234921446728279,0.155438462360393,-0.318754815824145,-0.132528311042687,-0.0652205074846533,0.231547074014485,-0.0643913046896517
"Frontal_Sup_Orb_R",-0.175919266431054,-0.233783751192022,0.102655200838703,0.392384071813115,0.170189255866065,1,0.231923142004193,0.530742413628547,0.399698372952392,0.768951919628086,0.107609378858185,0.136183053783152,0.33191947165386,0.292646535365628,0.334894247102374,0.250365557702609,-0.0858437283471533,-0.118134461354842,-0.206808256825659,-0.0207392459774969,-0.0771777746103534,0.139724876976814,0.121057707028335,0.192884227744209,0.206649454409306,0.475382733409322,0.0467180876353352,0.487723376617492,0.126363953933493,0.079879370707712,0.184411485756664,0.308740130218314,-0.139717735901903,-0.0401030394576077,-0.00466336600413105,0.0936374342009893,-0.150580816987382,0.0520599349948905,-0.066790542025121,-0.0823354675848706,-0.136797157274112,-0.0169491503146026,-0.185550284708554,-0.151443111245601,-0.14075292650075,-0.198447540708864,-0.216710461035327,-0.241248789015641,-0.151812026400095,-0.110391571360613,0.0112491636736393,0.0786270278455272,0.0227445779556865,-0.102722218971881,-0.104451583690981,-0.0728788912672548,-0.308601445379724,-0.255626287598008,0.0465300563628936,0.0447061961763256,0.194168124114005,0.410364106596474,-0.139146505052966,0.012871448112331,0.0407925401228445,0.408465648375517,-0.0867610496783602,0.012469532612433,-0.148950341342317,-0.126563409705267,0.106197750283479,0.274988001832634,0.148221183168373,0.188757858118672,0.031008338172936,0.0991861493648385,-0.139055451541588,0.0592106401016805,-0.0299586358247488,-0.0796653317003552,-0.195617202378319,-0.0817375792557101,-0.031847751224849,-0.0748818771337944,-0.0432900313746122,0.104498635799378,-0.0921955337571414,-0.233004854565367,0.132631961100647,0.161149416183242,-0.132231128344215,-0.0542069016024868,0.0789075204100647,0.0937203739188491,-0.310560304835507,-0.119647813931994,-0.189252283336542,-0.103272524442589,-0.228808288835077,-0.219669770449352,0.0685055745340655,0.000488461559393961,-0.142820923667659,-0.0229895808120467,-0.245314167050637,-0.152719929102373,-0.162766944970456,-0.208259456570388,-0.382479689200489,-0.416583529814316,-0.140667031345769,-0.338285654083941,-0.17889830877728,-0.0199394049791824,-0.0587504804666266,-0.3381662879129
"Frontal_Mid_L",-0.158516314376404,-0.258267458596535,0.644202350186477,0.433415361621387,0.293645793677518,0.231923142004193,1,0.353622490667285,0.259850379953415,0.151793502098058,0.086806172224528,-0.0419566023790216,0.341190038698594,0.0307735577120754,0.152298159796885,-0.137976936913625,-0.166793867900378,-0.223562045712108,0.0455688466111508,-0.0543066416341127,0.0484980082870331,0.124286162372778,0.45810165975314,0.389791611663636,0.226271182338951,0.209379590168363,0.114661804857837,0.202364797449645,-0.027055280109615,-0.14393882978885,0.25902536810892,0.438510090763582,0.173886595075005,0.187966018620617,0.188265153086415,0.154589125692725,-0.256774893703302,-0.169574908156247,-0.265023334931885,-0.263409222320716,-0.219971364987717,-0.15146415873658,-0.0183326058717624,-0.123680404539937,-0.0376017091220852,-0.237091625005667,-0.197464244551862,-0.222004024212153,-0.08504013008731,-0.242045946100173,-0.0866394217441147,-0.246312121039436,-0.199856316990342,-0.192532958026524,-0.255996241318496,-0.289063764819748,-0.309643504241308,-0.231852920401787,0.0359356702793618,-0.148090575767366,0.339083190466789,0.21309203572425,-0.0180023651444503,-0.0600658150241833,0.458726014588652,0.273413377886917,0.098173818231701,-0.0435823066948705,-0.159366461455742,-0.089959895185353,0.252834516213558,0.126301565796756,0.132839944228674,-0.010621040764659,0.083456883992958,-0.00141690260920398,-0.208540097678431,-0.224436777845114,-0.179119038641115,-0.108055268289925,-0.27855871129437,-0.201721310854766,-0.115012212585698,-0.308182717391671,-0.0523411907836381,0.0358366863586789,-0.126692310997455,-0.192384470577607,0.0082418408778035,-0.025974829780524,-0.0642451994013219,0.227946307316141,0.197171739205245,0.309990598582763,-0.267427301983997,-0.340834901617254,-0.23786062035756,-0.341581479190126,-0.23938132513451,-0.131588918110276,-0.0503832501359936,0.260471336134188,-0.0862013243403722,0.0842205334666394,-0.0611012697699156,0.0632460464658461,-0.0124575495369334,-0.105299501544951,-0.154256078305699,-0.361920605551137,-0.225402347660902,-0.286674219315253,-0.0441143162239114,-0.0879429968859494,-0.0170467729207816,-0.0735456379326971
"Frontal_Mid_R",-0.127315611827385,-0.114751045965441,-0.0797374941504805,0.676659243666287,-0.173299608068066,0.530742413628547,0.353622490667285,1,0.0168581825760636,0.542330356805568,0.151343267943888,0.492131357131961,0.229952012313185,0.455997478095475,0.126866947572588,0.269213403538248,-0.0254127012722711,-0.0640014379606855,-0.0977763151107926,0.119707621794181,-0.142294961182745,0.0587393797312161,0.18666838442507,0.26441459942201,0.0318302047343647,0.190164929174037,-0.199954906330508,0.0784621463654347,0.0866351540523614,0.198790721040504,0.226493072412192,0.380238183892263,0.0275815175619526,0.26117468947809,-0.139556916179493,-0.0556840305327475,-0.322742547261361,0.00710577669485046,-0.251964739849646,-0.111716114469983,-0.115092641666117,-0.0611329554437737,-0.10174867157612,-0.099581244281795,-0.158771294036166,-0.123478131036127,-0.201638335154599,-0.151297258588454,-0.14895092639636,-0.137345013077352,-0.0963239087601244,-0.0620565079298334,0.0265208225117789,-0.14001729263703,-0.176388772557268,-0.131176649394225,-0.252018334524235,-0.140275242112888,-0.0675422651394431,0.145267445662345,0.299767076067608,0.694090761946173,0.0348869662522602,0.347018371522758,-0.0491807653568934,0.414380312436512,-0.18486862109078,0.00867737369370046,-0.219429846355004,-0.170045833107171,0.0878932435102831,0.216067108738983,0.118466610742544,0.218652400807902,0.163487148971167,0.252316431474802,-0.215796682412407,0.0481921761119552,-0.072123053212698,-0.145040694415858,-0.0955579495404966,-0.0201303606632436,-0.0778615810005576,-0.125738183329987,-0.131986361373774,0.209325192865089,-0.186911003826125,-0.244690043759168,-0.0500231230309741,0.214825284437348,0.122249536639548,-0.0587878351103153,0.234842419447583,-0.101002944109331,-0.331434017489859,-0.212641623719462,-0.26198236377074,-0.121240023847785,-0.0420182058158922,-0.136523725003301,0.18960717983444,-0.112496321264939,-0.0333947113173025,-0.0837748026654627,-0.323355128320365,-0.226149456198822,0.0191888828406728,-0.137368337658677,-0.208070062517255,-0.237387665372522,-0.263650431453616,-0.18711071047071,-0.0738193340356657,-0.0314998563466498,-0.122296346085733,-0.147501558572507
"Frontal_Mid_Orb_L",-0.144227190612217,-0.227314324748765,0.477420396228552,0.0772157894995563,0.430458792828759,0.399698372952392,0.259850379953415,0.0168581825760636,1,0.284142367239514,-0.0666657837859373,-0.194415352509285,0.161174732181714,-0.176773584924736,0.232303597080355,-0.162541494293206,-0.191928826787891,-0.153099880116534,-0.0459830840975238,-0.18991602893238,0.0204150051351093,0.00402756247097098,0.138789464197287,0.0944476923259803,0.219763031910238,0.262424605237219,0.222490781736357,0.390285150763254,-0.0478176095033545,-0.134906454763095,0.112411941752721,0.0825453489274867,-0.0382010710226116,-0.165257020772438,0.104449958572679,-0.00118180472734453,-0.0472689013966906,-0.0779764076151307,0.00968230861215818,-0.127724936831517,-0.0904512465248676,-0.115246134989387,-0.0240442721947169,0.0487785621792433,-0.0114506334794341,-0.0622518599212058,-0.00430430301705406,-0.00613386083278483,-0.0602742317816525,-0.0431779564229032,0.0775952687532562,0.0010545911102148,0.0524371229861412,-0.155062643357919,0.063930283813302,0.0196710837458419,-0.189837627519443,-0.0814059642808898,0.168667273413795,0.0294360041026015,0.15262075233921,-0.0185030398070498,-0.123302273857392,-0.235422280490462,0.198466827378377,0.0712302780430128,0.0598985160446095,-0.0235849980697981,-0.0436317330606166,-0.120080983273402,0.0374255883044169,-0.0658310135947304,0.0928168117742534,-0.0545562979421935,-0.0596885358329609,-0.0966863013550577,-0.0186683722341869,-0.0626089963952583,-0.0185039722819367,-0.0239650908205263,-0.12588098858592,-0.0753225941878628,0.015150135517909,-0.107219375626649,0.0215014751980366,-0.117530160595182,-0.0402430810158272,-0.138485011904025,0.0689834855268517,-0.0120716518161424,-0.22197183777352,0.0453432892443302,-0.190719420645171,0.142770530306688,-0.145111089474197,-0.0257049637234313,-0.0102530113999994,-0.016987548939149,-0.0627221638548943,-0.0131921992094928,-0.0844791870550387,0.0817328256816241,-0.0799845713223107,0.0579916028083058,-0.013757037783684,0.200587819300766,-0.0604551608941196,0.0160526761439171,-0.172277410173578,-0.230151728093311,-0.0609960019846837,-0.268812658018196,-0.138133741133884,-0.0198405514315834,0.188530071868129,-0.111845724652286
"Frontal_Mid_Orb_R",-0.0243951381256758,-0.0747887827962454,0.0328480618412119,0.317146473899105,-0.0306659804668085,0.768951919628086,0.151793502098058,0.542330356805568,0.284142367239514,1,0.289075704414374,0.263362055647019,0.397844212050061,0.412755615729005,0.411655319845808,0.469199273078312,0.114782554811602,0.0291909632945515,-0.127964147325952,0.0505176077299106,-0.270482816637672,0.0368404347386859,0.099354505838251,0.166165983627351,-0.0332882347470994,0.152295814026768,-0.150280472363755,0.129278731061645,0.212452386725778,0.167794885044983,-0.0222213639663828,0.157963290699889,-0.163928058181655,-0.059064970098502,-0.146733743087066,-0.0960074219674024,-0.0917617949386365,0.198592019572935,-0.0662567607384687,-0.0155465361586351,0.0583636729567924,0.193352994069025,-0.242371798751638,-0.239858790300346,-0.318335612083111,-0.357041320845993,-0.209754545208,-0.205778823978189,-0.328196709350423,-0.236963196739044,-0.122303241237581,-0.0915550713447961,0.00644452875106031,-0.149300492504031,-0.14498386186313,-0.115481761687146,-0.155307699628949,-0.114297816874523,-0.0788638349769957,0.000269538024147334,0.313780283413108,0.52425793657997,0.00580288614800412,0.172929083000302,0.0303227455546287,0.331982813924385,-0.240431519817463,-0.189943264014727,-0.0626250050536602,-0.0192198045154982,0.0406897428558186,0.274987964936314,0.328400674198047,0.367907044062113,0.190954746976256,0.275394936868638,-0.0550182527372431,0.0981429353190725,0.150889970044101,0.0871406213669647,0.0131851773268406,0.0872107684278302,0.0536045330737827,0.0809413217362148,0.167960289252537,0.224725283889957,0.0018237016451741,-0.111663571188267,0.0653908986246686,0.214473795342021,-0.103168852354103,-0.0243302490528147,0.0829245649915332,0.0469176697024413,-0.344817762791228,-0.183397630571077,-0.208769896982708,-0.0464131810064995,-0.177577319696958,-0.182282673573357,0.0465336556497894,0.0013571645478831,-0.113654655242108,-0.0821404675907521,-0.400772766859378,-0.23939949862281,-0.179739157641371,-0.203313693556411,-0.267326702070304,-0.359227509337503,-0.216723070406073,-0.205701551945388,-0.175651121407679,0.0709927999343165,-0.0939111716865343,-0.325119318794014
"Frontal_Inf_Oper_L",0.469245838865035,0.185157179662436,0.0138889364319744,-0.11610545482827,-0.157787445564275,0.107609378858185,0.086806172224528,0.151343267943888,-0.0666657837859373,0.289075704414374,1,0.416743230606675,0.701135480888607,0.52367271750914,0.469557848139254,0.317874514050869,0.446243674299111,0.236055631298176,0.241917763281191,0.205283101269045,-0.220579333945525,-0.00718404481066806,0.0317619831482372,-0.0645193905250653,-0.331398447711924,-0.33327493369704,-0.237029771705889,-0.172855006286672,0.352240834151335,0.346543378964555,-0.105478312027231,-0.0912411720704683,-0.153283132926424,-0.0780238364752863,-0.281634438275199,-0.274467978446652,0.0287458930517827,0.0981976108594428,-0.0471374802600779,-0.027917602712632,0.170277542550254,0.138038410843018,-0.310273029170563,-0.307223322038249,-0.479960950806288,-0.467229923819346,-0.24637134228451,-0.211362897650977,-0.433924575239505,-0.341438489366488,-0.331700524484567,-0.331867229901864,-0.298319189843284,-0.145612059403564,-0.204315348340322,-0.225223285495459,0.217882981913818,0.190723427234383,-0.0710845248551281,-0.0899175910307097,0.410028322365109,0.114964550868027,0.431082264124583,0.337255050898288,-0.0506647459354246,-0.111688896016534,-0.321269428231742,-0.405317969253838,0.118449001477765,0.0791165669473423,0.140689063167203,0.276613052046774,0.296454986185557,0.337958386076751,0.43970412989555,0.38308567446372,0.181404470518923,0.133761208235346,0.338510037802308,0.363798071162418,0.369621583487532,0.274234378191503,0.288521480275612,0.0865189652917334,0.229320662430948,0.0348412248153429,0.189157213106581,-0.141709534473275,0.163999402222537,-0.0324611841356982,-0.264062872691783,-0.207228677960828,-0.161652256759881,-0.127227661070536,-0.240062196069265,-0.374968490292681,-0.215846409816513,-0.313289022089626,-0.267462479390795,-0.244708736698268,-0.0109950498561691,-0.0453329175722742,-0.00939497871600447,-0.0274900322688975,-0.308776955033289,-0.19180750621965,-0.165730059625222,-0.150329256359616,-0.153955772069907,-0.189345980246945,-0.19106152784816,-0.28401113774922,-0.298245363532747,-0.178433641255384,-0.216325907401737,-0.222253408224039
"Frontal_Inf_Oper_R",0.221365497838324,0.0923294525401058,-0.352674389680805,0.117156772813981,-0.332375443656094,0.136183053783152,-0.0419566023790216,0.492131357131961,-0.194415352509285,0.263362055647019,0.416743230606675,1,0.222174016849032,0.645054588910344,0.0639687560248114,0.388883395921906,0.276675143336245,0.218325710207686,0.0766067149697463,0.139846786366225,-0.233317358315118,0.0420877769951998,-0.10510674805243,-0.171315359191565,-0.283635046189568,-0.254292576211657,-0.285377544429837,-0.176189334683959,0.310015234268375,0.503555209264542,-0.0342477806563304,0.0054008257641639,-0.123505133195787,0.113603501237663,-0.410275483161714,-0.348852310563399,-0.189280113081531,-0.0511043717925784,-0.108893056526081,-0.00926355595710721,0.0961116522919891,0.0184554477031999,-0.146052936989296,-0.140330946868434,-0.377803680485648,-0.257711550447279,-0.0658781424397197,-0.0321110945488936,-0.333176751196861,-0.153789588234221,-0.139857468927475,-0.12624286200381,0.0566035576000798,0.00529746540590849,-0.0394501323655087,-0.0309545180828443,0.0706320440537112,0.304337781235969,-0.0128746305968608,0.269384485834194,0.313453164633209,0.473755031503804,0.262164721956454,0.609583461700213,-0.309373571420494,-0.00170150291919741,-0.342207540143789,-0.214430931178798,0.0139540461242973,-0.0526639331331204,-0.0686539997824352,0.16633805183996,0.127599964140499,0.384876897253691,0.185442967923744,0.297980652639749,-0.0605911989080009,0.295323825653574,0.0595295987391543,0.110983785773663,0.178914049634005,0.0963384557486229,0.0760321389825288,0.0516549730384013,-0.128694864413047,0.0452984539849545,-0.108580272578392,-0.196715880646353,-0.00159965986252333,0.156154549122177,0.0692903166870855,-0.206922476878109,-0.00345253551887845,-0.366882240497201,-0.115042733074856,-0.118198878776035,-0.113395027635368,-0.0894619506845463,0.0812196080648951,-0.0394683280850335,0.238537045108845,-0.224722707028371,0.138524812562098,-0.0588403346125206,-0.163236633124163,-0.117088990024813,0.189401922042852,-0.0195187242197452,-0.049869112658287,0.00947372666773544,-0.216355805207555,-0.0515402222294575,0.0240197711268194,0.0145165478874039,-0.130704878552714,-0.0615132990638041
"Frontal_Inf_Tri_L",0.0813820392591912,-0.0667713205324973,0.17238211864768,-0.0199750360895033,0.0795737533772133,0.33191947165386,0.341190038698594,0.229952012313185,0.161174732181714,0.397844212050061,0.701135480888607,0.222174016849032,1,0.493284359490464,0.629049516811004,0.222896113241666,0.134942862802182,0.0342203678366847,-0.0247788042459627,-0.00174993354857357,-0.187214709390362,0.0390182634329635,0.20564042560789,0.0728624914911351,-0.0755911310421104,-0.0478300339397679,-0.0987183585956845,0.0234675063329106,0.258965592654353,0.154688963952047,-0.00488393726722377,0.111582390438178,-0.142948980287915,-0.1343313398642,-0.123499952765044,-0.125067928282906,-0.0876784316384636,0.167561682774415,-0.0933990700824274,-0.0894550626444042,0.0296139488712136,0.0207094541897959,-0.289836690423729,-0.315281233647476,-0.361687200720873,-0.405434734324556,-0.356603663357375,-0.316100416585068,-0.38961245539,-0.304490882895531,-0.215011421089349,-0.21754845520735,-0.265718334674835,-0.231396149368744,-0.254955766020698,-0.285275794775244,-0.134070671432992,0.000795688134582022,-0.0108491243329489,-0.103517319033514,0.479588916320782,0.208428750753255,0.189699034093062,0.141423340469172,0.162724026201706,0.0820144137406581,-0.157842868540546,-0.243078650782842,-0.0628099186689338,-0.0363654564555551,0.208539476014722,0.317323288391985,0.231310614306147,0.191984661463811,0.347435286614591,0.255105501962319,0.0489692744434902,-0.0314770488388589,0.0890432680339728,0.207352035441192,0.0415401303123942,0.0324611441170483,0.227983990649501,-0.0510259809039836,0.109090662621551,0.0182636417307405,0.158483945068539,-0.227089437486323,0.279134288738546,0.00458943617722314,-0.218655213420202,-0.00241528965306473,0.00222051563505816,0.0889674068048945,-0.20382058236609,-0.269920429782974,-0.206597485401895,-0.246885322200296,-0.362537952056044,-0.285047579087163,0.0603865461332419,0.0908580350175948,-0.00212121786094076,-0.000219968868080867,-0.214061854784659,-0.0554743701281628,-0.089374113354996,-0.120805972296105,-0.11037398034529,-0.242875988569362,-0.198153237267303,-0.345803695909885,-0.24790254048733,-0.115369147952218,-0.0399436576673586,-0.116175732716131
"Frontal_Inf_Tri_R",-0.0198160814875081,-0.115013963549102,-0.118588660002694,0.125486352107578,-0.0561659129192581,0.292646535365628,0.0307735577120754,0.455997478095475,-0.176773584924736,0.412755615729005,0.52367271750914,0.645054588910344,0.493284359490464,1,0.362720062610008,0.681161673690191,0.116647194782848,-0.066558011106153,-0.138724700379858,-0.0266682910268777,-0.107898993148745,0.110196267225639,0.285267453407712,0.246348943998304,-0.00716993204711121,0.0304849515566734,-0.013877273767491,-0.0216023934817139,0.26739507479538,0.339832185765149,0.0867799405332107,0.161743549632849,-0.187140629679134,-0.0283982764529131,-0.138366124126537,-0.0549450220957466,-0.0350717828916549,0.201768955588121,0.018338372863871,0.221297805783512,0.182103887468394,0.189621397965676,-0.185724702021943,-0.173129568061574,-0.307281074376335,-0.306061955207827,-0.242213950541264,-0.202989801260044,-0.359342327909352,-0.25091019551494,-0.206167667845735,-0.0917638734957054,-0.0976459000422507,-0.052753193194156,-0.0789643903590336,-0.112062629032051,-0.179100055848,-0.0981416120256157,-0.285859460199934,-0.00550309122216592,0.165444651246095,0.381394048180387,0.0675274921169145,0.308342345147643,-0.0468151241284905,0.286701088770706,-0.312470516846375,-0.200606941429016,-0.25743643460171,-0.208516297672446,0.0891048407703562,0.3248078627063,0.210005748267057,0.286940712028426,0.246181663071937,0.244012565080922,-0.0463333276161045,0.115512968149673,0.0514243959529196,0.0745565999168073,0.0494923749113802,0.0956425731215091,0.221209495639978,0.0963358291211418,0.0749410760741111,0.354371245976069,0.0661200147246312,0.0404705612317505,0.126387013851917,0.14623974384199,-0.0900912906817144,-0.276280340018123,0.0712095358205649,-0.22658134062239,-0.223937633828366,-0.143034152959018,-0.218870195655519,-0.109306641738718,-0.213735096011172,-0.31425640573174,0.148369557650315,-0.255428765059172,-0.0247280809731064,-0.211423235502428,-0.324899885017774,-0.213449685297416,0.0238647085554161,-0.223734234115236,-0.0810464874785292,-0.101832560916611,-0.141506801565575,-0.245441673014033,-0.153436619867729,-0.117015644474725,-0.174937968793089,-0.247126585222242
"Frontal_Inf_Orb_L",-0.0329414928877693,-0.0933139636375525,0.157419920520925,-0.0502600830777488,0.114994256505022,0.334894247102374,0.152298159796885,0.126866947572588,0.232303597080355,0.411655319845808,0.469557848139254,0.0639687560248114,0.629049516811004,0.362720062610008,1,0.466694211163636,0.211677296650046,-0.000871586955009467,0.00187663316646271,-0.0752577092194511,-0.158447933203308,0.124335790716989,0.236083788852894,0.071644413362698,-0.0443783032980397,0.0205906804273994,-0.106814368780669,-0.0178453373857333,0.44090862857773,0.31032376036024,0.233549077851478,0.148569880000188,0.0406338350006504,-0.0136796220336506,0.00758927816502581,0.0248342566825369,0.0400189975087978,0.226715431845825,0.149494730697593,0.139947390130823,0.134100771997365,0.20611902481819,-0.393185124505026,-0.377493830472195,-0.335464820257236,-0.384339113500403,-0.384296080434817,-0.342036002711636,-0.359967296988543,-0.273376116325868,-0.217826314880333,-0.209176567746786,-0.22183310178538,-0.131823960419642,-0.185666491625969,-0.187441036278599,-0.0956959770219332,-0.0491828855098279,-0.0975889649200688,-0.145522758763332,0.319335049477066,0.164158781218548,0.175135289370048,0.147588985028558,0.203806034417494,0.0730574964963102,-0.215492508811048,-0.274120039953512,-0.0393094160763318,-0.00300476633801598,0.150258284658639,0.1884483834659,0.217459919870262,0.23724121843436,0.357845798060435,0.206446540237162,-0.0179170253711397,-0.0656756428282253,0.217237609384587,0.246393376864108,0.179079256944198,0.144590028804975,0.639589341874355,0.259896351430985,0.316414666553254,0.0830064801248917,0.393507271923342,0.0132365191631965,0.331685707724959,0.00684187647398352,-0.401894682182471,-0.117077386170814,-0.156793093788751,0.036855220471766,-0.0861770497305201,-0.11577219594076,-0.0833383447298212,-0.135517264275659,-0.451509757690111,-0.327601897995422,-0.069982329613963,-0.0368459915510551,-0.172979908919448,-0.197237283101377,-0.327181242439941,-0.141340575922449,-0.165450143305752,-0.247836696124416,-0.097139366078935,-0.275864289309602,-0.189057033683175,-0.370783095285962,-0.385681943232622,-0.0370937728677021,-0.0149417827742955,-0.219867237911271
"Frontal_Inf_Orb_R",-0.0215360920650291,-0.0988140846766696,-0.185316401061061,-0.0473756994858542,-0.202608973268887,0.250365557702609,-0.137976936913625,0.269213403538248,-0.162541494293206,0.469199273078312,0.317874514050869,0.388883395921906,0.222896113241666,0.681161673690191,0.466694211163636,1,0.265675200785156,0.0181337837280989,-0.151602387950452,-0.0481224735768242,-0.173726528006542,0.0860406241444545,0.1713184008277,0.163493830323289,-0.10387551001981,-0.0189630269864392,-0.144084730601497,-0.174538557386529,0.391000233807443,0.460390988165986,0.126901306655103,0.118294272607056,-0.0427740233535002,0.0106941850950931,-0.135661341298384,-0.065556388415062,0.0476610771228595,0.329792061351628,0.167569067789081,0.34086220618822,0.343654493235274,0.37107256644843,-0.256915789731134,-0.229792769202676,-0.238735792859692,-0.247573502376978,-0.208903112481097,-0.170831673821791,-0.288824349311855,-0.223709705797099,-0.252689107062281,-0.11997884441258,-0.12073216454012,-0.0835272004911104,-0.00165365800869291,-0.0348567827349667,-0.0639322885676969,-0.0733649206542726,-0.279553121410048,-0.0825722775770248,0.0569760745409594,0.239190380487277,0.139000277611433,0.308940236672807,-0.103955902680981,0.0860596131194346,-0.268675413353268,-0.18023669188504,-0.0863187592881958,-0.0306926729614886,-0.00894041762873603,0.228602326949346,0.259333806538639,0.338990356976284,0.266620716395475,0.22662582018339,-0.0531991388197742,0.0207741164472729,0.244112817610084,0.181321461469629,0.307059792861719,0.322678137875764,0.446953679298494,0.467628436489913,0.295393758141432,0.473671754650937,0.229498769614291,0.238400900048397,0.0405517082659608,0.118853055591286,-0.15565226805659,-0.179094725677013,0.00602618249031415,-0.13524585460735,-0.0523796466749199,-0.0671277557051982,-0.0733369221464893,-0.00473580438710533,-0.244107304439154,-0.277020160891957,0.027359389765377,-0.198558138302336,-0.200849201911467,-0.254054168866974,-0.397338238474539,-0.31583712162775,-0.126481749900458,-0.261196230423246,-0.0476572694096489,-0.0572651212880285,-0.117317948791539,-0.117274028729474,-0.174997566705866,-0.0758226413761424,-0.160081832488776,-0.307055551613449
"Rolandic_Oper_L",0.504787361208221,0.464677262162334,-0.257619570089898,-0.279101497629415,-0.390647757875271,-0.0858437283471533,-0.166793867900378,-0.0254127012722711,-0.191928826787891,0.114782554811602,0.446243674299111,0.276675143336245,0.134942862802182,0.116647194782848,0.211677296650046,0.265675200785156,1,0.730645054233656,0.280896901705636,0.252682421296344,-0.240713767773879,-0.0473387962024759,-0.283339773282675,-0.307460382855664,-0.399963621123284,-0.320573416907158,-0.406615247189624,-0.34209360363941,0.629663773672746,0.674643680801015,-0.102978898413944,-0.124871950567161,0.0318412172045194,0.137397289969327,-0.364241720115816,-0.323171529176208,0.00340914771095579,0.0377258973188765,0.0175183579288812,0.0552874870877044,0.34018403970472,0.361932114584474,-0.283212115572167,-0.312673611408061,-0.367770685915375,-0.362243918229135,-0.127285058042159,-0.167898764844825,-0.283631339512381,-0.363708005689625,-0.420619429873115,-0.489693077273125,-0.341296762357443,-0.209676346775933,-0.193465145896954,-0.254322753133132,0.639423632185068,0.430716672131618,-0.052459333767708,-0.0566303967501149,0.218433808540462,-0.0441346186106419,0.625470046597749,0.408475022504687,-0.240140591481651,-0.244190444165691,-0.341245871710016,-0.332381436347411,0.174450178261837,0.236183805137939,-0.08985240649395,-0.119130333696712,0.36257985587493,0.469536207063901,0.30756396730461,0.306769541601136,0.212034211500596,0.124744522196903,0.735590008865475,0.598080701277134,0.777552721283934,0.587759778571622,0.318276474181718,0.38371978274485,0.219688294447688,-0.00849438640134024,0.111676860737829,-0.0652175971143321,-0.146579479865408,-0.252622234151633,-0.300492960543993,-0.274052034708177,-0.230517770422892,-0.143207861570824,0.112510767333232,-0.118811901309675,0.00477592260896672,-0.0837457237358685,-0.122579620382669,-0.0941751158075354,-0.109725681109218,-0.0372764781316089,0.0300513138349873,0.025899359698082,-0.25106374643349,-0.240516154715044,-0.241138919191512,-0.128435602165019,-0.00473697164232012,-0.0970237385076721,-0.224179701702012,-0.112611125965661,-0.212862937455287,-0.0401155601897592,-0.102183950580462,-0.17363514795655
