"","Precentral_L","Precentral_R","Frontal_Sup_L","Frontal_Sup_R","Frontal_Sup_Orb_L","Frontal_Sup_Orb_R","Frontal_Mid_L","Frontal_Mid_R","Frontal_Mid_Orb_L","Frontal_Mid_Orb_R","Frontal_Inf_Oper_L","Frontal_Inf_Oper_R","Frontal_Inf_Tri_L","Frontal_Inf_Tri_R","Frontal_Inf_Orb_L","Frontal_Inf_Orb_R","Rolandic_Oper_L","Rolandic_Oper_R","Supp_Motor_Area_L","Supp_Motor_Area_R","Olfactory_L","Olfactory_R","Frontal_Sup_Medial_L","Frontal_Sup_Medial_R","Frontal_Med_Orb_L","Frontal_Med_Orb_R","Rectus_L","Rectus_R","Insula_L","Insula_R","Cingulum_Ant_L","Cingulum_Ant_R","Cingulum_Mid_L","Cingulum_Mid_R","Cingulum_Post_L","Cingulum_Post_R","Hippocampus_L","Hippocampus_R","ParaHippocampal_L","ParaHippocampal_R","Amygdala_L","Amygdala_R","Calcarine_L","Calcarine_R","Cuneus_L","Cuneus_R","Lingual_L","Lingual_R","Occipital_Sup_L","Occipital_Sup_R","Occipital_Mid_L","Occipital_Mid_R","Occipital_Inf_L","Occipital_Inf_R","Fusiform_L","Fusiform_R","Postcentral_L","Postcentral_R","Parietal_Sup_L","Parietal_Sup_R","Parietal_Inf_L","Parietal_Inf_R","SupraMarginal_L","SupraMarginal_R","Angular_L","Angular_R","Precuneus_L","Precuneus_R","Paracentral_Lobule_L","Paracentral_Lobule_R","Caudate_L","Caudate_R","Putamen_L","Putamen_R","Pallidum_L","Pallidum_R","Thalamus_L","Thalamus_R","Heschl_L","Heschl_R","Temporal_Sup_L","Temporal_Sup_R","Temporal_Pole_Sup_L","Temporal_Pole_Sup_R","Temporal_Mid_L","Temporal_Mid_R","Temporal_Pole_Mid_L","Temporal_Pole_Mid_R","Temporal_Inf_L","Temporal_Inf_R","Cerebelum_Crus1_L","Cerebelum_Crus1_R","Cerebelum_Crus2_L","Cerebelum_Crus2_R","Cerebelum_3_L","Cerebelum_3_R","Cerebelum_4_5_L","Cerebelum_4_5_R","Cerebelum_6_L","Cerebelum_6_R","Cerebelum_7b_L","Cerebelum_7b_R","Cerebelum_8_L","Cerebelum_8_R","Cerebelum_9_L","Cerebelum_9_R","Cerebelum_10_L","Cerebelum_10_R","Vermis_1_2","Vermis_3","Vermis_4_5","Vermis_6","Vermis_7","Vermis_8","Vermis_9","Vermis_10"
"Precentral_L",1,0.478424867617885,0.126402544166794,-0.068995363175942,0.0353002256210653,-0.16717343102639,0.131770130197331,0.031863980981075,0.0995700331723659,-0.0264929627114785,0.47108136905644,0.294941573728618,0.233849832899266,0.114765930220475,0.186347111229609,0.0825640924706135,0.355868001994155,0.223862282255096,0.460125948863294,0.402969441939194,-0.151392522787817,-0.0905863973114078,-0.0828287519260383,-0.179428717277214,-0.255688425407904,-0.357339358628846,-0.0173963673863737,-0.174009826967884,0.223998043326405,0.154101169802681,-0.0511701129479007,-0.079117030352745,0.24502155652092,0.177611738056977,-0.176004495182981,-0.287618085691373,-0.180822726925995,-0.291464036377518,-0.0744641691663197,-0.175377894234272,-0.0545878328587619,-0.125626984045453,-0.223665035579831,-0.301933443178558,-0.235542162186734,-0.221185513610458,-0.123049972776908,-0.160340434398668,-0.0419806819541333,-0.121258533733988,-0.0932384572722034,-0.183736095649152,-0.0660854863587938,-0.0435556070760941,-0.0859562334992861,-0.117016527968857,0.590274864955004,0.478521126676415,0.357267621719522,0.208309275355801,0.510835702515389,0.162780324062897,0.38795946468284,0.194340207340948,-0.0227034684270362,-0.149600634719324,-0.0251249601235193,-0.0677542732792673,0.221639039851677,0.22909449446668,-0.135238103578807,-0.0587717058049932,0.131110427379497,0.140171842417001,-0.0167275382333509,0.0634288330675583,-0.0685882457398949,-0.0584255843442063,0.147304810268012,0.0961340309676754,0.17652813238219,0.096281850986818,0.0101420624667933,-0.0171992858051242,0.101373611341806,-0.0857581358742212,0.0682927949250656,-0.0142289787795946,0.0476762984983957,0.0633057129187218,-0.190102831717377,-0.141355194806927,-0.24759515177717,-0.186685883312661,-0.137553099004393,-0.187702714032686,-0.102567765104727,-0.186154804852733,-0.18283741375465,-0.163304173356739,-0.199049015466509,-0.111276016532038,-0.22549109254959,-0.000654041126208504,-0.278242182136936,-0.182699245969413,-0.0742612357458161,0.0722211845610127,-0.0482632320040222,-0.0612009008559048,-0.338710148368523,-0.210812657557883,-0.0558266070849478,-0.147233151643964,-0.148698859040587,-0.0440518683722584
"Precentral_R",0.478424867617885,1,-0.0125351091187895,-0.0549485914646654,0.135489213059063,-0.175709487095911,-0.173672670281326,-0.0534590984484725,-0.0498071950347427,-0.0624382966551339,0.117742039681083,0.337319735216556,-0.084347829082162,0.177050862409325,0.0323486166748209,0.0851928574370331,0.585036814542883,0.607072173215994,0.293664231691277,0.444159209747732,-0.0705736083164585,-0.252428681703799,-0.101187322984364,-0.0500598282196337,0.0102822611497771,-0.125941374070699,0.212555449067313,-0.0795433981465603,0.227245632551322,0.349039153559818,-0.0984454811495801,-0.113516852275484,0.209083919665087,0.162897140096127,-0.181284339043704,-0.224824931916861,-0.281217494678277,-0.346068466441493,0.0157176131777,0.0237319321221586,0.165080085853216,0.196159586802481,-0.0143197606604476,-0.113455149281139,-0.106068563281322,-0.0293339028247218,0.0838129422029062,0.0425696381904404,0.0404879601249084,0.000844937476625961,-0.0604078808493037,0.0188012857046934,0.0308538089244478,0.0480109995764728,0.0265067455258392,0.100036102518501,0.719381877246191,0.635217071215631,0.0315679666562579,0.18219530497901,0.0958342033673189,0.197848664694192,0.337826414652495,0.224613973102885,-0.0768096084824551,0.0186337642004817,-0.105716072210236,-0.105958545846589,0.477868063246292,0.447448361659875,-0.399289664139856,-0.292648621671271,0.0371987132894246,0.289987604665658,-0.175208891093829,0.175884620868047,-0.403010373123359,-0.227727274590619,0.495666792906268,0.476082072882347,0.493269061047674,0.376337515824831,0.186338162446183,0.305726737689913,0.114838431782037,0.0531161757968905,0.0080411554793972,0.0864166737923882,-0.0702709403564172,0.0363607766078757,-0.236702612079454,-0.328676437821907,-0.335465292922313,-0.323051247133381,-0.0337777116130131,-0.0518856809905951,0.0698753451547394,0.0438013070444123,-0.0333344810356181,-0.186589351133915,-0.207093439024402,-0.237836801686408,-0.0166429292694696,-0.128627467034607,-0.290524891433316,-0.222375997441626,-0.0969582830699412,-0.0809542158044633,0.0119984529474314,-0.108573790802416,-0.219867712449414,-0.210438891392623,-0.27156983273387,-0.176490074092807,-0.22751387932351,-0.245995729204888
"Frontal_Sup_L",0.126402544166794,-0.0125351091187895,1,0.44420039256773,0.497033844634699,0.167113436752508,0.655436561348853,0.145686060397854,0.363406080312288,0.169731764772471,0.0409610481811638,-0.110902468016395,0.188371909882289,0.00379049535748732,0.432132069403059,0.208470238653963,-0.0826439987002303,-0.0409018421803547,0.194315405246793,0.08059118873778,0.0413609771356153,-0.0854936327136846,0.725771267642255,0.624947288648635,0.36165959423548,0.301175915677299,0.233205494250253,0.0298152732745066,0.078240705815587,-0.108944511541589,0.301038648873386,0.346086888508293,0.158781891342572,0.0321373322425937,0.312154141370561,0.0878435843539321,-0.208061387316229,-0.232246643825913,-0.226658045314222,-0.255123785910024,-0.0725646404163151,-0.0249362320854041,-0.174029848935815,-0.218057204655793,-0.1184018484501,-0.250717669816991,-0.298994888316912,-0.342955075662349,-0.269399849547526,-0.338667367195694,-0.231348617819019,-0.288731223471681,-0.464182208784957,-0.352241900145367,-0.38016214121135,-0.410722211998856,-0.0853588332453506,-0.138096052717646,-0.191070613211247,-0.255396160422873,0.0455120876045516,-0.0399031397516356,-0.0452036471130641,-0.0452913430648091,0.553570532244707,0.231006643430084,-0.0450329139931072,-0.209178554663985,-0.213936447913831,-0.272174137009398,0.228179330266098,0.0929637371445549,0.301314471509254,0.0972439319834308,0.262388914574733,0.174222113423406,0.00250439079283219,-0.159087520933048,0.0501766332156903,-0.0252130335059731,-0.0640601355597046,0.0649393360036595,0.223292637289879,-0.0422908664987372,0.372385889195359,0.177985810104905,0.241815029723755,0.200181500163285,-0.115259287749732,-0.111713297880403,-0.470596907964002,-0.126259084900531,0.0116389001671126,0.211421378379844,-0.360866742860451,-0.373813778293057,-0.326550408156314,-0.41693727606969,-0.467160116243417,-0.409878004914025,-0.112737788430322,0.191699195157545,-0.207712497009344,-0.0532976861522806,-0.167660939950594,-0.0726425921257646,-0.262045690444767,-0.204065329141659,-0.0179289471897196,-0.238409348203067,-0.362579084006486,-0.436899213951972,-0.262450870637564,-0.122958095582074,-0.0629756352928763,-0.10121772333123
"Frontal_Sup_R",-0.068995363175942,-0.0549485914646654,0.44420039256773,1,0.13832079831623,0.425520062724093,0.371382588468681,0.60757791086481,0.209209370755996,0.39546266615022,-0.159184406977459,0.147628409381652,-0.0149544304790598,0.27937588982954,0.0238400971078002,0.266043681663335,-0.218795759755032,-0.069344673963656,-0.0533578716968182,0.0856451721830083,-0.101765230515129,0.0818082316969626,0.389804236472592,0.604649277974253,0.232894436705802,0.370005390766295,0.0383668047074133,0.0750219528843464,-0.105247133923468,-0.0585583937516724,0.183686719995679,0.285619131310538,0.0118328831457963,0.135173537947565,0.132535154241144,0.124630178214201,-0.36258079724918,-0.197628180293382,-0.351576484727965,-0.188234114442465,-0.2032787153011,-0.00781529984546283,-0.0545387134037804,-0.0414840628336556,-0.053553408146186,-0.0371999514046751,-0.0967555642232847,-0.125368112479456,-0.125768567949394,-0.110650855221642,-0.182940442821075,-0.124704825913106,-0.225586498390151,-0.246655902695919,-0.303180320692656,-0.286258434606922,-0.116882046054206,-0.0605959070276742,-0.210809285883888,0.0712707426502805,-0.0702888359593043,0.353280616484917,-0.0953416621822491,0.111207461144245,0.142415491520006,0.440989761862689,-0.111759562717442,0.00489281521695925,-0.193559134210362,-0.201648815415439,0.0509277477286743,0.19380483549354,0.015831725621748,0.0407624906933803,0.00383103156704357,0.0232866866357271,-0.210979088850728,-0.145566204223716,0.00368012142472038,-0.0138684134679493,-0.0593790349376536,0.0626901157467527,-0.0766956513095157,-0.128008737752209,-0.0582565446521752,0.133772352467456,-0.150144052169743,-0.0306110958376285,-0.304122279726066,-0.0256309320269392,-0.0815895880175654,-0.0224243400532256,0.322726008736216,0.0621084436427228,-0.147094809816401,-0.417733457408992,-0.275031451031395,-0.317672951686053,-0.198179957439186,-0.212532631267582,0.23198413117957,0.142488022671407,0.0539139179434545,0.0402509213939972,-0.171308580030055,-0.180574958512151,-0.161285965497366,-0.226068783625492,-0.121136816001849,-0.256638807353217,-0.347924402822617,-0.365554834605358,-0.218878303902956,-0.105971861782286,-0.121295502141989,-0.3158265389321
"Frontal_Sup_Orb_L",0.0353002256210653,0.135489213059063,0.497033844634699,0.13832079831623,1,0.136345116131951,0.170102786535232,-0.0939023664917398,0.430595202761547,0.109635417068934,-0.163041383189602,-0.0570986476564233,-0.115815315019762,0.0278982942454797,0.365283935901497,0.263631361469767,0.0697778325477379,0.1519291736706,0.0769851182877711,0.072144807881445,0.264413884780552,0.0590245755248096,0.553702200442173,0.405129239736863,0.670099892315359,0.403775122305351,0.739258345346781,0.428879972309938,-0.0137338714157498,-0.024219660711878,0.257322995496057,0.252111056702095,0.0893823004212916,-0.0969238415404157,0.299577364883666,0.106018267569426,-0.00151374447516031,-0.229658531964282,0.085890581959425,0.0195157839705849,0.178480843634655,0.178438288982636,0.0323374599057835,-0.0738320198846961,-0.0519835442714916,-0.26429243506935,-0.0975146279956681,-0.181338712792031,-0.218957169829784,-0.277957813546302,-0.149436840296161,-0.149615951198818,-0.305657823559777,-0.285185305397506,-0.0852790789649631,-0.180099904807736,0.019910652520525,-0.0416869616406813,-0.282944859926582,-0.203900352597741,-0.13866350854908,-0.0745191256935386,-0.110534311983748,-0.133850558125452,0.344081566246097,0.234818786168508,0.00388878050711411,-0.115095773168099,0.0549882992184196,0.016584463229352,0.0385522054588705,-0.0592955340623551,0.227655333132646,0.189157737560262,0.144898191054069,0.232402129376033,0.0320471341203887,-0.0312823836816496,0.206791016092557,0.210883673815199,0.113031456794685,0.159996181789684,0.307248467675511,0.0812558774840968,0.214620998385637,0.238427158273672,0.189540298587313,0.270581922299665,-0.180526567615947,-0.191628412792849,-0.383859736085763,-0.268378691179041,-0.135073127386563,0.0304100970781244,-0.290250066892187,-0.290924884764827,-0.0391261197512968,-0.210030822074585,-0.332969508106606,-0.321852965910842,-0.170102908461196,0.0430802064615235,-0.154973748768151,-0.089627510304295,-0.173651781684479,-0.0919153223212267,-0.202820431244395,-0.194249472684232,-0.124447597934932,-0.0918820232556486,-0.0318892784767698,-0.34020570259001,-0.224157085386171,-0.0622227807003863,0.0563216235642054,-0.184211913095292
"Frontal_Sup_Orb_R",-0.16717343102639,-0.175709487095911,0.167113436752508,0.425520062724093,0.136345116131951,1,0.163899970010447,0.518307871675265,0.386957835353188,0.745364877432032,-0.00797211748601382,0.154106349752963,0.154156906101771,0.350993822051124,0.111235192602333,0.309373791110411,-0.277816011763375,-0.195382174644337,-0.142743254299032,-0.218120455707396,-0.0718766084239296,0.153361895808674,0.290249482562309,0.455437139411412,0.130457409711633,0.43641524213473,0.0285720293560025,0.510605946376222,-0.145181082586472,-0.0284982412283491,0.121088565158471,0.308700147355856,-0.175868209278941,-0.0689697848622652,-0.0596150554618201,-0.0403019767367581,-0.26130313232202,-0.111904418611943,0.0161482146943286,-0.0515790466342022,-0.135198494220178,0.0483449729025253,0.118061640490416,0.136304271300855,0.144924446137477,0.176897799298267,0.0954518464902408,0.0823255971292923,0.0133198267786001,0.0175697927281462,-0.0833527372856426,-0.0548353818222103,0.0554459570243028,-0.00846653392657039,-0.0164525704813153,-0.00244438089826306,-0.27787044596605,-0.233300869384503,-0.348049516598807,-0.104604318564426,-0.17137335505416,0.295376469780261,-0.267946819539666,-0.0565685374583081,0.036334712295665,0.317381121007661,-0.336400441399093,-0.182641879073396,-0.24868953027719,-0.329995132217312,-0.0217072997609532,0.0220811947120393,-0.0431182986752065,-0.00252973387335676,-0.151124130722733,0.0978994325891746,-0.263287719010624,-0.195166230994824,-0.133981813174352,-0.102994752148117,-0.14163772499207,-0.0262675904288705,-0.00964397201256733,-0.0770287047023752,0.0422186327195534,0.108063127797116,0.0562784720262944,0.145768045573934,-0.189079505351748,0.0469077298502255,-0.125395778350899,-0.0912889097650342,0.151869865069894,-0.00384199181702912,-0.150958389290667,-0.236253550046808,-0.0808068112326198,-0.0973692023635482,-0.0941496064176063,-0.0958866481670981,-0.000180743445984655,-0.0366734099086352,-0.0883733815825721,-0.132665160448111,-0.132228885210352,-0.206398565088643,-0.0410842986075368,-0.196169399431452,-0.0478734782109858,-0.228505733570141,-0.177371703697726,-0.219044018022187,-0.0769590910570232,0.0646777640512422,0.0897813309132476,-0.23289211940781
"Frontal_Mid_L",0.131770130197331,-0.173672670281326,0.655436561348853,0.371382588468681,0.170102786535232,0.163899970010447,1,0.42019635706045,0.452965101015566,0.149732178422915,0.215195637238725,-0.0706125920346126,0.401485628010253,0.114258875605119,0.231537265288315,0.159617596638709,-0.128498354010531,-0.114774851004262,0.174723753367385,0.0302586306551861,-0.268780765195057,-0.0743313875870477,0.348222179170949,0.331366884874081,-0.0957499331513775,0.022528017256343,-0.148126015282986,-0.0717545712723591,0.111242250156492,-0.0722621341622046,0.0920174661694851,0.207510763335786,0.214354305820358,0.174539456455131,0.129933447823243,-0.0474540855435339,-0.204723519089597,-0.184922164375239,-0.3130045631782,-0.338211533454627,-0.3005962056498,-0.0779137853097774,-0.19033473918378,-0.204984966199629,-0.0664914819132516,-0.199527684056368,-0.277894676563871,-0.308991364775508,-0.164871479636051,-0.298270478350125,-0.11099771093537,-0.335064663981418,-0.359736255030308,-0.298735819692199,-0.361338361838635,-0.439916229587835,-0.229384584958166,-0.236387076540192,-0.0552864369067601,-0.245977651620095,0.282851115813224,0.0178671928851165,0.066119308012314,0.0975280264926422,0.360456522254537,0.0892282514235031,0.00994383566868209,-0.142740796398355,-0.183119307474194,-0.234338094667167,0.248560625327276,0.224105384914838,0.153073469701416,0.0472066795173587,0.128669146079319,0.026560053392339,-0.0827562649680784,-0.118106957022848,-0.0494678296552452,-0.122617542082156,-0.109351944452069,-0.0239818622860108,-0.0319134642613864,-0.150943675183179,0.108029153361298,0.0265111912788175,-0.0514943681824051,-0.120635129391167,-0.0339393650075591,-0.145555295157866,-0.290639729243621,0.0944431870204538,0.0867991780541983,0.305986234492324,-0.277792632116735,-0.373344459555824,-0.418349243631877,-0.452754413576731,-0.348241941159045,-0.272204008331549,-0.0418684537129413,0.302934232328498,-0.221083454215454,0.0701537966981843,-0.261770769646245,-0.126048726891289,-0.257510121717819,-0.0498429982358318,-0.020550633625522,-0.306578293309022,-0.460657909653551,-0.314931931574395,-0.110475128209187,-0.0493875069518385,0.0063290989647079,-0.0173337943713442
"Frontal_Mid_R",0.031863980981075,-0.0534590984484725,0.145686060397854,0.60757791086481,-0.0939023664917398,0.518307871675265,0.42019635706045,1,0.267184142341705,0.609218621512838,0.193381195929249,0.4307695522396,0.306226574119335,0.548172146092963,0.125961874041345,0.3687180637638,-0.10192397169894,-0.0105736907231828,0.156162354207372,0.143389767159438,-0.316716829853505,0.0236410705273329,0.146319463901769,0.334194782550785,-0.120627731387042,0.125859367494367,-0.209099968642313,0.122780221812412,0.116091888443695,0.217055535090282,0.186767610357735,0.308698403375048,0.136469370234587,0.298292014114421,-0.145099876277587,-0.15363309310275,-0.426032752062499,-0.232711275862784,-0.202842521499972,-0.170184858760657,-0.271634933877823,-0.00626994875467034,-0.034798547372895,-0.052987798127823,0.0073016204486841,0.000873907974824831,-0.0624849403238138,-0.142195127636724,-0.0908177706828952,-0.0960498915331901,-0.229227449211502,-0.179728631380641,-0.172630713270827,-0.128827417956619,-0.168907757538928,-0.167200878418332,-0.149890986108237,-0.0949542311091923,-0.24441119579187,-0.0102935356514432,0.158999247623747,0.585120799166201,0.0169577488545563,0.360526049678672,-0.0245868407617914,0.295800841245776,-0.356489825997906,-0.221329663666779,-0.0685108870251609,-0.188499267065996,-0.0771530530897378,0.18675620466199,-0.0234456877653278,0.141979189818289,-0.162065554356311,0.1165473567596,-0.258647585013957,-0.0226152310788593,-0.000768107091312111,-0.00859593004026742,-0.0151591947471537,-0.00307253323525903,0.00249460295979274,-0.086013505993933,-0.12640612722708,-0.00373945416781126,-0.0986361451874876,-0.174909360813964,-0.276302550498743,-0.00662319097383906,-0.0487640053156941,-0.0715383014338902,0.174295634828099,-0.0887617814584688,-0.090287265405062,-0.251163643993094,-0.173266141601865,-0.1293658635377,0.0239656539369877,-0.0698989682639671,0.192534775481085,0.0454234357574613,0.0696782545638737,0.0389433264019844,-0.215099832240399,-0.209799096200471,0.00973452803118966,-0.115326317149004,0.0122163063877157,-0.246188738895774,-0.386886303431047,-0.198849532540111,-0.00262370476802256,0.0646951246012199,-0.0322852808268765,-0.235676041114185
"Frontal_Mid_Orb_L",0.0995700331723659,-0.0498071950347427,0.363406080312288,0.209209370755996,0.430595202761547,0.386957835353188,0.452965101015566,0.267184142341705,1,0.4259972658062,0.0301157992541638,0.00854709071441373,0.187686850178044,0.133549589098523,0.288286799906512,0.150148463574796,-0.0344302166734042,0.0780174025551709,0.0648268259866991,-0.0283396235412528,-0.145568660035643,0.0730940764454422,0.18807670719963,0.183959293265032,0.0461335206440795,0.122879560139014,0.072455855813951,0.270929360725901,0.0732550555841317,0.0352514733359664,0.0328220048446155,0.160097092720512,0.106707881118918,0.0300022804615454,0.0458560491266773,-0.112574363695152,-0.212662605037223,-0.182285211802343,-0.0877385423469938,-0.166816301375326,-0.0899655741031421,0.0505780523828827,-0.0372981796473734,-0.00717068196727896,0.0273108861676553,-0.116664239782072,-0.12779205302917,-0.145355179600948,-0.0257084971693484,-0.135553989494753,-0.0621198239398033,-0.179397353844273,-0.240192530410356,-0.235284051397987,-0.156232321343923,-0.223799324571803,-0.0740960564806575,-0.129808409100456,-0.109219194182826,-0.138841269512583,0.0983972549343959,0.114404874810128,-0.0733657628900236,-0.0101021843711184,0.287371338627081,0.100621936718019,-0.100128606048677,-0.118869917889627,-0.0730001603670325,-0.0772679798954334,0.0518637635288296,0.128627270343566,0.136526868570468,0.144280072550929,0.000752490881086119,0.160892881745274,-0.0779704204745411,-0.0182308074648745,0.106622655208889,0.107955894717623,0.0104958527803249,0.0379678143899551,-0.0692806822790216,-0.145233582511123,-0.0173774973149108,-0.0626273926651398,-0.0740959373710936,-0.096899745334634,-0.195462609247886,-0.163762238552581,-0.291893493452861,-0.187778195035734,0.0181737007194707,0.140096100111009,-0.211261999433168,-0.273419109888696,-0.193659060837242,-0.224147188676844,-0.23718221638388,-0.250674892461375,-0.0261826902094942,0.128042905956208,-0.178777560427954,-0.00798657486208791,-0.139658152547884,-0.212542038810629,0.0272005096893662,-0.0823039288583108,-0.0399380918883067,-0.261556542978517,-0.23678011865431,-0.275750358284647,0.0125858457145597,0.0278033226532035,0.141335153793481,0.0683334083135602
"Frontal_Mid_Orb_R",-0.0264929627114785,-0.0624382966551339,0.169731764772471,0.39546266615022,0.109635417068934,0.745364877432032,0.149732178422915,0.609218621512838,0.4259972658062,1,0.053417318121461,0.177781686508553,0.219853434189006,0.403847546283394,0.308790440846713,0.422747671260413,-0.171424564965456,-0.0641141563994574,-0.0442655555464548,-0.0407827881152001,-0.202167580617188,0.0202916216098703,0.222171750098311,0.334034922152894,0.084612428151206,0.282425238633301,-0.0144235263443691,0.344392505361357,-0.057842948528244,0.145628024953392,0.105972513722274,0.2590238866705,-0.118959853051537,0.00461220507988947,-0.184593506159296,-0.187517257723832,-0.348652935527693,-0.147555113935601,0.0121205405231181,-0.0121230972200164,-0.226194231730976,0.0745513273139291,0.0810351988077562,0.0891357374977057,0.0846540951081712,0.0408619325892667,0.0774314538406548,0.0326719372434938,-0.0668837887103563,-0.0625983690691258,-0.183768612889972,-0.102939243048287,-0.0836000213225911,-0.112005304124643,0.0596061925255784,0.0327851311796648,-0.173328808435768,-0.171322041287846,-0.321762652060571,-0.111810409718724,-0.0353404919974044,0.369723656329945,-0.236292592887662,0.0184793067482609,0.00909815867441489,0.255766644838493,-0.43802381138787,-0.31659738078649,-0.0181067865633705,-0.166107039095918,-0.181535194845884,-0.0171641431800894,-0.0630748682787179,0.119109116172824,-0.233136457057097,0.199393847557977,-0.290071965159442,-0.0821937809017905,0.00737367288759512,0.0607714562241797,0.0198867213152626,0.109523993925314,0.0633155291972846,0.0296305346219197,0.0545602326737222,0.114502372151263,0.110409173962795,0.0869014754849849,-0.224688545910421,0.069164094230147,-0.178383764100625,-0.126547967993303,0.138217687286574,-0.00994364014952892,-0.100473856694621,-0.0948216262238639,0.0102300745454107,-0.0197666536926806,-0.0365733272794459,-0.0956591329488377,0.154771088377761,0.0383602054698032,0.0403307857360366,-0.0463199259713905,-0.124896424671846,-0.13149728579936,0.0688489294779405,-0.148799045429209,-0.0420186908712822,-0.262975081842369,-0.265610289215651,-0.142468514232423,0.0163564663811858,0.223526314144347,0.077574233935714,-0.210317463002549
"Frontal_Inf_Oper_L",0.47108136905644,0.117742039681083,0.0409610481811638,-0.159184406977459,-0.163041383189602,-0.00797211748601382,0.215195637238725,0.193381195929249,0.0301157992541638,0.053417318121461,1,0.297843481365159,0.701655189365107,0.277850853315272,0.268703612263013,0.0578750836041225,0.255622782753748,0.0372456096330553,0.217160715587309,0.0579425872698319,-0.204467781296921,-0.123310853779246,-0.0272972975612688,-0.0731450295668763,-0.33194473968593,-0.300376842905953,-0.23248120076095,-0.00696499896231695,0.209103109282209,0.175522569794788,0.122226315697763,0.0486210609978351,0.0825205547070879,0.123625745777742,-0.261914610810875,-0.28267998213725,0.0850395865816504,-0.0748916102793635,0.0743104441224595,0.0153972045371989,-0.110316252642697,-0.0693597340008513,-0.218729605611509,-0.225633033032387,-0.255500713022011,-0.152240881137861,-0.12747785572574,-0.188504874592282,-0.111583116211359,-0.11233935415202,-0.0522405992906439,-0.116104000955824,-0.0498815537674593,0.0124395523123891,0.0172388326476016,-0.0390977387242447,0.0754017628484381,0.0787355891449349,0.0484592550903102,-0.0850271520647442,0.445726842199715,0.0721888476681009,0.242735093932225,0.078849238916496,0.00517919481809772,-0.234393309757716,-0.265288804839381,-0.290498244235976,-0.0131963900236314,-0.100936243113147,0.0366932447170213,0.0179242573638664,0.0901212737651877,0.0169107127239382,0.0368003910998114,0.000396945928034562,-0.0436129029336765,-0.115166770407573,0.0796303410505979,0.0569102159300566,0.110217333628274,0.0589574909055712,0.137851137788245,0.0945490371643532,0.156578938268881,-0.107583371545005,0.138025562682557,-0.0249157808063965,0.149119743919999,-0.0103403049777281,-0.190587179166482,-0.149499589306439,-0.108441830693658,-0.0270526291317722,0.0971113990113991,-0.00283799721125904,-0.0239870339338044,-0.0700078385848449,-0.10138434373606,-0.20152625339398,-0.0989270558499937,0.0444456329629055,-0.127394446576529,0.0485690403891077,-0.118340132631572,-0.139842656646962,-0.00126997230558448,-0.0550774235096711,0.177461106495248,0.0270569632433135,-0.277242174755706,-0.0654555012679106,0.177847636974631,-0.0257052892878546,-0.0634272539238106,0.0113051637846411
"Frontal_Inf_Oper_R",0.294941573728618,0.337319735216556,-0.110902468016395,0.147628409381652,-0.0570986476564233,0.154106349752963,-0.0706125920346126,0.4307695522396,0.00854709071441373,0.177781686508553,0.297843481365159,1,0.253658378065263,0.654877820243765,0.0921409654455797,0.364839567030696,0.229027476065428,0.313815867931337,0.262423370710105,0.245637666581019,-0.0820876131904782,-0.0444374737295411,-0.0685263923908907,0.102629341675177,-0.186581369980836,-0.114798588225458,-0.00512236129437128,0.0423077711900005,0.242661409571848,0.410979858860771,0.05331724809426,0.0655896384352253,0.0246957707951132,0.136053871231192,-0.333782830963712,-0.295197568136969,-0.243912755842983,-0.202332061160407,0.05910766321779,0.0670672058898212,0.0665387000646642,0.216171706067074,0.0374864475809544,-0.040752780252544,-0.155287953134336,-0.0294167711169387,0.0732808179613026,-0.0394262894627295,-0.0205476216038926,0.0544584884230418,-0.102991364741882,0.022621941639004,0.048789549768511,0.0886180480726977,0.115785068887243,0.0777996559553952,0.210119972905107,0.388597864998865,0.0289639967600302,0.208213544727758,0.245358557617008,0.432240956025192,0.26673783382483,0.523154045612502,-0.276529537938396,0.0318279834429962,-0.338211106766054,-0.159169869935011,0.026900821530897,-0.0902684279874069,-0.251955628771308,0.00479191565243945,0.100235260497973,0.251608981008892,-0.130969314957248,0.137207790233682,-0.25296728141818,-0.0516653100485333,0.136312686469611,0.231662569992433,0.248721909733284,0.121986150365319,0.128542492496559,0.145798086495669,-0.181369258614987,-0.0770200330557629,-0.00605335879902557,-0.0200340967085235,-0.150209923085438,0.122932571121849,0.00336631922321672,-0.22086967922927,0.0108317744418358,-0.282193284286899,-0.00434988509153908,-0.135535036464967,-0.0233715070639868,-0.043516133644473,0.169878337655543,-0.0497911192547111,0.166492744979827,-0.146187088260408,0.198095276056961,0.0649403718779138,-0.158758020483338,-0.0493137489351055,-0.00168611565574995,0.139446442991094,0.102971347744436,-0.154242085412501,-0.230099675583448,-0.13541125692713,0.103619813726957,0.0833367413409525,-0.0518138554089699,-0.139845928315774
"Frontal_Inf_Tri_L",0.233849832899266,-0.084347829082162,0.188371909882289,-0.0149544304790598,-0.115815315019762,0.154156906101771,0.401485628010253,0.306226574119335,0.187686850178044,0.219853434189006,0.701655189365107,0.253658378065263,1,0.425891963102725,0.549987422879568,0.28323409037227,-0.0773121497480143,-0.155729940052169,0.106320000752856,-0.0714921020231539,-0.290699178292404,-0.184760424543475,0.117325460506453,0.146138730355651,-0.288903720967147,-0.208455441719219,-0.171669883002295,-0.0128036033458527,0.0952400977138452,0.0850585682489007,0.0859710003508389,0.0727618905113807,-0.0357793947479111,0.0703985327621601,-0.182687896482571,-0.204031909576284,0.0260252441107524,-0.0302261257707439,-0.0104629940950942,-0.0271940310005708,-0.239568617460947,-0.0682830890904276,-0.0511355480318848,-0.0471867046782911,-0.0546771544501516,-0.0463634885444622,-0.153375887466286,-0.197450065657799,-0.121947377108324,-0.14447689073773,-0.0911056644351666,-0.148860140546168,-0.133115633024119,-0.110555940757963,-0.0381392106338093,-0.0565465448950066,-0.217750108570322,-0.154242333718922,-0.0580352449480851,-0.175463256124266,0.313269167632697,0.0554463661576791,-0.00014706335221557,0.054728195121704,0.129574787974146,-0.122908730949669,-0.310415929656194,-0.276027624034406,-0.115997856191188,-0.238808732647373,0.0784309927709563,0.0327713981658206,0.0763965046537246,0.0043766047710959,0.0551597843214193,0.095616333215368,-0.0579592584408061,-0.136709007261407,-0.0621852451959075,-0.134702579975861,-0.10479372826436,-0.0753834154320553,0.141768227589406,0.00202787809244028,0.205540942626992,-0.0304847206343823,0.177665214337599,0.004598457308724,0.246650418714862,-0.0294831823950455,-0.176538042450539,-0.053879329604172,0.000325825703074859,0.137390505394926,0.0344892620645718,-0.0918901091549139,-0.113191833517109,-0.0857311421301433,-0.16478071086113,-0.216520711879754,-0.0733592475264589,0.155258933837582,-0.0375843461980533,0.0565233632156603,-0.147960546738244,-0.0355671478287255,-0.0864517563980642,-0.0171293656101358,0.0535951830119712,-0.186650563385033,-0.339606566549614,-0.122313217093325,0.164194988956014,0.0996993176158505,0.0740853273454511,-0.0423750606947118
"Frontal_Inf_Tri_R",0.114765930220475,0.177050862409325,0.00379049535748732,0.27937588982954,0.0278982942454797,0.350993822051124,0.114258875605119,0.548172146092963,0.133549589098523,0.403847546283394,0.277850853315272,0.654877820243765,0.425891963102725,1,0.260080401821515,0.586209079867008,-0.00599373009892896,0.0778373823396648,0.127419490186256,0.109392854454975,-0.201561989174918,-0.119119413912641,0.196493852833727,0.339205625560194,-0.0454966176281517,0.140243612935189,0.00936457364637302,0.161358133739642,0.119716166821397,0.229421434508628,0.0652660167980665,0.112607677558476,-0.0147129764018143,0.19413800620921,-0.180750016351015,-0.142539720814733,-0.217686125194937,-0.102817766224006,-0.00965347282225026,0.0667404042274183,-0.00321008296210198,0.162564093026565,0.10193263385732,-0.000708172572050904,-0.000390250089084347,0.00916917148916301,0.0154183179345765,-0.0652613172901439,-0.105734106397295,-0.0778953644704127,-0.158690982683277,-0.0619495514438314,-0.103520700281656,-0.061215770845343,0.0663116276999271,0.0751711267632441,-0.0896963076746204,0.0540869411800536,-0.200688740365788,0.0342424138884349,0.0557140203402747,0.429456560215622,-0.0516534206320287,0.251689008084499,-0.137874335090132,0.284618714100123,-0.279843885324543,-0.11452254224786,0.021560990578235,-0.0696750736825996,-0.224549084339351,0.0166765155151275,0.0560329443964948,0.177026930398474,-0.105612403956273,0.224006938253507,-0.236012402180434,-0.00205132126654296,0.0648785273060417,0.0864224265281251,0.100350185058729,0.10636050025959,0.10576618440651,0.15228916833163,0.0063285361301004,0.19280804253842,0.0959058864552315,0.144483717653014,-0.108485310994037,0.0926057618865942,-0.0617411642199623,-0.225104483545294,0.0540492906110109,-0.231505279029628,0.00114024021684646,-0.138619102204064,-0.0140293553776424,0.0143655570719327,-0.00816493407780499,-0.244058549668064,0.0682892530185794,-0.162952299591885,0.0576084589650197,-0.0983972722265332,-0.222915663890188,-0.203998586086912,-0.146997629453292,-0.0702713699296294,-0.0112159051058408,-0.217646496538842,-0.275504469527642,-0.264258342802837,0.0459527420611612,0.0766957189237882,0.0250556089555138,-0.309821902938906
"Frontal_Inf_Orb_L",0.186347111229609,0.0323486166748209,0.432132069403059,0.0238400971078002,0.365283935901497,0.111235192602333,0.231537265288315,0.125961874041345,0.288286799906512,0.308790440846713,0.268703612263013,0.0921409654455797,0.549987422879568,0.260080401821515,1,0.574962065188627,0.0301364459003395,0.0400090528607465,0.161462290596798,0.151075770372711,-0.0384422619342818,0.0563333391715447,0.464038104068022,0.342232067848424,0.271456594162647,0.184915247849303,0.244492945086652,0.201221204817335,0.232429770248956,0.21140741356702,0.328598481232396,0.292428610933583,0.0343643336665332,-0.0380820002447178,-0.00861950618386256,-0.194498899800823,-0.0816596524683521,-0.10627295561344,0.10565049418649,0.03353558601797,0.0352358070423163,0.159106229924321,-0.00284260665586247,-0.0956482604857473,-0.0857219911247105,-0.230015341923648,-0.117087541455366,-0.224084643788164,-0.314000942179893,-0.331692281561822,-0.347038950452731,-0.301567042609166,-0.271119363860352,-0.333131501859163,-0.0675366887557641,-0.13403099299612,-0.0742834792454339,-0.0966955606282996,-0.257163616295065,-0.259990301709003,0.0678942365025982,0.0227686442386186,-0.15522521561355,-0.00304484685199026,0.329036470605745,-0.00998264088235038,-0.378496084416581,-0.456442369640588,0.0289771823691094,-0.0856934477154789,0.00527924916636453,-0.0664500964411417,0.272034315922947,0.298961376467053,0.154920429362599,0.326980788248251,-0.0150688514693959,-0.1452939669634,0.16127388054285,0.0932047348879492,0.0604875814136067,0.123612982953288,0.557279929400865,0.21292951057093,0.360283167666756,0.127889554129835,0.36458416503212,0.263246294625646,0.0778755062084837,-0.204157180920814,-0.286350858319728,-0.221903344868108,-0.0608945823578549,0.0589490288356754,-0.0838371731371974,-0.168324898281295,0.0143561510983008,-0.0294529144068904,-0.182645300925276,-0.244452678972998,-0.053762889282329,0.0852991891184552,0.0695171042773829,-0.0313275845374284,-0.217584119592475,-0.0267735375353298,-0.174672306339104,-0.18735924702913,0.0252872315718484,-0.131015382074944,-0.215713130933429,-0.202282868612095,-0.00990012232856844,0.0801874293118232,0.0799916284806872,-0.184099034832385
"Frontal_Inf_Orb_R",0.0825640924706135,0.0851928574370331,0.208470238653963,0.266043681663335,0.263631361469767,0.309373791110411,0.159617596638709,0.3687180637638,0.150148463574796,0.422747671260413,0.0578750836041225,0.364839567030696,0.28323409037227,0.586209079867008,0.574962065188627,1,0.00444818006382061,0.0694915029932659,0.175652348097762,0.219730132130991,-0.104616223061866,0.0186416802932068,0.382110082742275,0.437686885829213,0.200143379700886,0.31520492611577,0.216569539976783,0.218672438936219,0.276598360996137,0.39358579496596,0.288244431969021,0.272807641915009,0.112687101712554,0.110699935939292,-0.154424996541683,-0.193605916680704,-0.244014934489698,-0.180479787845771,0.141219728500187,0.148602468238687,0.0958142910086834,0.299774827854317,0.0829527574893827,-0.0285943817629418,-0.011329961548204,-0.0941094063934585,0.0332270103374959,-0.0392120090566423,-0.233820698361751,-0.242687454218111,-0.438645069731492,-0.31362807849312,-0.224084182604718,-0.273629580742191,0.0215141162679315,-0.023720852225077,-0.112902654585242,-0.00933986161055214,-0.201393886967882,0.00963631970135435,-0.0180520860062049,0.289270564887516,-0.106784930803387,0.238160733661396,-0.00477923724691161,0.140208133328741,-0.350248018182779,-0.278297951524368,0.0129124680888583,-0.0726636619810441,-0.200177329667691,-0.0359974124004176,0.207854548395649,0.352026655228846,-0.0237640333979463,0.370049703897414,-0.152337726744846,-0.0762018898800411,0.142132760002898,0.134131047615399,0.173780925992743,0.248866432413491,0.439019071512308,0.435941665934111,0.19081267396301,0.387181850838623,0.248892047186076,0.364961971097155,-0.0837411557902292,-0.0238438489799582,-0.180018890201379,-0.244972899460353,-0.0358352524999275,-0.149097269296661,-0.0943444115109433,-0.23609881117344,-0.016972079687423,-0.00787484513236583,-0.164394367885264,-0.271118092523162,0.00193349458069051,-0.104489813064707,0.110115115086143,-0.123900560461573,-0.396624161122378,-0.211881282322247,-0.319768462238411,-0.146127352931579,-0.0459544083272573,-0.172808742913318,-0.216214500377264,-0.266858909395001,-0.109993069493135,0.0573046502680651,-0.0414227531260371,-0.455154479057545
"Rolandic_Oper_L",0.355868001994155,0.585036814542883,-0.0826439987002303,-0.218795759755032,0.0697778325477379,-0.277816011763375,-0.128498354010531,-0.10192397169894,-0.0344302166734042,-0.171424564965456,0.255622782753748,0.229027476065428,-0.0773121497480143,-0.00599373009892896,0.0301364459003395,0.00444818006382061,1,0.833846129917884,0.352623391583081,0.381634616820222,0.0346944519455463,-0.0748631084640569,-0.135442192907747,-0.168984798204175,0.0160210793255673,-0.121808238208045,0.14673943298572,0.0679893013628531,0.629654017470257,0.654039348924427,0.127398802022851,0.06293615185217,0.36495103143429,0.232874172897352,-0.283013475397377,-0.294905331868378,-0.0647270652182156,-0.204721195003573,0.18625420999614,0.12681902863746,0.278205918753356,0.231183593789058,-0.0529191352201951,-0.150589100476425,-0.255161627305113,-0.177666676126156,0.0188046710324253,-0.0486385466736696,-0.158900526735594,-0.246449779966525,-0.270570507335564,-0.204360356620896,-0.0579940123612545,-0.0727513040911726,0.0229603472163767,0.0135380956356287,0.605138803848814,0.433967255231875,-0.0573277910700591,-0.106860897166917,-0.0133242893398225,-0.117670024585316,0.616675503669941,0.331823235329105,-0.197827455236106,-0.286008253454772,-0.17421296270035,-0.213519595658197,0.459651711057891,0.373056502950515,-0.307803333956978,-0.216454581514463,0.173145910458247,0.453511401928922,-0.0782829732236227,0.108579533167485,-0.138279726280984,-0.0711901971953447,0.74677339896807,0.630859236840816,0.774787069588236,0.486392359258123,0.291855648992832,0.432092432376549,0.0421311913044383,-0.096519186234665,-0.0721669196191727,0.0435763811456245,-0.126346513659657,-0.207579213977792,-0.225472832984506,-0.341084801633013,-0.354893479662596,-0.259861537009715,-0.00362422889501437,0.00792333843929529,0.0791162218399381,0.0171343379290209,0.0519366846649439,-0.0848597515451234,-0.211321587132394,-0.23474745791804,0.0781477795933601,-0.0735865519125138,-0.294282524002564,-0.144744949924333,-0.112496544563548,-0.0480652084188107,0.164958797543292,0.0544923485912196,-0.0355692507040063,-0.0896505680312009,-0.154459701740007,-0.061360030173726,-0.112791155646717,-0.0893828122880145
