"","Precentral_L","Precentral_R","Frontal_Sup_L","Frontal_Sup_R","Frontal_Sup_Orb_L","Frontal_Sup_Orb_R","Frontal_Mid_L","Frontal_Mid_R","Frontal_Mid_Orb_L","Frontal_Mid_Orb_R","Frontal_Inf_Oper_L","Frontal_Inf_Oper_R","Frontal_Inf_Tri_L","Frontal_Inf_Tri_R","Frontal_Inf_Orb_L","Frontal_Inf_Orb_R","Rolandic_Oper_L","Rolandic_Oper_R","Supp_Motor_Area_L","Supp_Motor_Area_R","Olfactory_L","Olfactory_R","Frontal_Sup_Medial_L","Frontal_Sup_Medial_R","Frontal_Med_Orb_L","Frontal_Med_Orb_R","Rectus_L","Rectus_R","Insula_L","Insula_R","Cingulum_Ant_L","Cingulum_Ant_R","Cingulum_Mid_L","Cingulum_Mid_R","Cingulum_Post_L","Cingulum_Post_R","Hippocampus_L","Hippocampus_R","ParaHippocampal_L","ParaHippocampal_R","Amygdala_L","Amygdala_R","Calcarine_L","Calcarine_R","Cuneus_L","Cuneus_R","Lingual_L","Lingual_R","Occipital_Sup_L","Occipital_Sup_R","Occipital_Mid_L","Occipital_Mid_R","Occipital_Inf_L","Occipital_Inf_R","Fusiform_L","Fusiform_R","Postcentral_L","Postcentral_R","Parietal_Sup_L","Parietal_Sup_R","Parietal_Inf_L","Parietal_Inf_R","SupraMarginal_L","SupraMarginal_R","Angular_L","Angular_R","Precuneus_L","Precuneus_R","Paracentral_Lobule_L","Paracentral_Lobule_R","Caudate_L","Caudate_R","Putamen_L","Putamen_R","Pallidum_L","Pallidum_R","Thalamus_L","Thalamus_R","Heschl_L","Heschl_R","Temporal_Sup_L","Temporal_Sup_R","Temporal_Pole_Sup_L","Temporal_Pole_Sup_R","Temporal_Mid_L","Temporal_Mid_R","Temporal_Pole_Mid_L","Temporal_Pole_Mid_R","Temporal_Inf_L","Temporal_Inf_R","Cerebelum_Crus1_L","Cerebelum_Crus1_R","Cerebelum_Crus2_L","Cerebelum_Crus2_R","Cerebelum_3_L","Cerebelum_3_R","Cerebelum_4_5_L","Cerebelum_4_5_R","Cerebelum_6_L","Cerebelum_6_R","Cerebelum_7b_L","Cerebelum_7b_R","Cerebelum_8_L","Cerebelum_8_R","Cerebelum_9_L","Cerebelum_9_R","Cerebelum_10_L","Cerebelum_10_R","Vermis_1_2","Vermis_3","Vermis_4_5","Vermis_6","Vermis_7","Vermis_8","Vermis_9","Vermis_10"
"Precentral_L",1,0.362772192366596,0.0888334564046501,-0.141770477454468,-0.103474077002996,-0.172343007350166,-0.011539792900352,-0.0161151914475912,-0.110778962802697,-0.068319778566088,0.474859627468064,0.359746778510653,0.323520496248265,0.341717143591136,0.0857001798828572,0.112707997416345,0.248592570418919,0.144805784746446,0.361977341984201,0.250046953516217,-0.343416218454732,-0.201924087009417,-0.0829872588767328,-0.0926824096004194,-0.331305136286141,-0.434713321526633,-0.0695832869867178,-0.150591221132866,0.130361579511193,0.137727491772313,-0.202012117445115,-0.118435903327813,0.069414823642182,-0.0368485562720553,-0.216305762400387,-0.329653528493089,-0.199143465501853,-0.254843735373471,-0.121672195585373,-0.0762795898631852,-0.0497960574854514,-0.012535734253399,-0.0526439337796868,-0.0885770713234976,-0.228162752712393,-0.220753490418159,-0.101796913856272,-0.0905361025972035,-0.203763985576425,-0.147615195685526,0.0626171236329363,-0.0923968701492451,0.0291058809646688,-0.0918061224967047,0.0476191286278265,0.0131050380506039,0.527895033219182,0.405261930659635,0.178031848309174,-0.105189523011294,0.418279972909407,0.0275449701494905,0.40773244219055,0.267590259190491,-0.0563259761406627,-0.108555834048623,-0.284636418601193,-0.263033752649927,0.207957325922733,0.0909022529753363,-0.111625562474052,-0.104856617711898,0.0591542349061131,0.0277538545228423,0.16500150365779,0.0292250326200999,0.0333454501455453,-0.0194325791868446,0.0377214174224349,0.303915059658623,0.171005680829585,0.252122368965902,0.0321445623165093,-0.0241302582488691,0.0721087955170693,0.151323417379732,0.038990816321512,-0.13399808404693,0.268835768978801,0.12615494535806,-0.0270844006226198,-0.0206741707767325,-0.0934357366572077,-0.191112403675925,0.112229899911562,-0.0477379307370517,0.0474889252709494,0.228979645236002,0.075748347048367,0.190471795078529,0.147955037310784,-0.151158031239016,0.139766580935793,0.00569443836767329,0.000360720663824253,0.0416301218200848,-0.0345567924053978,0.0913746502319521,0.109793725525143,0.0493464147950953,-0.0685537948291753,0.112351336918392,0.0338568506125622,0.184370363516052,0.193856903805897,0.0435677385765164
"Precentral_R",0.362772192366596,1,-0.0534587022386789,-0.253348496721876,-0.0727688127590597,-0.269214816740168,-0.288898431765074,-0.136079793268027,-0.186542539460257,-0.0814847359054148,0.0969782062733041,0.372165642950073,0.00107895560036145,0.105804474534199,-0.180027596354531,-0.0230107775840044,0.290872966791901,0.424138695499315,0.217221843537346,0.478670938047457,0.0474250714019335,-0.0519053399533934,-0.117080542114592,-0.0273467310792627,-0.115299468104955,-0.156626984704493,0.0880637428701182,-0.0626781139499579,0.062705846748407,0.202341554458815,-0.183707351872377,-0.167435963265429,-0.0219631949806986,0.0616530178245083,-0.209741963962456,-0.353658502434673,0.0172133288693915,-0.164234132698118,0.0798269330785148,-0.00144774511965838,0.0652955362565319,0.152919977192806,-0.059002637169621,-0.0797884915860876,-0.243287617043407,-0.288880593929753,-0.0381047011365419,-0.0253840845124489,-0.221589211032453,-0.066896016344418,-0.0434721746284325,0.0401329593929643,0.0910223420310869,0.186453094359626,0.0995306631436021,0.0727395260530482,0.532641611090444,0.551354793579596,-0.1589934784015,-0.017142355762602,-0.0588407453075344,0.127221107521184,0.170664707837096,0.253744352842744,-0.0653728440153619,-0.0512865672121331,-0.390530284609471,-0.354960573619332,0.20654367502815,0.269791849988176,-0.0883315551674033,0.0819681758233508,0.114666284626936,0.265145958579112,0.223647118746932,0.308548227700601,0.0678880416395142,0.185352233297651,0.145240233651762,0.346847319522131,0.187287189645489,0.145176995371817,-0.0116249655086481,0.0867740032931726,0.0146923928094148,-0.0815759869581024,0.0496844341708978,0.0300489273531294,0.225676058755185,0.194677355208178,0.00328207403191824,-0.0226413919463856,-0.11263046617518,-0.0952302696286591,0.178821525817528,0.035015718360266,0.168095673776162,0.177229541333465,0.172500548794211,0.0883952624271156,0.0794971579017179,-0.18630991587942,0.155798974465286,-0.0683611009056213,0.0916167140860371,-0.0605720881304348,0.121372371751292,-0.0634863058477566,0.238339932739495,0.234414885056227,-0.0199535597602216,0.101199176190744,0.066174967211784,0.316310544546005,0.18600519989706,0.043553827126444
"Frontal_Sup_L",0.0888334564046501,-0.0534587022386789,1,0.0148942691437961,0.4882255671657,-0.0281022534532472,0.494940869954363,-0.262532342266704,0.309140316317886,-0.0813722012088772,0.176520269703511,-0.152337859919131,0.194197877897205,-0.0673465422925838,0.405612086066938,0.226496193001181,0.0629168117020042,-0.0584866223805711,0.152053656545469,0.0376731505682591,0.245735512689361,0.197549585609745,0.629585541993356,0.421122353146182,0.328733759642578,0.21860290621988,0.25683290475875,0.15955532671077,0.133337516921347,-0.00341418513292711,0.372603880502915,0.161746334115287,0.0909975711832036,-0.190727583596904,0.277266154699389,0.0533252754849696,0.0141285448020153,-0.167624894754015,0.120612873709176,0.0902395946819786,0.17901974496832,-0.0527214314556876,0.0376462752176019,-0.0719697975937621,-0.162118251436017,-0.285050166033756,-0.0986801648383581,-0.113426191953462,-0.287754210446214,-0.310473120372687,-0.060698155732208,-0.188841396410117,-0.134190510275624,-0.0455337708455929,-0.149277282556418,-0.170486712061302,-0.0677207025586498,0.0226176227225136,-0.267372572529105,-0.425496310700471,-0.00978473575837345,-0.255206434186856,-0.0104878921092783,-0.240553025286651,0.477878837588063,-0.0252141902555258,-0.135298632271618,-0.452201220835799,-0.023468047777272,-0.209645733660863,0.208469037740583,-0.0191125604661037,0.278690513242582,0.0271849665502308,0.357162070428382,0.0773065423493602,0.0474927081973341,-0.0649056301998427,0.146974473860834,0.118320122685337,0.0614661411969003,0.166375406887611,0.329606746717714,0.0180853098686681,0.347035934095186,0.094556169026983,0.293063217178082,0.177057514217058,0.0773171697341593,-0.115967860303717,-0.306053407823543,0.0139599153852855,-0.116637537606175,0.0775609393248607,0.0911498357882451,-0.111516713838228,-0.0328713909632204,-0.234676363055708,-0.223685882068536,-0.174521995201836,-0.368129785058065,-0.0883065985086733,-0.280315055135302,-0.158306200389422,-0.281950960279252,-0.127447711329172,-0.298458300607646,-0.12584583685151,0.100150021190545,-0.0306891132978457,-0.0227270681033267,-0.248525594522934,-0.234950121309564,-0.165836405841662,-0.0478165374925998,-0.0964154719566571
"Frontal_Sup_R",-0.141770477454468,-0.253348496721876,0.0148942691437961,1,0.00422624003624776,0.472867483559347,0.355767792945859,0.669221272361213,0.283029388869818,0.456636852711974,-0.228531820580382,0.0118953436325957,-0.139196223630493,0.0879484208142634,-0.158209314833642,-0.0170100427614093,-0.23128299077624,-0.381856325133827,-0.23022716513418,0.093696736294788,-0.0872538285434625,0.0813682827824283,0.0928456803551516,0.362410892322328,0.0571825082216054,0.308472112713734,-0.115364867279582,0.0757845373430535,-0.0850205895600181,-0.226393858948384,0.141275854521286,0.39518829625383,0.0624982651212895,0.33294446821985,-0.0640894329964182,0.00792945713597884,-0.324054957549933,-0.144637908642074,-0.281034926417041,-0.136099408311634,-0.301522492110062,-0.188335775105208,-0.186727686794508,-0.111246137176714,0.00368902968991493,0.118446205258867,-0.16199887250591,-0.135502050086957,0.0204150762896097,0.0690211329409041,-0.0888660331616525,0.0128720752145022,-0.0889567645815377,-0.139444545196224,-0.199770837963089,-0.0799178922502465,-0.250406000986904,-0.0723530149344786,0.1212230475302,0.354185789379842,0.231349540481097,0.44554626483191,-0.231553728369255,0.0674674055517578,0.0794410182843824,0.511207302394598,0.0325464728375295,0.207660553166355,-0.0805212559703902,-0.0453216132177125,-0.0694088236877857,0.0171201575243313,-0.114644702653719,-0.0620384810256129,-0.227493542994187,-0.0735290486040413,-0.32419459676875,-0.0871412240538542,-0.0999563730642249,-0.248671173686202,-0.23050683513272,-0.204757243186146,-0.260152725068518,-0.36952946834099,-0.131669018283349,0.127023669471727,-0.296181334993228,-0.119373760089334,-0.299496591992884,0.181270032010205,-0.0222450944597078,-0.304619377256083,0.0840153359533637,-0.29240992450328,-0.24769219967295,-0.151302279230911,-0.436046045485088,-0.149605675629913,-0.159612333447727,-0.193824070899403,-0.0101107936658629,-0.130168894648473,-0.0611110336438777,-0.116876847823702,-0.164313929208516,-0.228215263778452,-0.0624610056190125,-0.227254969149019,-0.0780364462148996,-0.405125330065849,-0.319613963146476,-0.260711272343299,-0.249508167502366,-0.270390838014681,-0.154562921070907,-0.20637937483845
"Frontal_Sup_Orb_L",-0.103474077002996,-0.0727688127590597,0.4882255671657,0.00422624003624776,1,0.0151811832481415,0.161463976572548,-0.27508530431006,0.327337509878459,-0.131843101278519,-0.14760853481012,-0.311207842262995,-0.00444335674606713,-0.0991356266698914,0.259676773560323,0.213954152448941,-0.0453903716870912,-0.161425854331114,-0.137361653201152,-0.0506455473781851,0.492619248722883,0.255906986882154,0.320627038227781,0.249950439696207,0.631995351756366,0.511880350431579,0.707523781273063,0.50411435412058,-0.0549792486666511,-0.0282048589398162,0.251247776105212,0.100705355258768,0.0815183141112771,-0.0810156996340167,0.34742922558826,0.208869992859156,0.044436021218868,-0.00538439753418185,0.28214528828511,0.344862362837454,0.126947285189686,-0.0566680523968262,0.0930554268884384,-0.0165505262463876,-0.0202003850664761,-0.0891565444380351,-0.0665983267065658,-0.0396777243742775,-0.144893117447466,-0.122069940443764,-0.0114262682380346,-0.0951164389368406,-0.174827740423074,-0.137504206375932,0.0529050101299254,-0.1078071486506,-0.0756956966759896,-0.0804895196939343,-0.209856267504427,-0.228471934479011,-0.194927653864563,-0.294427752632727,-0.0819203104005354,-0.2960274597821,0.339259597433313,-0.070593047588381,0.0620817939802665,-0.174664465368778,-0.0725320722878478,-0.217430158494588,0.183683386157283,0.0409184594758496,0.1829546505037,-0.12498654909874,0.21772132828623,-0.068300393458178,0.0567687065321199,-0.109590410656105,0.131182503490161,0.0810020718865748,-0.0620997562698147,0.123529914976999,0.218692211380737,0.109201016121725,0.220186465328114,0.130527974336031,0.325737970997352,0.30185526323656,0.153698444539249,-0.112040350120235,-0.162140927121566,0.000517006337011761,-0.0602700543029168,-0.041591535496841,-0.0826208121657455,-0.0205724325968171,0.110037475925522,-0.0160858579070949,-0.0853807114327568,-0.0862034873841048,-0.183661821787333,-0.144375518768494,-0.080055038596626,-0.0807590855204257,-0.123134030933637,0.0723561492599617,-0.0442188028247017,-0.0152063457351724,0.0413978887231153,-0.0879023848613152,0.16562760406483,-0.0960256784409219,-0.103043333358823,-0.114975414046559,-0.106382122097615,-0.235422232812217
"Frontal_Sup_Orb_R",-0.172343007350166,-0.269214816740168,-0.0281022534532472,0.472867483559347,0.0151811832481415,1,0.195043068435602,0.479589181336935,0.399148936275095,0.700399790342483,-0.08953389826938,-0.0602474569580582,0.107952978255988,0.102140759208638,0.222536547456991,0.154709718188626,-0.0404625113238425,-0.150291673595219,-0.0638138601729981,-0.0375169870568846,-0.0502736242657528,0.275550529073247,0.11355430666465,0.225684449158777,0.0526175773575657,0.329054080645446,-0.0936308964402887,0.265360541942807,0.137559063206735,-0.0045990438800522,0.149133172192475,0.323587786456273,0.0492913368342021,0.20108665878026,-0.0454458103506983,0.0344085308736514,-0.338646022546698,-0.0353946584265953,-0.353869531680104,-0.250432417104889,-0.170786971526206,-0.085646745571541,-0.254418004477061,-0.168954854254954,-0.0703710150393595,-0.0220510732500469,-0.229585250510493,-0.258627039439542,-0.0866868713416103,-0.121949867063395,-0.231530238693456,-0.205197076120235,-0.152097846269547,-0.14961285185596,-0.328922105278092,-0.207280470519381,-0.154978785819126,-0.12223961874284,0.00912556272151423,0.138839032317816,0.188399986563649,0.246664813888126,-0.0311670670769129,-0.00499925406463432,-0.0183008762983233,0.215344836353002,-0.0628991066220281,0.0357269633149209,-0.176408053454364,-0.0908626873198283,0.114224057272209,0.200593274563961,0.139255471373705,0.0674079382846804,-0.0545067619747868,-0.0301620719557016,-0.068609885003366,0.0229925549853496,-0.0524928573003595,-0.113247034765101,0.00130152258850054,-0.0224449031493766,0.064089671158906,-0.119267817973434,-0.0115438140460648,0.0547756933022629,-0.13514704269113,-0.145740826855915,-0.357469498020174,-0.0291486430425843,-0.154511627557285,-0.246123599472607,0.136239482138814,-0.149968545266173,-0.340256318318831,-0.229036839152716,-0.487420034233812,-0.271519612211437,-0.350449534123444,-0.281123754887617,0.0118743979678398,-0.0309288012788014,-0.186170079064019,-0.0729573114902601,-0.263127553972856,-0.275465191277893,-0.247477248115383,-0.211186583512457,-0.246201365288276,-0.420170870490295,-0.405402033970194,-0.376969972849006,-0.265955706885059,-0.280256018023651,-0.139681985524969,-0.266453436314827
"Frontal_Mid_L",-0.011539792900352,-0.288898431765074,0.494940869954363,0.355767792945859,0.161463976572548,0.195043068435602,1,0.364061124648568,0.539469581073162,0.233140425927211,0.201111382030265,-0.0867488394427874,0.39412350770688,-4.55937749462581e-05,0.276935402849672,0.0758435342267258,-0.18187890490008,-0.281523488544342,0.0392171195759549,-0.0174479375519292,-0.0506206078680061,0.156906338342054,0.23546660776173,0.106454289628135,-0.0189020863845187,0.0950405797378621,-0.0924324481063998,-0.0243603881652657,0.00283582737755071,-0.139640366214566,0.193834490387082,0.250514309367656,0.0560621505361275,-0.0511713876815196,0.0700608331934931,0.0428270477771589,-0.352769114443393,-0.254912208885753,-0.164131218957798,-0.250909647711064,-0.223858235482588,-0.178973433887066,-0.101766152718677,-0.150985900910486,0.0203274386403226,-0.064898043686654,-0.152317371640088,-0.216207184764293,-0.0269721865849996,-0.137639116733555,-0.0233252616544548,-0.147614042649098,-0.133185724929612,-0.120063022417099,-0.257433311869151,-0.261655540148991,-0.299524784232217,-0.207011833267638,-0.048217657634919,-0.106500434839867,0.40247806485509,0.19569652201176,-0.0276377847612634,-0.0765334477310815,0.379261448041254,0.22458248396682,0.0310393995962469,-0.129555362797328,-0.099042957106797,-0.189190025685592,0.135030909115133,-0.0443315608074151,0.11052888627935,-0.0697390151937612,-0.00896830881778982,-0.0921222913316918,-0.0687619199738613,-0.131915371762053,-0.0972193691803687,-0.134736044000172,-0.136591771002516,-0.00749588025290571,0.0074538379652774,-0.240909793969865,0.0709779092014864,-0.0884456609986099,-0.211987291630849,-0.196445346224817,-0.148264552235739,-0.22699321267683,-0.1624035270579,-0.00848932899187474,0.0496025777182235,0.112941898251737,-0.178620885133876,-0.285087433040234,-0.366594190867003,-0.373414311459941,-0.281049728589765,-0.281792697364302,-0.220532859525551,0.092579813492945,-0.238681686183589,-0.159449539159776,-0.223335024691583,-0.234268050122168,-0.238858089611223,-0.197517482086544,0.0256608863846532,-0.298046543800845,-0.332568271510271,-0.291490072494073,-0.217069231213904,-0.24821158891921,-0.226161454866681,-0.0944335536499372
"Frontal_Mid_R",-0.0161151914475912,-0.136079793268027,-0.262532342266704,0.669221272361213,-0.27508530431006,0.479589181336935,0.364061124648568,1,0.362474463760759,0.635256274224206,0.0612593342769387,0.365471037732469,0.191889939974978,0.375151820381843,-0.070082150301806,0.108465000703936,-0.172584893342964,-0.247131262837198,-0.0811906428474021,0.100516379963913,-0.374399512070741,-0.0169103003921218,-0.169948070404792,0.0499900784124926,-0.283422631281122,-0.0720729668894956,-0.351530315260465,-0.116138693939071,0.0104542488000814,-0.0204054261190405,-0.0139119912616958,0.304090080540617,-0.102302937315397,0.25538349169176,-0.229388092188125,-0.110543510151191,-0.464008051212597,-0.283941578879877,-0.35836906415256,-0.316819679171927,-0.378715582736946,-0.221707374351356,-0.196873796956127,-0.132119338198928,0.0249960187816129,0.152588698072196,-0.105968626129551,-0.116151538267983,0.0526668413337844,0.151639405943805,-0.00241927275059277,0.0608669973525993,0.139413019589195,0.0467187258929314,-0.131203741604498,0.00280911675533961,-0.224597710587463,-0.0404190314665691,0.0965150632287388,0.418433799015907,0.418886741208037,0.654359683731363,-0.0777988763472938,0.249477630073184,-0.127653537714383,0.454892551379668,-0.124720940735448,0.144257012131516,-0.0233568622657722,0.033901500203109,-0.17789996822604,0.0725539720477645,-0.135415331365077,0.016180235287054,-0.262985993821498,-0.0277298851060234,-0.302009408092513,-0.091959789929454,-0.153619166080658,-0.219022055474137,-0.140001338431524,-0.173819443894303,-0.253082614782362,-0.329561453297178,-0.244441853966477,-0.0600191673555542,-0.481221110519139,-0.382364620350329,-0.292764100310568,0.0922151175825899,0.134359998623313,-0.204392904339769,0.221497013194766,-0.226784495398751,-0.335741976475144,-0.233331194809958,-0.499079311025085,-0.185271386579447,-0.151367629539401,-0.186846102491396,0.18029347182267,-0.0764064620505576,-0.0690603578513009,-0.249081328761257,-0.182467214270347,-0.312754607044475,-0.131430571572655,-0.292801747005439,-0.145266572297175,-0.432102099765465,-0.460781278079086,-0.241382987029156,-0.128910466973418,-0.170817745752377,-0.0934240128252434,-0.147061678687788
"Frontal_Mid_Orb_L",-0.110778962802697,-0.186542539460257,0.309140316317886,0.283029388869818,0.327337509878459,0.399148936275095,0.539469581073162,0.362474463760759,1,0.300948368392586,0.0813923249326717,0.0367475419805423,0.352288775292327,0.0770525394686086,0.298819008989759,0.111426428542241,-0.180621450106871,-0.212741454417563,-0.0733288853175584,-0.0185344413108356,-0.0934545808784867,0.171573548229973,0.0121425388607004,-0.0220017153001202,-0.0615026190428982,0.142058176684715,-0.0820209027454753,0.15985461004921,0.052905691907855,-0.139571241386895,0.0699866761617711,0.105968424233427,-0.165242913829667,-0.0417564191283481,-0.0942000794460261,-0.0993468702503058,-0.29480030891097,-0.0946167385308646,-0.151109027632439,-0.129243126549901,-0.312436730097296,-0.152756033218344,-0.181901813533404,-0.158303042529779,-0.170364352675809,-0.131501641233966,-0.187161693459519,-0.256455068945394,-0.115812784266612,-0.046165920167569,-0.074782432593301,-0.0415089664451746,-0.12406303494411,0.0158574871756851,-0.246310817883332,-0.200551883282447,-0.303435469380293,-0.111208936785853,-0.0411219677536664,0.0545143954616328,0.195722594798867,0.176103054382724,-0.0855913242355501,-0.0409746718129134,0.152197987086061,0.121711758483517,-0.219468934192033,-0.212713602867673,-0.0437853325148728,-0.163721862589037,0.147549155425355,0.152662215434833,0.0820318135553284,-0.0599513081385366,-0.0072817195115567,-0.0658060182182361,-0.133393417660587,0.022338724804299,-0.0774150605391113,-0.130213413590853,-0.146090656127402,-0.0196543731011368,0.0155475830213865,-0.294063195127525,-0.0212598023099798,-0.0872614007301577,-0.233069105350861,-0.286914263153314,-0.218537332689741,-0.141900562222213,-0.0566922167128599,0.013793907002663,0.201534470076845,0.12450594991923,-0.177476844171088,-0.20036895077691,-0.370257022753437,-0.373700501840405,-0.23939202934118,-0.257799818994646,0.0150609898558206,0.0170884659892855,-0.156046465320489,-0.151722368896702,-0.242789528735478,-0.228473105672098,-0.186145543416487,-0.134134330547662,0.00492949760601324,-0.349647703367832,-0.426315747751217,-0.317235737484394,-0.191291735498409,-0.206352348808918,-0.170021865643646,-0.124909858029873
"Frontal_Mid_Orb_R",-0.068319778566088,-0.0814847359054148,-0.0813722012088772,0.456636852711974,-0.131843101278519,0.700399790342483,0.233140425927211,0.635256274224206,0.300948368392586,1,-0.0132276126245775,0.287136347562696,0.178409404926754,0.301899654861787,0.238030308164476,0.261363477059019,-0.0218627485832081,-0.145354701866284,-0.0272439104735055,0.131479943957753,-0.22436290642351,0.136266177332399,0.0386309014148196,0.150915398983771,-0.0942150959656667,0.0207047663087548,-0.234473980156095,-0.0652402923378627,0.169244143047655,0.0641242477086889,0.0631374855778722,0.247515598755173,-0.0167880548415319,0.139236549948378,-0.167643253989469,-0.1440575457774,-0.405939747315267,-0.129321665418043,-0.392955431205565,-0.271117567879118,-0.164127115462416,-0.0428081288479184,-0.213618702941462,-0.118639644823591,-0.105305062694773,-0.032225182653543,-0.143182766562526,-0.157124325390231,-0.10673010122719,-0.0452498245769966,-0.0951076885726888,-0.0640831383368369,0.0786107726610027,0.0228674480291044,-0.129483682773444,-0.0142963318000508,-0.127142185989589,0.000287096222488616,-0.0358177540939408,0.188778768333035,0.222222303965242,0.457516482750766,-0.0342880148622258,0.17002995469241,-0.0801776819068691,0.259997044002485,-0.224372450195667,-0.134618731789637,-0.205085323853462,-0.0777707869656031,-0.117336633445095,0.146443256038062,0.138179330928462,0.145817500879967,-0.0889825439884919,0.0693112168834072,-0.161194058406724,0.00470619658084268,-0.0211054745020902,-0.0118772081608654,0.0213489694511613,-0.122418643684878,-0.0655210308360956,-0.207382055720412,-0.123391645129791,-0.0522590356299448,-0.204108258707639,-0.217166687253809,-0.2405613766095,0.16235819869188,-0.0496903763514077,-0.173343946463068,0.0970095626658415,-0.113336944914552,-0.24611430740797,-0.319106668935534,-0.424363236101817,-0.165211450431994,-0.241570212964723,-0.14411954065218,0.0948773436691294,-0.0240713958937563,-0.0647507003381512,-0.114552030005076,-0.181523000888255,-0.226348750247041,-0.117435491737202,-0.204406773120054,-0.165277618192828,-0.49090221082753,-0.467773788094236,-0.370583802053868,-0.209567425429362,-0.147673586358488,-0.000354500284908648,-0.0886310139601551
"Frontal_Inf_Oper_L",0.474859627468064,0.0969782062733041,0.176520269703511,-0.228531820580382,-0.14760853481012,-0.08953389826938,0.201111382030265,0.0612593342769387,0.0813923249326717,-0.0132276126245775,1,0.512507522473399,0.762844161214277,0.486582161217058,0.370282411684672,0.329529018391724,0.34815561526742,0.209683552967087,0.321422506723205,0.153849345484887,-0.27220002510391,-0.156482065447157,0.019476821861492,-0.109898064218526,-0.299041526749901,-0.418120160242735,-0.135842228141517,-0.145078093829657,0.304705755105825,0.353767021216292,-0.102169148175982,-0.109657274838994,-0.117905138377428,-0.218733896891916,-0.208823970888954,-0.314105561455927,-0.105450868362573,-0.208309086252964,-0.0719031512430496,-0.0530763278582275,0.115443506313088,0.0612228445435819,-0.0201492525930137,-0.115421979380264,-0.0195949806524887,-0.0885090234705508,0.0407583275084784,-0.0456624583063533,-0.0761956516476306,-0.103582374141047,-0.0102752712354996,-0.158266915044168,0.11577261219619,-0.0209206811229386,0.083116185922742,0.0617755594218119,0.0240917222267787,0.152609340063513,-0.0314182398835766,-0.247690271165659,0.344678977270553,0.0646220602428182,0.383356210604535,0.188918060828264,-0.0709816037542607,-0.122210058298937,-0.368076159046817,-0.381211324459091,0.0452892092186496,-0.0648534853332268,-0.0980565993152937,-0.00064728615026385,0.2528593020731,0.206560521277935,0.229832140871745,0.186883068047737,0.0728095825194625,-0.0239271369364352,0.109938213536276,0.348668013977074,0.313912309414048,0.416612687431037,0.182080059561604,0.0846446258524169,0.237467042810848,0.0869757656996229,0.0202905339274896,-0.192067875420354,0.259915211375753,-0.0524249577114984,0.0263768968744779,-0.00592690604456503,0.0471531400553935,0.0631502074101676,-0.0126746622270068,-0.172503802342674,-0.123016485305831,-0.0353477268024783,-0.0215553383864363,-0.0186556522510108,0.0237106494251214,0.00659384155801569,-0.209610767066049,-0.212244080409569,-0.251107377974974,-0.252969550444273,-0.173501620277452,-0.0929978914557859,0.0793683687683042,0.0398371515583471,-0.205386438714252,-0.125850804227199,0.0612787414967299,-0.00918548037237789,0.0530806524088664,-0.154442251821141
"Frontal_Inf_Oper_R",0.359746778510653,0.372165642950073,-0.152337859919131,0.0118953436325957,-0.311207842262995,-0.0602474569580582,-0.0867488394427874,0.365471037732469,0.0367475419805423,0.287136347562696,0.512507522473399,1,0.450396437809648,0.712807492156468,0.00936293181485,0.325084322562316,0.32385435324804,0.24003075188821,0.278182879886902,0.40921196466184,-0.342524559399378,-0.242195890040145,-0.237726659255703,-0.159762519718818,-0.435753474281717,-0.450013120423749,-0.26649866899197,-0.229360166661147,0.250708748193465,0.375671924012877,-0.220548910265113,-0.178716971442327,-0.202840767901663,0.00725598970800767,-0.39941190845984,-0.483045245674409,-0.316452758501713,-0.159276718136756,-0.267531254781789,-0.155942993477854,-0.0656181768517674,0.0468244469393746,-0.170843913693641,-0.183163852951863,-0.204473901736362,-0.166658571855006,0.0168426059645061,-0.0527213226808104,-0.144591718338469,0.0757771767589213,0.0641783440559904,0.113995112026802,0.287069278894736,0.197219148957083,0.122135833224763,0.237798635702551,0.0993653401836368,0.402711530651539,0.0244634626720509,0.199223220526032,0.25617346206754,0.411498029848552,0.229364938495105,0.463379657858985,-0.329739655804524,0.0302353797805081,-0.519291122533861,-0.303719197695516,0.0704812547337252,0.124441218997655,-0.255990692528868,0.105573632173873,0.150603337371416,0.296388732855051,0.0201477264095286,0.279344175587472,-0.148608887131788,0.141767034437295,0.116956826291214,0.248710597949425,0.242301592650037,0.16860413656351,-0.100619868753726,-0.0128236611362641,-0.0665619058117688,-0.0122386015913805,-0.243124467221164,-0.270915974819596,0.149655917966977,0.290828596671107,0.199207112033235,-0.0213501092160476,0.121998983886243,-0.0661263773145556,-0.108629257738135,-0.17038484925485,-0.149150116352186,0.141481802317684,0.144616634346783,0.0847713745015992,0.332230314955551,-0.0572725042238515,0.20625251793755,-0.0416647131272266,-0.0975650562241453,-0.194183459762815,0.000504495482490169,-0.164781194602586,0.030845888173409,-0.116837180044519,-0.294341148750692,-0.0161836511224125,0.173107754984071,0.143628687907553,0.116226904857731,-0.105748265056489
"Frontal_Inf_Tri_L",0.323520496248265,0.00107895560036145,0.194197877897205,-0.139196223630493,-0.00444335674606713,0.107952978255988,0.39412350770688,0.191889939974978,0.352288775292327,0.178409404926754,0.762844161214277,0.450396437809648,1,0.529366629335506,0.552755550759776,0.404095346188637,0.276119808755503,0.185073285359444,0.237451587552997,0.195758190558673,-0.24423924377087,-0.00230451812864188,0.0558353115402078,-0.114327206628371,-0.260774798289853,-0.321952028041718,-0.163880621061879,-0.081316831199921,0.359888466033304,0.351990231654995,-0.0463044687806833,-0.0443331684921495,-0.0632686695177575,-0.168706372852319,-0.197166678318171,-0.276281618094292,-0.255002121706777,-0.0848624393253022,-0.115729045316982,-0.0948812786241199,-0.0389635381604509,0.0932496802517498,-0.125894140309214,-0.212331604149161,-0.120093150891212,-0.214003896848698,-0.0694940175874976,-0.192935148302439,-0.174010017566099,-0.197121923925423,-0.096756711515482,-0.242414877545328,0.0579514948091945,-0.064827564869234,-0.028042827835906,-0.0295416562418036,-0.0690530635659307,0.15507981898046,-0.0923646046150751,-0.216777443065482,0.344415456721524,0.0811526409280776,0.378406201824104,0.237273519622461,0.0173357778896881,-0.0668089163652133,-0.333291842569031,-0.382617806141192,0.0435446485270927,-0.0146909983786857,0.0176561820830784,0.089826762876416,0.352956851719263,0.267827225201402,0.215717664391028,0.220105844315066,0.0340681574049524,0.0213382387611913,0.10400573978986,0.288100845340335,0.295011263783048,0.37511414349498,0.175080614220069,0.0282095365452358,0.205093662068251,-0.045659861825641,-0.0377317349461164,-0.264186019927135,0.18222501746635,-0.163360325721044,-0.0469044044334582,-0.0317809027139838,0.0196796116791339,0.121639386440326,-0.188953564093845,-0.23531665791009,-0.236930170849814,-0.12647148205567,-0.149744826729976,-0.154310394627496,0.0326606243839531,0.0500804988249915,-0.176407058077679,-0.154573687521164,-0.343065269444804,-0.248847186635483,-0.182223552066462,-0.0395759560031522,-0.0600644891382206,-0.129505924088765,-0.335802066093064,-0.188033654153688,-0.0378749209718882,-0.0677122654152411,-0.0726817226986396,-0.214105006040186
"Frontal_Inf_Tri_R",0.341717143591136,0.105804474534199,-0.0673465422925838,0.0879484208142634,-0.0991356266698914,0.102140759208638,-4.55937749462581e-05,0.375151820381843,0.0770525394686086,0.301899654861787,0.486582161217058,0.712807492156468,0.529366629335506,1,0.25766297394965,0.627627807901721,0.284560008560539,0.0982747371119438,0.132102618049755,0.184295449663553,-0.241970607807988,-0.112424201067274,-0.077046124431393,0.132910099917751,-0.264368076909359,-0.294762047542513,-0.0657257044790478,-0.0227106987462536,0.333649231329371,0.467204335092604,-0.0591187799810973,-0.0441662385288728,-0.15355121079495,-0.0912725658309655,-0.354505582042807,-0.364919063256454,-0.271565284873937,-0.0702077200363815,-0.152243029553184,0.012739072814312,-0.016620210829286,0.101976062565542,-0.176406533668671,-0.190145407440373,-0.21124730157117,-0.163133643781516,-0.0639255868571614,-0.066108786282419,-0.178970338192967,-0.0389839950010833,-0.0304615645741042,-0.0417713993560157,0.115236183736617,0.0555233917368636,0.118259106928344,0.217989078998573,0.0632625921386898,0.191306322959663,-0.0299798073888763,-0.0404340725943167,0.213897689897916,0.178441914651949,0.251437821410066,0.306642234486569,-0.229331891519321,0.0286491342033371,-0.441359486593041,-0.261495725002517,-0.0388856444203897,-0.0270319158260653,-0.150510425926329,0.0575552249786653,0.132769138559522,0.236591081920913,0.125407111119548,0.237689415895967,-0.125512854663309,0.0417739901765873,0.100299267739425,0.323736293318423,0.24368501481546,0.294506665381067,0.0786228116449379,0.163005951268048,0.0538945871340448,0.165103642638598,-0.0554220641013764,-0.0739686934192891,0.119128270081409,0.156008479540348,0.0407717695489468,-0.151540625486508,0.12666963438587,-0.235645713013383,-0.232558110507598,-0.0796877098137611,-0.146467082550617,0.134881566618222,-0.0366397698891697,-0.0230875630439479,0.181693846360985,-0.174367560124072,-0.0256119247920601,-0.130800747332982,-0.208883817640732,-0.21412506609531,-0.0974166133427058,-0.136089491457675,-0.0407204520979872,-0.13339085497106,-0.275461515709345,-0.132850447059062,0.0245352965286477,0.0467975524191328,0.105190362310163,-0.302208258107032
"Frontal_Inf_Orb_L",0.0857001798828572,-0.180027596354531,0.405612086066938,-0.158209314833642,0.259676773560323,0.222536547456991,0.276935402849672,-0.070082150301806,0.298819008989759,0.238030308164476,0.370282411684672,0.00936293181485,0.552755550759776,0.25766297394965,1,0.648578142039677,0.0788784394412989,-0.070823364196563,0.107854468541322,0.0327186977657807,-0.0978717330134913,0.158312601726499,0.47166235796672,0.24315103385092,0.187394165960196,0.0556260226651028,0.0506991555438924,0.0674942323144389,0.537938273093571,0.306337164406721,0.330720830325227,0.23847631026505,0.0906082195088893,-0.146752560540265,0.0227663582815795,-0.112828861349998,-0.028845138303929,-0.0595972495496199,-0.0021658596520745,0.00593879182728302,0.158775332562732,0.147993314737077,-0.100092717304744,-0.191094091055624,-0.116850233177997,-0.212751266398837,-0.10594752742601,-0.166464619138554,-0.175549890861577,-0.310348333383522,-0.294357849070995,-0.387943388937856,-0.140740747507201,-0.166333789118556,-0.0810307556820673,-0.106401123900085,-0.156508343525289,-0.0418399030415251,-0.298927699360561,-0.447192953155225,0.0115109748790349,-0.247823714488774,0.207476397308229,-0.00181541360403891,0.173698060878954,-0.183190575546548,-0.229055051786749,-0.431582046490692,-0.110519177503409,-0.204526480396973,0.109306701862378,0.129773308451745,0.403600071145137,0.206041408821647,0.344478001289663,0.180337056871548,0.179633474744009,0.0540349399797202,0.132901756186491,0.194084144381493,0.179463271405063,0.245721869635965,0.657127408160842,0.196836847795022,0.368077603043755,0.114558943969475,0.325495501768283,0.114604652133376,0.0341901512057956,-0.200844362761914,-0.323189918664592,-0.103411174299868,-0.187810901942084,0.00877539203662057,-0.108908529147911,-0.131358334712283,-0.120165603691053,-0.0889367956721318,-0.258276456098219,-0.209895180490976,-0.210940206068139,-0.0812959151738035,-0.271915153955265,-0.195406733997656,-0.250572623246394,-0.0922695620778392,-0.228259273803414,-0.0533231364646426,-0.119375686240279,-0.149829049039708,-0.255435541112042,-0.26348449768087,-0.201804306517468,-0.0453806731208566,0.0829525648026041,-0.0562638342325694
"Frontal_Inf_Orb_R",0.112707997416345,-0.0230107775840044,0.226496193001181,-0.0170100427614093,0.213954152448941,0.154709718188626,0.0758435342267258,0.108465000703936,0.111426428542241,0.261363477059019,0.329529018391724,0.325084322562316,0.404095346188637,0.627627807901721,0.648578142039677,1,0.209513610198388,0.0563673343531981,0.153193721527276,0.198105931568209,0.00932376944231059,0.199297497305907,0.415522450278916,0.408534835407293,0.151048711920332,0.048307320559659,0.171043083374994,0.142125311856209,0.537516939365522,0.642031009153791,0.434573669580951,0.312822196277813,0.0806745677112498,0.0192037199808152,-0.176664013007885,-0.275173515971166,-0.00238954393568633,-0.0974068390521707,0.105768857137619,0.193681199697382,0.268483017414815,0.159671165315313,-0.092066455070056,-0.182781362929834,-0.142254397877963,-0.167821478519213,-0.0262482745947438,-0.0274469972509762,-0.239677827173939,-0.25481118203792,-0.307071155933512,-0.341931625789982,-0.0760733477908351,-0.123614992277097,0.103056919467037,0.0603140945402333,-0.0441981720366459,0.044025079692527,-0.371626111041366,-0.395754375136783,-0.0741772931678361,-0.163554959421558,0.279718355636665,0.222519657582287,-0.0250213344877115,-0.188422305494583,-0.345014180179725,-0.376549832494343,-0.139705043128516,-0.213021461423723,-0.0324317182564532,0.153116374763684,0.326785489426008,0.336352348512623,0.315680391347054,0.294806296444515,0.0474335478665748,0.104701090481357,0.231970304023325,0.318777055547266,0.353454735632654,0.404530444412196,0.606059705836087,0.46678499331209,0.291318425183367,0.221265213939805,0.237716256654361,0.234231799421027,0.0347174159293924,-0.107582855343704,-0.133194939495401,-0.173700416531214,0.0113558934167719,-0.166305903991175,-0.298547637411915,-0.163678451887288,-0.108874069405847,0.150178422433666,-0.0659236061101719,-0.0961212920889463,-0.0859070182605256,-0.205706726011638,-0.15611835879061,-0.259955551077695,-0.374029159596607,-0.281932177050207,-0.188905520687058,-0.220500875782664,-0.168063145135695,-0.238997638107535,-0.240843525087652,-0.209164391017344,-0.0479172898878872,0.00287110161047508,0.0291238838394872,-0.348914799305215
"Rolandic_Oper_L",0.248592570418919,0.290872966791901,0.0629168117020042,-0.23128299077624,-0.0453903716870912,-0.0404625113238425,-0.18187890490008,-0.172584893342964,-0.180621450106871,-0.0218627485832081,0.34815561526742,0.32385435324804,0.276119808755503,0.284560008560539,0.0788784394412989,0.209513610198388,1,0.699589053031934,0.339225446853899,0.293812520302644,0.0742267784385259,0.0841461233187436,0.0888634946061871,0.0717463633182652,-0.116445246575709,-0.108362293232855,0.110680547408229,0.150097035289911,0.54199842921958,0.635055484566013,0.0983530421041876,-0.0586926167053274,0.21330013278709,0.0488625195260755,-0.260521921367903,-0.302037028395981,0.0603443035232883,0.0322677644627959,-0.020445074338203,0.0347468942419135,0.350668391254323,0.282650308276077,-0.312058352556022,-0.216438622996064,-0.352398131885308,-0.354970158208498,-0.196800406545932,-0.145462218179858,-0.420304767002876,-0.321829635494453,-0.205589735865316,-0.182469548613691,0.0508676176695251,0.0678163367732175,-0.119837281437652,-0.0940980094574312,0.529322811425101,0.293265239867446,-0.197923323419576,-0.287403343515889,-0.00116813643954308,-0.0799648661998653,0.55581152009613,0.240597936585633,-0.223190518408806,-0.286725106003396,-0.406219418577636,-0.393519858366399,-0.0563120446034786,-0.11573230142052,-0.157381181046451,0.0577393767095019,0.397077061256522,0.503774797317236,0.248478550770176,0.420288400154157,0.0227342556843763,0.203952941247809,0.630351963210864,0.691264247614324,0.808709324666317,0.57055486243833,0.241267499329107,0.218650802846114,0.28584087535741,0.142710823900456,0.0658317225117835,0.11030995523317,0.18941450820861,0.148083919202572,-0.236758481482629,-0.239856318258029,-0.122683206097891,-0.183872404014409,0.101993325003651,-0.0515511818866518,-0.017741077086145,-0.0112536310854129,-0.0754364443896873,-0.0572766820135813,0.0369923353815877,-0.185397887644796,0.151750101010147,0.106600553862182,-0.0550602259175471,0.0455675498349998,0.0197891301665353,-0.143432511726836,0.128354864227969,0.128518166285155,-0.186080178021399,-0.0604223109743062,0.0626890812807187,0.109404523938012,0.0900686079910004,-0.0256151049990053
