"","Precentral_L","Precentral_R","Frontal_Sup_L","Frontal_Sup_R","Frontal_Sup_Orb_L","Frontal_Sup_Orb_R","Frontal_Mid_L","Frontal_Mid_R","Frontal_Mid_Orb_L","Frontal_Mid_Orb_R","Frontal_Inf_Oper_L","Frontal_Inf_Oper_R","Frontal_Inf_Tri_L","Frontal_Inf_Tri_R","Frontal_Inf_Orb_L","Frontal_Inf_Orb_R","Rolandic_Oper_L","Rolandic_Oper_R","Supp_Motor_Area_L","Supp_Motor_Area_R","Olfactory_L","Olfactory_R","Frontal_Sup_Medial_L","Frontal_Sup_Medial_R","Frontal_Med_Orb_L","Frontal_Med_Orb_R","Rectus_L","Rectus_R","Insula_L","Insula_R","Cingulum_Ant_L","Cingulum_Ant_R","Cingulum_Mid_L","Cingulum_Mid_R","Cingulum_Post_L","Cingulum_Post_R","Hippocampus_L","Hippocampus_R","ParaHippocampal_L","ParaHippocampal_R","Amygdala_L","Amygdala_R","Calcarine_L","Calcarine_R","Cuneus_L","Cuneus_R","Lingual_L","Lingual_R","Occipital_Sup_L","Occipital_Sup_R","Occipital_Mid_L","Occipital_Mid_R","Occipital_Inf_L","Occipital_Inf_R","Fusiform_L","Fusiform_R","Postcentral_L","Postcentral_R","Parietal_Sup_L","Parietal_Sup_R","Parietal_Inf_L","Parietal_Inf_R","SupraMarginal_L","SupraMarginal_R","Angular_L","Angular_R","Precuneus_L","Precuneus_R","Paracentral_Lobule_L","Paracentral_Lobule_R","Caudate_L","Caudate_R","Putamen_L","Putamen_R","Pallidum_L","Pallidum_R","Thalamus_L","Thalamus_R","Heschl_L","Heschl_R","Temporal_Sup_L","Temporal_Sup_R","Temporal_Pole_Sup_L","Temporal_Pole_Sup_R","Temporal_Mid_L","Temporal_Mid_R","Temporal_Pole_Mid_L","Temporal_Pole_Mid_R","Temporal_Inf_L","Temporal_Inf_R","Cerebelum_Crus1_L","Cerebelum_Crus1_R","Cerebelum_Crus2_L","Cerebelum_Crus2_R","Cerebelum_3_L","Cerebelum_3_R","Cerebelum_4_5_L","Cerebelum_4_5_R","Cerebelum_6_L","Cerebelum_6_R","Cerebelum_7b_L","Cerebelum_7b_R","Cerebelum_8_L","Cerebelum_8_R","Cerebelum_9_L","Cerebelum_9_R","Cerebelum_10_L","Cerebelum_10_R","Vermis_1_2","Vermis_3","Vermis_4_5","Vermis_6","Vermis_7","Vermis_8","Vermis_9","Vermis_10"
"Precentral_L",1,0.418290470687893,0.123137618919899,-0.074557122527427,0.00882624131807467,-0.0153792826021266,-0.0147003820987798,0.0190308408222343,0.0496578924093837,0.0635982990688686,0.469391298311935,0.333054066800534,0.289131536459493,0.129774130247612,0.128852704530633,0.0228827377332159,0.199380648910518,0.136670109379894,0.439150430268106,0.329086223119432,-0.247603992371078,-0.160376253207612,-0.0601366024136531,-0.18067925573522,-0.168976504459378,-0.203429158142616,-0.000846520416411583,-0.0859352340030594,0.0132304796246092,0.118576088324979,-0.228624092694605,-0.286495914620097,0.147855555703732,0.0330034328821684,-0.14168808370758,-0.201208749975976,-0.114708424519984,-0.357156815952233,0.141378389725843,0.0993189349334983,0.170917262297082,0.10491894975671,0.0102457915291522,0.0106488006043454,-0.0857818544308039,-0.0479625317955906,0.00623269694886522,0.0179195208078008,-0.0542746200869635,0.0351354642809319,0.0635803854080804,0.0216148320495788,0.103050393465771,0.0980027254426183,0.0953680827898539,0.130643224291913,0.492845361071144,0.478020761176575,0.281836394710688,0.228352966053973,0.408160875221452,0.114336612445266,0.467945395572007,0.273060074789622,0.0480903240373971,-0.0856816857927437,-0.101682367458426,-0.12713643618106,0.182851140857152,0.1364390452953,-0.339242739210823,-0.274523553923469,0.14483447998799,0.0352919520960529,-0.0149840787312639,-0.0137807864788407,-0.177028905705692,-0.241850408166232,0.0891229570047027,0.0497136693633189,0.186136500972085,0.128241139580274,0.248039946544188,0.0702917530202342,0.253643058002908,0.0666938193192042,0.18575466809306,0.149850074639702,0.302882165476927,0.103576631111026,-0.178631397636767,-0.113115859902537,-0.408464271527042,-0.151744897217475,-0.213043987286993,-0.254867491878842,-0.107955948920931,0.0868884983039632,-0.104569070684348,0.0447961308004548,-0.37258444101097,-0.0668882623466904,-0.207018854758478,0.0147802232863622,-0.3830868173719,-0.307103261978968,-0.161071982790932,-0.111116215092409,-0.129040644669288,-0.190900553575893,-0.0400447315544732,-0.18802649278141,-0.261809112281296,-0.0464226287175856,-0.292049583979074,-0.307800660154175
"Precentral_R",0.418290470687893,1,-0.129561852350189,-0.186150352380141,-0.148685028942909,-0.209199362273004,-0.246924938682057,-0.162177749910533,-0.223773038177174,-0.0362473463883499,0.0682472902946156,0.173101168157838,-0.0511495004960156,-0.0330312534783679,0.0540944975505725,0.0809894167665587,0.409217861568501,0.61073579853185,0.398716175988369,0.581534676125998,-0.180981570492996,-0.0420090816619073,-0.178171058372211,-0.230629745689808,-0.224851778579929,-0.261130751704573,-0.063321485351095,-0.0272222863595786,0.0637552781369877,0.262500833055926,-0.151333141665868,-0.247801442642079,0.111873766587121,0.0706303340519846,-0.247886453560274,-0.303067034173539,-0.136223859437177,-0.218937169007688,0.221297195865013,0.231467270065943,0.104993968970265,0.114067954142382,-0.124721839150262,-0.101956298796735,-0.0739724823057998,-0.0501502889047792,-0.0888279887267988,-0.0709795821270932,-0.126936369193752,-0.147645720853275,-0.199098722396272,-0.18725879525489,-0.0303127854881494,-0.000707048196374585,-0.0954447930970989,0.0255263399855237,0.61099257928669,0.738947342716123,-0.0800199764393978,0.0471990778502299,-0.0236679925109358,0.11422597771541,0.280346176407019,0.236849897160735,-0.0189854063364219,-0.0578744320754731,-0.227092956863875,-0.21962265832336,0.390546724206741,0.374300629201161,-0.25389301656673,-0.167573221524945,0.0744921461215195,0.315732997297193,-0.0777588353334863,0.158504448950047,-0.0701023376007171,0.112315097337765,0.344484758990445,0.423218567263809,0.364591116767398,0.361165499122774,0.287958254700114,0.182542755023586,0.243571850502876,-0.0778684901711969,0.289049225521874,0.226493088783606,0.146198812351056,0.0186979858079511,-0.244544046538798,-0.343465953220556,-0.427271703776085,-0.350521810145429,-0.125357946770247,-0.22274422505838,0.00988672105233341,-0.0261679570436737,-0.110716614966774,-0.250550008912615,-0.265699651572108,-0.328727798109547,0.0823254573507784,-0.0287582780558044,-0.24669838180601,-0.101164936887675,0.0375847653636825,0.0844271540937368,-0.0894124198408327,0.00737062888223238,0.0106341218444034,-0.0791824143714591,-0.288444854032528,0.028201898814945,-0.233556274208779,-0.0767642934388861
"Frontal_Sup_L",0.123137618919899,-0.129561852350189,1,0.290252203813594,0.50457460165243,0.00415402764541909,0.652310712800618,0.0533284631617889,0.453107888952808,0.0656824143669254,0.241557747750728,-0.126391326899724,0.341002956476919,0.0488278274126641,0.471466881967819,0.125861654656052,-0.202273531947236,-0.0982250368012932,-0.0217210040707747,-0.191919066706512,0.0669624399185898,0.0940697002831261,0.715374550312115,0.585861452355566,0.4489043222854,0.29351871995348,0.295169079916067,0.0820157861082195,0.0159597341542183,-0.165169936679467,0.31402683955248,0.307190931857118,0.0546876452575776,-0.0865188835942895,0.349613337446631,0.180379319368504,-0.036425648489909,-0.119131926659559,-0.153341295106304,-0.236023186795223,0.244078659871797,0.0737370268622224,-0.111199058350121,-0.190341061558167,-0.147651432774409,-0.268641693306043,-0.234310444954761,-0.232018512476076,-0.151857947906541,-0.185177166041197,0.0192352723862155,-0.0326876785624555,-0.100001281462329,0.00917173915945202,-0.1172714804263,-0.111663824492401,-0.117423959997899,-0.160353719653278,-0.126162455825441,-0.270004547779217,0.0495580209159041,-0.0537824945862783,-0.0476901704441318,-0.194892022079179,0.553857390885409,0.298125139586557,-0.0197496443370781,-0.256459107319743,-0.210563548152125,-0.312626647861997,0.0969578175845219,0.0779602547517714,0.245819886535094,-0.0173852454415474,0.198197758745604,0.162926087228907,0.0139746542993641,-0.0508980064151557,-0.133257746502557,-0.00708182659568863,-0.142472172627164,-0.0229573628466683,0.184923048597284,-0.344585694295832,0.245190359724896,0.237951075082688,0.206495928775342,0.136101268654851,0.112803086031641,-0.123454087003185,-0.292166266057948,-0.0373980527069101,-0.162821577997985,0.25881191812038,-0.297406263544968,-0.413492121366408,-0.300938157934156,-0.208769115076078,-0.283143819037785,-0.106085757138093,-0.263790586714895,0.187545835420447,-0.269206822511562,-0.00266028592258519,-0.238078708306953,-0.143087447115741,-0.175292208678211,-0.201412860214076,-0.085265720717866,-0.23905597539533,-0.127986847952147,-0.367789099820554,-0.26219977259744,-0.212590184011935,-0.0322745188184897,-0.418546293681175
"Frontal_Sup_R",-0.074557122527427,-0.186150352380141,0.290252203813594,1,-0.0119130029583408,0.290521377085664,0.471782804303241,0.734557395454839,0.147558258095148,0.289725769406091,-0.0226263225622396,0.160490077921143,-0.049464847632411,0.285367661390569,-0.0445097439090883,0.250522444982138,-0.278539771349861,-0.259317595769269,-0.1081038872052,0.0745840124460313,-0.179441309319292,0.0324633688628693,0.341383924448421,0.620383004215143,0.177402707305982,0.221863651674679,-0.117461451485693,-0.0513877742109798,-0.17385238344287,-0.195978924479724,0.191446530863621,0.35146746377381,0.102518515950817,0.16995191093995,0.169709564854018,0.293634881503663,-0.340230287200198,-0.279024502834537,-0.379568897661024,-0.345015318097888,-0.0969489523955597,-0.106546481177585,0.0144291863297928,-0.080250625566962,0.0389168051895568,0.0311970745750718,-0.161786231092523,-0.121587050717829,-0.118933542196983,-0.0332729389774616,-0.112618915480402,0.00369242511799527,-0.2134109482396,-0.0669548587314786,-0.289229895173102,-0.2590679210738,-0.263581996842997,-0.230419855149772,-0.248550255118705,0.0163869777887999,0.00552234596295283,0.385913799525872,-0.163994508535026,0.0248761201427848,0.315836102622144,0.593752722221216,0.121345633486132,0.236738097194376,-0.25569464655191,-0.261298923291827,0.0124891819221181,0.132098483587433,0.0394140784964527,-0.108384042194507,0.0683930045967079,0.086069402062243,-0.0761759353437557,0.0512495970512931,-0.123245198723288,-0.159049962505709,-0.202151192434508,-0.0698475794638896,-0.0907878999515397,-0.170923685075209,-0.0980001034538303,0.380659749409118,-0.157566838616578,-0.107232066919249,-0.0798167739324894,0.0891331126410319,0.00219837565119779,-0.0705315865169135,0.233325269131592,0.0896720953219373,-0.286220441353246,-0.306555004478962,-0.234169546169535,-0.27436590132913,-0.244183927426684,-0.252321940370306,0.074431264294833,0.107630457678158,-0.224562553579537,-0.0948111673493142,-0.157352443439133,-0.0864000186108419,-0.175139201605737,-0.116422621132416,-0.0597740334509379,-0.117414857403244,-0.014313024118299,-0.245680198943335,-0.0789186992093127,-0.30633562857267,-0.109355064075986,-0.344068324524756
"Frontal_Sup_Orb_L",0.00882624131807467,-0.148685028942909,0.50457460165243,-0.0119130029583408,1,0.237502392337799,0.279007027647027,-0.0852498564790548,0.57804216381146,0.0321061574438909,0.050654218689283,-0.0752134770483909,0.214471473878936,-0.081593406995914,0.319442977315272,-0.0597512784388865,-0.0017506662764315,-0.0302277264392942,-0.0409133921062002,-0.12550486841758,0.405608282959641,0.176962643142358,0.320237176383035,0.165863363974202,0.684840207458215,0.534580465463484,0.831356928965851,0.473316255722317,-0.0301310725929345,-0.154790614236143,0.218172836894231,0.13117357279791,0.0512569543173752,0.0366779836937629,0.382264816265316,0.300247919853893,0.0836949311332704,-0.0299491605803973,0.070307289791359,-0.0574934408075128,0.0883293026367497,-0.0164259228901845,-0.273510395246753,-0.314696072326117,-0.282748862901586,-0.368903457080289,-0.301485803642474,-0.368483656786812,-0.250892890611504,-0.22010487744441,0.00669841841782087,-0.0757598283015088,0.0578686112187222,0.165661688402649,0.102662255538583,-0.0808627070019139,-0.0519865674196855,-0.0489478788695953,0.0678255852249933,-0.0383831708593549,0.100261156367695,0.0208255425358769,-0.0296057891464595,-0.100864639325427,0.404489484871844,0.161394948745568,0.10182404692093,-0.063509819812034,0.0740257974816492,-0.0850087726242535,-0.0387774606804069,-0.0468902310279102,0.0778669530873814,-0.0218444759694746,-0.0307842625212598,0.0199023039508091,-0.0646436730146614,-0.126546175761169,0.00630544277293503,0.0323080501613412,-0.0164502591409169,-0.124601461636491,-0.0555440874897956,-0.277832682603297,0.257324751954462,-0.0292705873615914,0.182690896743084,0.0875254818009206,0.212180262703999,-0.094366540561388,-0.258681812385964,0.00432473823661279,-0.0050274889368403,0.260783533218398,0.0476526773503163,-0.0888380285169054,-0.0683158035901384,-0.0391000152376208,-0.104552806305487,-0.150142804505026,0.0264568744090664,0.226283171477446,0.00442904505186537,0.128685271293367,0.0233910769785853,0.0794434600044862,-0.131169252836573,-0.0249361024218399,0.0347766886285366,-0.16841523007714,-0.017626161226015,-0.297673197138012,-0.181771597894471,-0.0955274516232484,0.100689713281172,-0.15503352885076
"Frontal_Sup_Orb_R",-0.0153792826021266,-0.209199362273004,0.00415402764541909,0.290521377085664,0.237502392337799,1,0.236858495787116,0.502723142084924,0.424672585703091,0.676907282947473,0.152315878131815,0.311308770146581,0.176711314872706,0.315071172852053,0.178130595388081,0.231025921961399,-0.0432292751798916,-0.152313644250941,-0.182455058304778,-0.131625821742292,-0.0264299070479797,0.0625790126911822,-0.0416261755036049,0.0714936708657994,0.0444889949716316,0.392126306500045,0.164032982830409,0.541536740883143,0.0279816844503389,0.0915478930497712,-0.00906010666529938,0.289660938809822,-0.150252662364205,0.0319894091388633,-0.020512523141732,0.0449858555063606,-0.230549902417169,-0.17780048344983,-0.166751129168495,-0.0771089203714125,-0.242922183698602,-0.153368666489201,-0.196682836956942,-0.189118700083995,-0.238239694598358,-0.166996791092868,-0.302969566082534,-0.323084247529473,-0.141369215461896,-0.0198338360461815,0.0544856846366987,0.0776789304025022,0.0582947251665804,0.118178818267801,-0.0765648196338375,-0.01072625465134,-0.106584528145757,-0.004996240946915,0.0525469397399921,0.211629636403211,0.282955956394105,0.534071749028772,-0.0920457345865931,0.115599981438107,0.183511411371217,0.32680620837472,-0.171699255910668,-0.000780942817048897,-0.0495652852109825,-0.129178916671655,-0.0625829955736028,-0.0625784970177386,-0.0478764454350941,-0.0727405549549764,-0.177425750714237,-0.16189318176755,-0.248362094059742,-0.169709098818509,-0.0849640179844898,-0.16767974325153,-0.203952172876033,-0.169941256125936,-0.249846973323746,-0.212339629222366,-0.209937355854116,0.000682264273645081,-0.201119784459433,-0.225555852807421,0.0805570973917315,0.188882849853411,-0.065728783533723,0.0593501456481067,0.198627011550019,0.0786264578881161,-0.0669937426658112,0.0120444131329384,-0.293022711719645,-0.125314670645087,-0.197901136515709,-0.151741285483709,0.192431389267381,0.121730508622276,-0.0328085735672865,0.028861197886716,-0.0334518047142332,0.0648106141706959,-0.0701630049189051,-0.0122161242678446,0.0742168047438341,-0.272195042757338,-0.221608206625131,-0.423057442070899,-0.0647478127611496,-0.0303282745059789,0.090493018661535,-0.0742553214053434
"Frontal_Mid_L",-0.0147003820987798,-0.246924938682057,0.652310712800618,0.471782804303241,0.279007027647027,0.236858495787116,1,0.434372013811177,0.508388323998636,0.125071428414632,0.256516597904698,-0.0165871555587528,0.439049068331638,0.135462523305986,0.224430110315505,-0.0211677398072447,-0.111189719593643,-0.101057090404418,-0.121751338917118,-0.225418773143785,-0.0591909223577705,0.112022960133358,0.495448346333788,0.406320192626644,0.284144804534866,0.281080720117161,0.0781122283449014,0.107483920374269,0.148566745486266,-0.0623555418773255,0.416234082427359,0.475567010893998,0.124373036617796,0.0917355617004127,0.226211251365376,0.105168619182399,-0.196556321564881,-0.234682951786628,-0.277006775779719,-0.392753430194723,0.0989051899989586,-0.0798903705011062,-0.1485100242755,-0.197747801860082,-0.14858704238683,-0.251518306316727,-0.210413264202105,-0.211278657762898,-0.192982792243742,-0.227401577917578,-0.0854548150652749,-0.0810395498641248,-0.147076328715851,-0.0432536617826235,-0.24337839349107,-0.223097544663462,-0.203728421502876,-0.229288800681337,-0.0998487183843773,-0.197873165297196,0.305805917720628,0.147819236714714,0.0219572356632451,0.0043280729272092,0.354925184549821,0.286270468682232,-0.0385517779102889,-0.158061976805109,-0.379495704160261,-0.420707280182667,0.106058960075706,0.211597054373529,0.175632502913477,-0.00301020602153786,0.14591644345121,0.184949713437483,-0.0497501177978142,-0.0919566997198558,-0.177749492605194,-0.149496038841889,-0.15825598506167,-0.103777466413771,0.0159616222283821,-0.276728225936603,0.0218925436417008,0.103955686819926,-0.0912815561989849,-0.162520931104323,-0.0193608220972087,-0.102155142708615,-0.128663599921015,0.00252424542938327,0.0136155474798086,0.221608396673082,-0.282785304106547,-0.324223157143614,-0.35137543820616,-0.30570963792851,-0.189445788018513,-0.125506412259693,-0.13649082342336,0.14131585803505,-0.255910549340512,-0.0827868555395777,-0.154745488779487,-0.212855421734138,-0.203514960833132,-0.291191510995551,-0.0793538496608686,-0.293465524815106,-0.256229715352629,-0.294693707272313,-0.0866126389210681,-0.171785982680894,-0.0142528918219185,-0.258628121978998
"Frontal_Mid_R",0.0190308408222343,-0.162177749910533,0.0533284631617889,0.734557395454839,-0.0852498564790548,0.502723142084924,0.434372013811177,1,0.194125239770547,0.508838998624757,0.203363496350412,0.550225858028974,0.154466775469111,0.61393495378758,-0.0395213916591421,0.312785868076671,-0.0525540481705142,-0.106572365658837,0.0355365507394106,0.0682166214389231,-0.23619838554808,0.0202594273549282,0.158106683069851,0.32391255968377,-0.045198488449944,0.088646789236688,-0.117264643136578,0.0800450992379654,0.0131551376456477,0.108864303494375,0.122395872219914,0.303988362843857,0.0528249653180316,0.183409408358036,-0.0703369295037243,0.0212041894046893,-0.340416177261384,-0.279062595937002,-0.294511493208186,-0.170143509051538,-0.101066045039919,-0.0721643224256625,-0.0394967834308212,-0.0943414468954614,-0.0837518973113553,-0.0290868162535812,-0.145830167157083,-0.0942009407800097,-0.134697240349015,-0.00768963909069315,-0.107838654724355,0.0419201026764759,-0.118240091693438,-0.0113851993023311,-0.192132316265953,-0.0652992492632438,-0.192866484928961,-0.115757274329409,-0.20596083313648,0.129241220488198,0.208440061176772,0.597119673656094,0.0179852035564362,0.308560750074217,0.0951236745060414,0.423691617299894,-0.112584950789093,0.0547516275634879,-0.302786251395733,-0.36074626091378,-0.0989537174981403,0.0730975987909099,0.0305660273690901,0.0170321052209553,-0.0187024842924204,0.0799303274769951,-0.128801768087065,0.00707298016730789,-0.0247860974062998,-0.102113616604228,-0.116720932804205,-0.0427941844653154,-0.103744671538043,-0.097889734722045,-0.207398499465721,0.258550607163235,-0.120937236111555,-0.239350161179995,-0.0684301986474255,0.192201356728332,0.00888607285265298,-0.162151515130167,0.221654250237159,-0.0397870812139478,-0.244361272330749,-0.202379027731978,-0.303499836891695,-0.202889725323085,-0.117831623080768,-0.134726549150508,0.112578644342439,-0.0203649715882129,-0.175579120523604,-0.150118279453722,-0.196398742573506,-0.16533148687142,-0.233920316269847,-0.208666744358204,0.00657205011816711,-0.18520049685683,-0.173138602194491,-0.181184532906723,0.00663280753106705,-0.205463038862357,-0.0742911580714854,-0.17753151196539
"Frontal_Mid_Orb_L",0.0496578924093837,-0.223773038177174,0.453107888952808,0.147558258095148,0.57804216381146,0.424672585703091,0.508388323998636,0.194125239770547,1,0.216225036896577,0.292659394532938,0.0832828047665618,0.405171084267082,0.072106775425961,0.308929693156351,0.00519295626367557,-0.00904891207188482,-0.0765443746080945,-0.110381015079179,-0.0802767580712484,0.052887181840783,0.000146369876610372,0.1763963773813,0.11256616135074,0.221331143513447,0.470497074071114,0.366235307021161,0.446443472695188,0.061198423773732,-0.0565727592175262,0.076324500860514,0.230143819432806,-0.165558017094967,-0.0669764790080919,0.0631061344152056,0.0670995052539305,-0.188961670761925,-0.0960068941697826,-0.250484626083107,-0.261970939315361,-0.0865194861255426,-0.071227829101427,-0.311277422084511,-0.193283156234708,-0.299991120931968,-0.28383920099517,-0.283620565735417,-0.266273031818252,-0.184336117143499,-0.117157602948702,0.00914535533304286,-0.0206043237252065,0.0140664223306097,0.222959865304632,-0.0369501526803775,0.00671897358771899,-0.170600469625965,-0.0911217221308703,0.0905520237623612,0.00115375550190402,0.310399952952666,0.136052052963565,-0.00901676940618471,-0.00880307800716461,0.28224360108408,0.0853080420441909,-0.0901872132962719,-0.114226923684067,-0.100031218146698,-0.19230834236864,-0.128784552410413,-0.0862034608314209,-0.0606841492682423,-0.155590155163504,-0.146143793238854,-0.0905966827159426,-0.271717017356395,-0.246446646658821,-0.0508207861722489,-0.119335114028567,-0.0818670880170689,-0.0926992802682438,-0.14616765517612,-0.30694072488878,0.0260974392619941,-0.0458899067456183,-0.116797614223562,-0.15256729253124,0.0767584454740601,-0.0454608323879905,-0.260857018756181,0.102267603996959,-0.0176335633749762,0.240771354606352,0.0127689624118887,-0.15710952226623,-0.232072096103491,0.0148571394479931,-0.132389481408489,-0.102671391738182,0.0226213706580335,0.322466312510275,0.0285874039704151,0.132132734303808,-0.0390353634367346,0.0270191954552415,-0.0858265919629221,-0.0561511820120393,0.147070811294445,-0.163411689268666,-0.131769198508978,-0.354321981443888,-0.0270378592171053,-0.0502068160417665,0.134956248552429,-0.013893580729984
"Frontal_Mid_Orb_R",0.0635982990688686,-0.0362473463883499,0.0656824143669254,0.289725769406091,0.0321061574438909,0.676907282947473,0.125071428414632,0.508838998624757,0.216225036896577,1,0.223120469104409,0.426597469495929,0.126107398876727,0.419958276823359,0.230951338807078,0.447320974136915,0.0481873296572226,-0.101717940257841,-0.148640539679313,-0.107841144337115,-0.307933773179588,0.0644841133264679,0.0813785868395377,0.204651876932149,-0.131414922328209,0.158667132066052,-0.0323485667131602,0.233676490723631,0.0905785176832793,0.131956275482822,-0.133931361706937,0.146680790442972,-0.196356394439673,-0.135735268665522,-0.0779921557002932,-0.0673880845588931,-0.194366961545789,-0.209992393766007,-0.209529919740847,0.0445902287672368,-0.0884143983554694,-0.0654472159158945,-0.137686854695867,-0.141666051599405,-0.203248249355037,-0.117087189601256,-0.221462635983678,-0.152838535790309,-0.0748762755345889,0.00523598385581496,0.0892732021219705,0.0854772011141757,0.112494316997356,0.146324609308327,-0.0108704273441688,0.145300394387117,0.0377688530642282,0.0951545968750479,0.00236931493042486,0.142216736525777,0.278888818758028,0.527970534253245,-0.0163790722301406,0.0754998784035994,0.196297928159981,0.371161598201785,-0.18336569177944,-0.122079370269494,-0.101219012968754,-0.108177383006824,-0.149191864135062,-0.0980205291895416,0.0805217156656235,0.0729086835032452,0.00725495395061094,0.0287120185753378,-0.226045078172806,-0.103533630455012,0.0882733960469291,-0.102844669204634,-0.0742865334901362,-0.0775957990154814,-0.111382519957043,-0.186501280629055,-0.064823288061336,0.106839493427845,0.0229627256312803,-0.0841620690679753,0.0691648973979298,0.291134369253043,-0.0645680227017072,0.0351707139304441,0.190434223168127,0.0484463313441817,-0.0377141415687683,-0.088083702756825,-0.170212065245404,0.0251075590863885,-0.0696750017675582,-0.0420828183201304,0.129304235078456,0.0466611779340017,-0.038605999330488,0.0654258611501441,-0.0510418296343415,0.113940760475579,-0.128164477244255,0.0361991108491131,0.131606560091671,-0.0871312181333645,-0.0429946656522389,-0.266598229105758,0.0249084478031757,0.0509371793438301,0.150790064259321,-0.175093821056775
"Frontal_Inf_Oper_L",0.469391298311935,0.0682472902946156,0.241557747750728,-0.0226263225622396,0.050654218689283,0.152315878131815,0.256516597904698,0.203363496350412,0.292659394532938,0.223120469104409,1,0.487597212062563,0.70848554517302,0.432816668371095,0.354279872556803,0.20951731733284,0.157147932244124,0.0313828012167375,0.144232458630072,-0.0545817388574959,-0.269750085220192,-0.109809689909845,0.221055243038935,0.0175240895290295,-0.142365984156981,-0.138179985410988,0.0115110978792266,0.0999478530437395,0.243323745691733,0.160753986093919,-0.040998998139835,0.0491062471187703,-0.187434350300812,-0.252384360170447,-0.199075593562956,-0.297771183170599,0.019973303547907,-0.136292163581406,-0.0208704505916401,0.0984811069303377,0.174568150596219,0.246305143765887,0.0163484283490597,-0.0745239212500075,-0.139777509130525,-0.207070388869537,0.00919313977935801,0.0239443460745054,-0.00460762679880988,-0.00790554326586554,0.0931315837775798,0.00438284879010875,0.170455125453602,0.138979424669646,0.162898627278117,0.188499702560418,-0.0359109893530162,0.051483037981538,0.0984152481033039,-0.0790246471723714,0.339418437180095,0.124376632449707,0.154436222943637,0.066637250484996,0.0741706802606917,-0.0392377400440423,-0.368072406164895,-0.460966556871525,-0.187999379389547,-0.229879078826221,-0.149261097434729,0.00249991207372411,0.316084564965437,0.209307440800329,0.198344683714892,0.259928202246888,0.0329803042112199,-0.0567577690226826,-0.0637885191329831,-0.000390466279967961,0.0397099216607944,0.0770791951596195,0.337132095365294,0.00819719109480044,0.164379303096979,-0.0151928374279822,0.16223938685382,0.0475859086197468,0.279274973696748,0.145093945600908,0.000532834889743857,0.065220950863621,-0.0786231978588648,0.094253893127714,-0.220369699053491,-0.222474463164108,-0.0324005370272125,-0.0106098717790642,0.00137693480194946,0.141985646612292,-0.118886765860844,0.165796906092413,-0.0502111150894048,0.0645737526562832,-0.302001691208993,-0.23980327547325,-0.0736355822369171,-0.188535604116528,-0.140972274519875,-0.159189235942939,-0.0232884237855464,-0.169937380940425,0.00616098588722071,0.00857583011263252,-0.041885290946018,-0.223626547448643
"Frontal_Inf_Oper_R",0.333054066800534,0.173101168157838,-0.126391326899724,0.160490077921143,-0.0752134770483909,0.311308770146581,-0.0165871555587528,0.550225858028974,0.0832828047665618,0.426597469495929,0.487597212062563,1,0.228822851682023,0.720830771418391,-0.00963837824004056,0.44153512141974,0.161702330865652,0.14020196692943,0.153203409904556,0.194576896202461,-0.34323846592209,-0.0930277330569292,-0.00218034035807487,0.0359529445576105,-0.255996932707037,-0.245476815447459,-0.074701101992852,0.0317609144428053,0.120405403304245,0.359755599993199,-0.106266072690818,-0.0506982776455595,-0.0831269183519689,-0.00707331877114584,-0.350551241919005,-0.297301451366788,-0.140387772443334,-0.170532355107194,-0.126995169221779,0.120099272062048,0.0512595648323106,0.195376820673312,-0.144224022515223,-0.163776383660465,-0.247316821563697,-0.145394215417363,-0.167179138586392,-0.112751243328806,-0.151653921827431,-0.0197213802651518,-0.0243030881828796,0.0547080182745279,0.0876073411929713,0.10922760960859,-0.039354649406948,0.166056824270186,0.0414528025148433,0.308887477664952,0.0273720421951794,0.249872734985404,0.26338879880179,0.532172546562428,0.26832924483405,0.559675870007913,-0.124524877809915,0.0428868908053393,-0.320544436581432,-0.213500136403613,-0.15759017521532,-0.156998017936117,-0.271322067113447,-0.0988236153331936,0.147747741672013,0.249851373241753,0.0203476845993774,0.157004739423834,-0.147667246987534,0.035370522982599,0.0544507265489666,0.0603889673905586,0.126631612798171,0.12707645337409,0.0897434010788673,0.094300827486846,0.0146837475338898,0.16166272280984,0.0977409039645781,-0.0828355859171244,0.108784184996641,0.350141076938099,0.0462939677339828,-0.194146828827512,0.092718636124556,-0.172907337593648,-0.199860287460776,-0.119442070075298,-0.165888064816035,-0.0589666925375956,-0.00318196162435032,-0.0166542855426867,0.0956024400347917,-0.0649191451463303,-0.00189935448955162,-0.0688958236504155,-0.222795321827005,-0.171359472390613,-0.165979514491375,-0.0752765591441259,-0.0425933193437572,-0.177125520066279,-0.128503027640647,-0.185829020339989,-0.104169770272614,-0.0439544438947395,-0.105087926093944,-0.113040072140925
"Frontal_Inf_Tri_L",0.289131536459493,-0.0511495004960156,0.341002956476919,-0.049464847632411,0.214471473878936,0.176711314872706,0.439049068331638,0.154466775469111,0.405171084267082,0.126107398876727,0.70848554517302,0.228822851682023,1,0.299106775256176,0.525385482938526,0.0722733034204749,0.0380314395368966,0.0192688165832027,0.136597536067182,-0.068840513488114,-0.107114101823996,-0.0344177145426256,0.289703210611314,0.034662003611912,0.0892402234994943,0.0245625317702141,0.133444262051759,0.141950296720826,0.339705770086581,0.130406399596943,0.176992377335288,0.141203354893046,-0.0254479402878134,-0.0773862848446026,-0.032386672111011,-0.205744985917883,-0.0683231305225454,-0.0744448397832824,-0.0883773990341653,-0.0954711147916861,0.209786146031601,0.164792519912648,-0.190073026712196,-0.172178036702742,-0.229961208421501,-0.330891305350196,-0.173218586241105,-0.136703394835944,-0.0871367545924461,-0.12184586807926,0.0167911582377311,-0.0323872541571429,0.0165796836427326,0.0986581212067588,-0.0567717947947035,-0.0481632003057592,-0.0937942021811665,-0.0829093662085432,0.0509759020484726,-0.176040690388253,0.409428071434469,0.0764966377727688,0.152603763939397,0.0898855276625395,0.180102318235956,0.00137773322440444,-0.338803408656611,-0.443704409274443,-0.235783187277452,-0.287298911706336,-0.0395721189641577,0.0846548437382958,0.317077503353088,0.220795797507443,0.138310102713375,0.271020223511404,0.0173473928274848,-0.106531455107359,-0.0743645960173949,-0.0183589832984694,-0.0312595415585043,0.0334059625898421,0.286242821261702,-0.0203978407583492,0.107993679033621,-0.0638824934858812,0.0812931673474227,-0.0801900661414424,0.258133794921241,-0.083300129280879,-0.123914915090373,0.0681872596935501,-0.0795886493182419,0.163589848736738,-0.213504667295796,-0.191646628066946,-0.170606599260654,-0.152604520021182,-0.0695688695476159,0.0328712567726365,-0.177110308135039,0.192781506140509,-0.0893689346784518,0.108681637453879,-0.232563687658125,-0.171674396556079,-0.0293453767056987,-0.238644420075148,-0.0299596658880708,-0.191803899508875,-0.208080802900063,-0.216265639807679,-0.0392489562168334,-0.0616007665417694,-0.0306327357725514,-0.127734742434007
"Frontal_Inf_Tri_R",0.129774130247612,-0.0330312534783679,0.0488278274126641,0.285367661390569,-0.081593406995914,0.315071172852053,0.135462523305986,0.61393495378758,0.072106775425961,0.419958276823359,0.432816668371095,0.720830771418391,0.299106775256176,1,0.132338497052286,0.599404114955222,-0.0477261890815572,-0.0850607630206562,0.0431174238098511,0.0273558318519548,-0.275744870404349,-0.12934225660744,0.220994609226233,0.299495857673354,-0.137195435371904,-0.193558871512502,-0.0686841548270868,-0.0114440884205742,0.0421912930052966,0.222751491013035,0.024810808117881,0.117676457180412,-0.0905044937262925,-0.039309561801772,-0.191032476752532,-0.135788960409114,-0.164581091276309,-0.102377827273904,-0.147957041008247,0.0814932610630043,0.0312176604598486,0.10973302789949,0.0135446186617106,-0.0969958858777583,-0.138861403365644,-0.121727886067187,-0.0745506643605761,-0.0284563053239373,-0.0752209337131922,-0.0112924641714688,0.0486894893045959,0.0748951761834231,0.00801167689860299,0.0738310305774411,-0.0271032440689141,0.177161567302532,-0.0760775064506829,-0.0617888802532834,-0.0433199666214808,0.045860077326675,0.0847213167833822,0.391812018343266,0.105233332269979,0.351474860728705,0.0327067052980809,0.235569537110877,-0.181229805797243,-0.155914802314725,-0.306700059796587,-0.32369549028095,-0.180984037655235,-0.0316270392557467,0.083428261752857,0.078408561106452,-0.00873686002508441,0.124959854697254,-0.13047368053161,-0.00605137682227981,-0.072513351229993,-0.084050421647693,-0.0593615338449279,0.0925949240224245,0.155578807428903,0.0483973754106373,0.0290265275764192,0.349121218603775,0.14250755451519,0.0437484362259805,0.125142490540423,0.289278996363542,0.0609052246586356,-0.149806545373016,0.196983101132374,-0.116742762822061,-0.334751772442752,-0.205916072023291,-0.27648381351956,-0.100826031190208,-0.0757671106422747,-0.00560122204088944,0.0139305661022029,-0.14781272876386,-0.164818464176072,-0.208133719162408,-0.278410943840241,-0.215675640577373,-0.233969181005079,-0.173557992274604,-0.0517087770800906,-0.297199742788089,-0.21811757957536,-0.153358668994709,-0.0866281240942598,-0.100552162311094,-0.100265343613383,-0.161637087394172
"Frontal_Inf_Orb_L",0.128852704530633,0.0540944975505725,0.471466881967819,-0.0445097439090883,0.319442977315272,0.178130595388081,0.224430110315505,-0.0395213916591421,0.308929693156351,0.230951338807078,0.354279872556803,-0.00963837824004056,0.525385482938526,0.132338497052286,1,0.353568255306794,-0.0463138090740332,-0.00403411123551538,0.170445419758919,-0.0594107846899384,0.0200296781381732,0.108016469193761,0.419709531006843,0.190745047836513,0.13960407892843,0.115220311150534,0.171537182710793,0.0919377971518045,0.306056573763641,0.0631032006961405,0.224539889796318,0.23538345733065,-0.0442128666591978,-0.169469879913325,0.154897795717766,0.00361591801516179,0.0473861590940794,0.00478709328188069,0.0728871956485001,0.00937039759791639,0.249589858497467,0.151311307693969,-0.288012198046503,-0.330008369759306,-0.296647354799952,-0.39646614120454,-0.325131448200562,-0.293549871916106,-0.257169407349111,-0.207769415861315,-0.120499802023872,-0.164370759749132,-0.0958776060339289,0.0159227137633183,-0.0946861315824657,-0.0762116774713227,-0.000992854777134816,-0.0470879277872947,-0.139412164378516,-0.290524451170431,0.140902333654365,0.0203035667753517,0.0207553310954378,-0.0932114694026602,0.421917368703315,0.111254255413275,-0.31044905383227,-0.432426207942455,-0.154364071975417,-0.254948915682448,0.154808533188053,0.121776726341714,0.288383031425123,0.128445665185035,0.219865031024001,0.245269895088529,0.067301280009417,-0.0495402329831019,-0.0376992935515494,0.084528766003641,-0.0522741314298969,0.101307989448571,0.516812646405309,0.0605803957241646,0.340934308901436,0.194803287689065,0.355600970813782,0.250084133171089,0.261256132967389,-0.0919258108203405,-0.344585363361404,0.00833685431087798,-0.0841119138243217,0.274132320535652,-0.194780115369738,-0.292782906159428,-0.20947254891187,-0.213800722398693,-0.230557696578863,-0.170127137356262,-0.168057500989104,0.205588769594076,-0.152646752276998,0.173144662857991,-0.241362206457265,-0.0380183141760171,-0.0606066630026003,-0.0935118506688415,0.0715785987150881,-0.0761908030694601,-0.196385218193078,-0.32844801846171,-0.282023131406742,-0.0451572426476496,0.0225969361582957,-0.284381195780084
"Frontal_Inf_Orb_R",0.0228827377332159,0.0809894167665587,0.125861654656052,0.250522444982138,-0.0597512784388865,0.231025921961399,-0.0211677398072447,0.312785868076671,0.00519295626367557,0.447320974136915,0.20951731733284,0.44153512141974,0.0722733034204749,0.599404114955222,0.353568255306794,1,0.0488996031238676,0.0195380604610475,0.166299115115823,0.19406886295763,-0.145025942506117,0.0792764703657755,0.36657937766518,0.416774805538992,-0.0563619188751503,-0.134683876011307,-0.0443640173407898,-0.0626808314959012,0.194585724865561,0.34227642893101,0.0796540406000003,0.211075013902738,-0.0777343492391972,-0.0848181614748982,-0.176619888268354,-0.134871443880484,-0.150191600515232,-0.0369760730784968,-0.253931731201906,0.0578978825167207,0.101349957424235,0.143287565239788,-0.0885490604607526,-0.223200908582487,-0.169669961205622,-0.217220603688176,-0.211087680913372,-0.151966792919843,-0.196257562984427,-0.185623719419089,-0.0803148384905103,-0.0779423339569911,-0.0740527181917037,0.0192773997914783,-0.141815220477293,0.0193032130001863,-0.00410673797031688,0.0496096600587542,-0.202472319498211,-0.122947403301036,-0.0903850493242776,0.23055726751602,0.194185842645494,0.305012573051528,0.096769357717107,0.219996965567876,-0.232299119342251,-0.23408406379454,-0.175834210389392,-0.124892214309552,-0.0632489343329352,0.0913690890199929,0.217012460674059,0.220849356296797,0.166851818026159,0.231380617320298,-0.103930975206074,0.0891356895047277,0.15522997609952,0.111974695934066,0.170714181458104,0.306139983103566,0.379888867679365,0.209065812007011,0.230403140517051,0.513603149498928,0.232537483110374,0.285555934238678,0.0576261859975873,0.148135522382087,-0.102676945698803,-0.156734692270237,0.155653194944011,-0.0497647984447273,-0.303850571107837,-0.283354371949281,-0.19133942759316,-0.0868326947828084,-0.139343819545879,-0.126326918049048,0.0147631193098785,-0.0799110719533335,-0.0571035828366225,-0.0163295307375498,-0.311664897213974,-0.0628528782349687,-0.220967684521106,-0.00967413486170987,-0.0155190103198504,-0.122929620876982,-0.0967327166144887,-0.262382053023525,-0.074789481418941,-0.0158059908941842,-0.0185546667253124,-0.31035820106181
"Rolandic_Oper_L",0.199380648910518,0.409217861568501,-0.202273531947236,-0.278539771349861,-0.0017506662764315,-0.0432292751798916,-0.111189719593643,-0.0525540481705142,-0.00904891207188482,0.0481873296572226,0.157147932244124,0.161702330865652,0.0380314395368966,-0.0477261890815572,-0.0463138090740332,0.0488996031238676,1,0.676686382579461,0.239458717177011,0.272666003484505,0.0163162737407687,0.060615546818005,-0.180482750303533,-0.312152665980552,-0.124283049049223,-0.142332204042228,0.166217664464012,0.128439911483617,0.578461716667809,0.651219769321661,0.054115211332939,-0.0617617270411141,0.232791181564575,0.146063663621549,-0.310483451380013,-0.310143868743977,0.0152368686920723,-0.0872766608723059,0.118653835697352,0.321169841022165,0.282968539239143,0.210868625558595,-0.184902739859614,-0.102157746406342,-0.252658220525201,-0.226503167902914,-0.0122826915528696,0.0248396371129914,-0.289482653050095,-0.356876040409933,-0.229374556013719,-0.251958783750433,0.108357764337225,0.0544224474316419,0.116894183496139,0.104825444788761,0.531036903526809,0.340629931687748,-0.286980441532543,-0.145944228535844,-0.0323377060489589,0.0197297920664053,0.397642552934133,0.246991727232501,-0.137768418136665,-0.132306783387586,-0.258745629638359,-0.27742404023137,0.389528505986633,0.318408706779774,-0.251804949903142,-0.102286532572364,0.244322423022072,0.469884657651912,0.132274705142909,0.195569855563024,-0.0263865231796396,0.0594191498387041,0.746542706831868,0.552060241982099,0.720688977653961,0.428773417414325,0.237812026347344,0.284636265509312,0.214737457856588,-0.0443314204770348,0.1080454920418,0.0139868881163255,0.0835945114248066,-0.0732992333038778,-0.184184724177536,-0.29374558119432,-0.304009362574579,-0.31428285470496,0.0210120657418485,0.0998695441959664,0.182026702858937,0.280590508944329,0.146483383613392,-0.0456559265930374,-0.181179362742743,-0.335270292728186,0.0667027765691476,-0.0548364156737958,-0.174371229021603,-0.0719158043676463,-0.0221780301561728,0.0681377182526776,0.0290127031429413,0.153895539686242,0.126230604803765,0.0518503920785434,-0.136854041707152,0.154874363669434,0.022784320934159,0.0678297436556513
