"","Precentral_L","Precentral_R","Frontal_Sup_L","Frontal_Sup_R","Frontal_Sup_Orb_L","Frontal_Sup_Orb_R","Frontal_Mid_L","Frontal_Mid_R","Frontal_Mid_Orb_L","Frontal_Mid_Orb_R","Frontal_Inf_Oper_L","Frontal_Inf_Oper_R","Frontal_Inf_Tri_L","Frontal_Inf_Tri_R","Frontal_Inf_Orb_L","Frontal_Inf_Orb_R","Rolandic_Oper_L","Rolandic_Oper_R","Supp_Motor_Area_L","Supp_Motor_Area_R","Olfactory_L","Olfactory_R","Frontal_Sup_Medial_L","Frontal_Sup_Medial_R","Frontal_Med_Orb_L","Frontal_Med_Orb_R","Rectus_L","Rectus_R","Insula_L","Insula_R","Cingulum_Ant_L","Cingulum_Ant_R","Cingulum_Mid_L","Cingulum_Mid_R","Cingulum_Post_L","Cingulum_Post_R","Hippocampus_L","Hippocampus_R","ParaHippocampal_L","ParaHippocampal_R","Amygdala_L","Amygdala_R","Calcarine_L","Calcarine_R","Cuneus_L","Cuneus_R","Lingual_L","Lingual_R","Occipital_Sup_L","Occipital_Sup_R","Occipital_Mid_L","Occipital_Mid_R","Occipital_Inf_L","Occipital_Inf_R","Fusiform_L","Fusiform_R","Postcentral_L","Postcentral_R","Parietal_Sup_L","Parietal_Sup_R","Parietal_Inf_L","Parietal_Inf_R","SupraMarginal_L","SupraMarginal_R","Angular_L","Angular_R","Precuneus_L","Precuneus_R","Paracentral_Lobule_L","Paracentral_Lobule_R","Caudate_L","Caudate_R","Putamen_L","Putamen_R","Pallidum_L","Pallidum_R","Thalamus_L","Thalamus_R","Heschl_L","Heschl_R","Temporal_Sup_L","Temporal_Sup_R","Temporal_Pole_Sup_L","Temporal_Pole_Sup_R","Temporal_Mid_L","Temporal_Mid_R","Temporal_Pole_Mid_L","Temporal_Pole_Mid_R","Temporal_Inf_L","Temporal_Inf_R","Cerebelum_Crus1_L","Cerebelum_Crus1_R","Cerebelum_Crus2_L","Cerebelum_Crus2_R","Cerebelum_3_L","Cerebelum_3_R","Cerebelum_4_5_L","Cerebelum_4_5_R","Cerebelum_6_L","Cerebelum_6_R","Cerebelum_7b_L","Cerebelum_7b_R","Cerebelum_8_L","Cerebelum_8_R","Cerebelum_9_L","Cerebelum_9_R","Cerebelum_10_L","Cerebelum_10_R","Vermis_1_2","Vermis_3","Vermis_4_5","Vermis_6","Vermis_7","Vermis_8","Vermis_9","Vermis_10"
"Precentral_L",1,0.482858470137461,0.106757198911091,0.0864836918402413,-0.218929359572652,0.0116719845088117,0.271648775182312,0.111875042487746,-0.0464508585941633,-0.0851371349036638,0.694114404405739,0.482276977177139,0.432812518750683,0.383886271000769,0.161246792460512,0.0203333899492396,0.280967791004652,0.233081854327237,0.530657330763822,0.419769268937218,-0.120202548656331,-0.13044928772875,-0.144732253234208,-0.163606747571906,-0.268507746722175,-0.15415508613088,-0.16035735427943,-0.0921044740531043,0.316573371373316,0.287375709085624,-0.214445237207957,-0.30539528208732,0.140848705587046,0.113371836776303,-0.406564804645933,-0.477150289025139,-0.258188969505127,-0.399293411094329,-0.321091885335299,-0.337004275097638,0.100722695935877,0.171342927576494,-0.153825224910119,-0.0907276837855941,-0.233847347099989,-0.169971118090797,-0.111445869865454,-0.0801483180878336,-0.0760403697582515,0.0268302848422027,0.0530442910850163,-0.0102172588054117,0.142777782196218,-0.0396034202463413,-0.133638615022505,-0.0425490038107486,0.444480113223688,0.286134527739071,0.181401569346384,0.170801955861085,0.470841060275304,0.141061444529297,0.338204969219445,0.191649356962255,-0.112586651004403,-0.0320354183553377,-0.16254205392372,-0.168103563788841,0.161414855385066,0.0898451388738441,-0.137550508294469,-0.0715225576388402,0.365607696526031,0.347222959718843,0.241862466046487,0.39276038920969,-0.12186876176942,-0.0575379275170509,0.11699876659232,0.198385641239374,0.310926133803844,0.235518163511572,0.137732879963497,0.110489806236326,0.00577924441653548,0.0206845524032723,-0.0500204698564933,-0.0511386899909915,0.136632500196752,0.0502468643183958,-0.0441103645143967,-0.220605417302503,-0.301185620295653,-0.405183378511608,-0.286133563355338,-0.343345294971773,-0.206739074655686,0.0299853460828757,-0.00404939878486152,0.066169050210619,-0.316766677388463,-0.225915096329642,-0.0821261556195055,-0.0472924520667643,-0.393836903123645,-0.298570599782543,-0.155933433059582,-0.0625786531179945,-0.247056752125857,-0.247369317937774,-0.245919367774464,-0.112452001612164,0.0408958078341216,-0.0949548747380749,-0.278636748728043,-0.208362305553351
"Precentral_R",0.482858470137461,1,-0.020512085436181,-0.0994104964534848,-0.0865400143332995,-0.199558673755576,-0.0393890989810669,-0.162685603528298,-0.0693586496145288,-0.193956722940612,0.367709122835304,0.313972223294705,0.168559567878434,0.0411656508918456,0.0359154552489778,-0.0535869135945313,0.52617597616148,0.665931894274365,0.360773452401175,0.442350092322408,-0.134100999331794,-0.233713406030193,-0.111218009278314,-0.170129287466691,-0.148436296371651,-0.164394460404778,-0.0233867480146527,-0.113762288906652,0.311781873460625,0.392089490795318,-0.186459659761143,-0.412266231108527,0.229791433055316,0.19309428955841,-0.2503324874897,-0.249340268578438,-0.204246787373687,-0.19057822353533,-0.18547987994306,-0.156409753957152,0.192464839241748,0.217075350288452,-0.21639173849553,-0.117611265196853,-0.190686063635743,-0.169921089099888,-0.084924549327545,-0.059363777871152,-0.157177085526418,-0.208780710961624,-0.130164412275552,-0.139184615353142,0.0614235333314635,-0.0139589277769578,-0.120042874558165,-0.0649405199192965,0.658032833345261,0.718282178719254,-0.0586314420266381,0.0453169546505389,0.136668106992683,-0.0941432794799253,0.390818883668551,0.284150395345854,-0.135438957745379,-0.121375253032916,-0.125142145854832,-0.06454649321501,0.326613027231365,0.4342803955604,-0.216219114336824,-0.259314614656566,0.201927062481968,0.378824249551621,0.0345179747605956,0.281830888841304,-0.0817553706239736,0.0305879812826927,0.428854563726061,0.522008078755622,0.463128339463668,0.453913936230245,0.160109541359157,0.127326955673434,0.137632599306176,0.0428353458476979,-0.00638223841420908,0.00456413711887111,0.0323927617966065,-0.0828338105577984,-0.173371516842747,-0.329509961482443,-0.329638414625976,-0.408509028423668,-0.177101706033422,-0.236736184274856,0.024320791371342,-0.0797396248738467,-0.0754916389349434,-0.136508943010548,-0.271650996176197,-0.249821202521631,-0.0550465562345866,-0.10789138910837,-0.321320393236886,-0.268477195470231,-0.124094139783206,-0.200467841464917,-0.104402721765774,-0.00137983366470911,-0.0415364920271934,-0.146791370171083,-0.169043144206098,-0.238788522164929,-0.341362833955457,-0.224087474601778
"Frontal_Sup_L",0.106757198911091,-0.020512085436181,1,0.136035035156974,0.495150221169285,-0.0631029126965376,0.526559728529547,-0.155419509422347,0.295424831267614,0.0271967497612177,0.0504214874300867,-0.242447486804138,0.0630122997430376,-0.125788171194111,0.192177283416465,-0.0543010913957846,-0.105629401457274,0.0105636673701276,-0.0969615761922261,-0.083815635534518,0.0882506507496136,-0.0668439526066752,0.542668432824798,0.380676513230675,0.303319268073462,0.139512860339947,0.236586851053266,0.0173118763774238,-0.130148579066855,-0.171953667737574,0.208400417947936,0.142251514744095,0.0137280514577576,-0.112991323234882,0.281432990377004,0.113169931813407,0.0170819709028862,-0.114193660328539,0.0990734518312831,0.139313659885957,0.154762590788029,0.0967659776701936,-0.0602374076385114,-0.0745319587571061,0.0806315924535859,-0.109369125375839,-0.259871767579906,-0.155747500961864,0.0232753334446251,-0.076861859508191,0.0534316421854996,-0.0329167886320264,-0.126237619556047,0.0718139409830089,0.0230349008631553,0.0155824421773861,0.0424916500847798,-0.112206552200026,-0.040774461890947,-0.248560969747945,0.0667547180194607,-0.225456191708881,-0.0979635335937088,-0.263168849035071,0.484738142744234,0.0775814203426151,0.177987688910464,-0.097273351395443,-0.0921930174233563,-0.108524358802138,-0.0097768180153067,-0.178482351750488,0.0409041884321916,-0.0473443673487485,0.00675819637024848,-0.0123275284766757,-0.182905208204198,-0.356299568210703,-0.0540744271997223,0.00145786166021474,-0.196552221507139,0.0342750581846571,0.154978538246842,-0.0663741478606362,0.362801897517567,0.138264325450026,0.414938209403494,0.352410103043934,0.290882420975882,0.0730800595722079,-0.334121364537059,0.104185963453804,-0.241930339743618,0.183155116972459,-0.150969998115035,-0.276054716921122,-0.145971677409534,0.0220534466478895,-0.262187035450893,0.0818976017759666,-0.25084435439383,0.0457577188889726,-0.307852700704774,-0.189478849292164,-0.174159699422795,-0.0169475638880621,-0.0593421507506613,-0.00423519560448979,-0.0379279806317149,-0.235343208045114,-0.0884241991920142,-0.284137197869754,-0.257895220357956,-0.164588955825878,-0.0461663336487717,-0.181730916526837
"Frontal_Sup_R",0.0864836918402413,-0.0994104964534848,0.136035035156974,1,-0.123016569955832,0.497907668641741,0.316984892329515,0.700604866656541,-0.0262787971534572,0.331928026728769,0.000591273754102234,0.225574938388537,-0.101689957122117,0.374559703482509,-0.0885406306742119,0.200504993688984,-0.185376634270054,-0.175936350654865,-0.0362188894136598,0.290859776236915,-0.24124821658096,0.0635522871098344,0.17525673414976,0.480039171057714,0.0303308166283746,0.41640673686829,-0.11322302916285,0.141768422510307,-0.00425162563851387,-0.00822489736972022,0.0880053447728463,0.422256986213943,0.0548160054460849,0.355638173600371,-0.0625889972347149,0.1538291486643,-0.326686238770656,-0.145683489948354,-0.238076291446497,-0.24732497397673,-0.153555286161381,-0.0231166403657347,-0.277346480922995,-0.185669912567899,-0.107618074800018,-0.113658329153886,-0.228277458998025,-0.231238844628581,-0.14614453304209,0.00508232514460171,-0.00724268347667831,0.0464106376266173,-0.119666609740864,0.0409933417403245,-0.194352214480311,-0.169993310192377,-0.135487187868745,-0.128866127674032,0.0519431722154114,0.175786094153092,0.0940092400824042,0.463090144332094,-0.154260111973223,0.163594708514375,0.120631024098372,0.586595105607354,-0.0140339505133581,0.13993790279954,0.0599506513261419,0.0913888047921086,-0.182630361960526,0.176100768393303,0.125299033048092,0.188802034214085,-0.101853654411309,0.199277505017647,-0.184706046177677,0.0815052469296937,-0.100585396287669,-0.225349456748823,-0.171384997437481,-0.234305130487925,-0.00845619788619477,-0.205568220945864,-0.205268212207916,0.16653251610447,-0.0289630427019016,-0.137161891244148,-0.137052778867178,0.208758546160643,0.133453048196731,-0.103653845993629,0.223594604325909,-0.112547948694231,-0.234853772081821,-0.224486981876051,-0.288777193786306,-0.230411041764894,-0.0802663593029421,-0.169385575545271,0.189895887865095,-0.0257025582438791,0.00982150230800308,-0.113116360433922,-0.12968587424418,-0.221269914488259,0.0532206658866062,0.0755270217281436,-0.0642918899359964,-0.305246132116392,-0.350524491044359,-0.244517250055679,-0.110332437417252,-0.0178070668633314,-0.222787646302178,-0.189665594034203
"Frontal_Sup_Orb_L",-0.218929359572652,-0.0865400143332995,0.495150221169285,-0.123016569955832,1,-0.0899187181811437,0.0115966522862927,-0.371620021100955,0.167199515015363,-0.143140895485655,-0.269345567230984,-0.426819151435234,-0.133074943700534,-0.268562823605954,-0.036308128582391,-0.0617572030248861,-0.0949546731123131,0.0334805468599301,-0.328141359698087,-0.200199568147957,0.404288799832742,0.028442092665503,0.513559592418151,0.322265599575619,0.747496961955513,0.393997178490892,0.762928424997623,0.365273711697092,-0.295473536472806,-0.316982424877663,0.171291661454978,0.14216922316523,0.0162056444122305,-0.216109615402147,0.554902940145875,0.370460243414625,0.235556688837013,0.0906213651335772,0.3684768385289,0.420911841041772,0.283886664738279,0.19257424528714,0.00247119229812602,-0.0780962403543142,0.13087129137651,-0.0628860729511461,-0.163522533226961,-0.130683333725912,-0.059496292660787,-0.154660893218253,-0.0576375786392616,-0.0275136491111355,-0.231989639984482,0.0571042988539507,0.129273017951017,0.0440520500564657,0.0814342872800262,-0.0839435968111392,-0.152857831725534,-0.385588482984578,-0.293707828731419,-0.472473554638599,-0.152751513606843,-0.405099137338183,0.419387163429346,-0.0582277817709186,0.354824832916449,0.0797108082278306,-0.00508988910869378,0.00943505841341617,-0.0208282544042996,-0.25631888213894,-0.0692259272264813,-0.145182149202879,-0.177563010209913,-0.169376540936706,-0.138431356279001,-0.243291014687158,-0.0927537388602901,-0.0233369094172328,-0.137548019420161,0.0153261228073453,0.127383321760062,0.0270315146666738,0.388683801548273,0.31219125696041,0.477401759923561,0.541571972641774,0.269590827254786,0.00887714854345792,-0.342091126608896,0.125134392124276,-0.0234433252677588,0.405886355549582,-0.0553725087228607,0.0926431952154083,0.0152784580773086,0.15360834808885,-0.288050169754698,0.00401926684534061,-0.161678238637171,0.147834856867014,-0.18275526994988,-0.0640730148022367,0.142149543462991,0.274940571497825,-0.0301340236135309,0.0343587238892467,0.0168843548536038,-0.0340775344223558,0.176359970046763,-0.180897329610716,-0.233722231762344,-0.156026404601648,0.0152610143289456,-0.0726378645040129
"Frontal_Sup_Orb_R",0.0116719845088117,-0.199558673755576,-0.0631029126965376,0.497907668641741,-0.0899187181811437,1,-0.0245183510511209,0.506499017272993,0.265787317997297,0.721272868355506,-0.0227760059355396,0.247342418198409,-0.0907171329427917,0.41464224055996,0.0875966095606277,0.389391931052354,-0.122203116114637,-0.163203052126609,-0.155045558707786,0.110493240627394,-0.233434622956327,0.154296136930697,-0.0610072622063939,0.237397108917953,-0.181301158740347,0.317545114962893,-0.201496889062,0.293256983123251,0.0357318287987197,0.121387911530939,-0.0801632943884872,0.239397691494671,-0.151874954679956,0.16370725072591,-0.180821772657219,-0.0671530654243825,-0.321380653510558,-0.10852794734269,-0.248209942287253,-0.199323136150856,-0.184097846308676,-0.066135388562243,-0.197341118773144,-0.102024779106299,-0.0833115348110336,-0.0723597263705731,-0.161030357118266,-0.160319661816015,-0.106112072311938,-0.0195918327351581,0.0628623566116147,0.0401506225090335,0.0788382389522935,0.0965019967606445,-0.125243252340181,-0.0482660021125033,-0.0940488447446955,-0.106040388974967,0.146895751740374,0.200856748235297,0.122026103239585,0.423477439899874,-0.0845034893730143,0.164503713277881,0.0214332176856355,0.269322275607836,-0.103849645628301,0.00922342876490431,-0.00247764982085901,-0.120778423189666,-0.21826883867239,0.158651402076036,0.0565186128334279,0.188686134220974,-0.180687068951003,0.094128875150494,-0.258920985079515,-0.0233707964843698,-0.0779789058515819,-0.123806949399753,-0.00500260831030011,-0.0541507862868177,0.0296887650155097,-0.0175090946261555,-0.193012612087976,0.154413232485233,-0.133442124213873,-0.0998754315783443,-0.0847026107413388,0.197330653209392,0.130298822837997,0.0159733115685903,0.16285152902918,-0.14160031207047,-0.216197011708485,-0.0854673323477273,-0.295015648577016,-0.126622035508956,-0.071848975476023,-0.0678119606905485,0.196018443525771,-0.0703811659979899,0.0183650788309392,-0.109565034900791,-0.0686935472761065,-0.113054125950284,-0.0226736917506345,0.000901563959360094,-0.153534485362524,-0.334176858445921,-0.431073244311118,-0.246197228469279,-0.0208669725698471,0.055734172992561,-0.24213245778829,-0.104540220328435
"Frontal_Mid_L",0.271648775182312,-0.0393890989810669,0.526559728529547,0.316984892329515,0.0115966522862927,-0.0245183510511209,1,0.319651480111787,0.280730503513348,0.056426405752385,0.303921088286762,0.106399662928474,0.353165813207915,0.126608109962099,0.172927756762349,-0.0234852686813427,-0.155854617352299,-0.0832103762538383,0.0283078355079021,-0.0449922377982897,-0.240572020484468,-0.225508183789634,0.136227811643677,0.0840994066987136,0.00051432020418257,0.0189742653030527,-0.115336098071269,-0.0777066437585358,0.0787758089470684,-0.0101983508730044,0.315192212777548,0.190691165453815,0.151792839439228,0.104422400812728,0.0258606572672772,-0.0339970895533,-0.338630294721351,-0.478167558119852,-0.161911761793464,-0.196655255886669,-0.109352909747346,-0.0794187318892333,0.0201630698673966,-0.00189969875267686,0.103108390662304,0.0671364648420845,-0.126108625878839,-0.0612284973451223,0.134912337106492,0.194068645066818,0.242647930136838,0.204134529383471,-0.0238337405394972,0.168933719952213,-0.0302406189585035,-0.0787072279062708,-0.128495499970665,-0.164300332032542,0.124892072793909,-0.0289315359300318,0.450850988405862,0.181385444401883,-0.0291010682914987,0.0351911302267509,0.286173929608024,0.230961015153109,0.224970736030273,0.0271687777505896,-0.18001844766744,-0.0802816714516486,-0.110210708455182,-0.180487292995934,0.140507427942648,0.00739111602856039,0.128558130276833,0.190868096008881,-0.152178902012651,-0.187517776838036,-0.0782180089620216,-0.0687812473153773,-0.210755411265654,-0.0371359497981228,0.00169361781881616,-0.17025045515565,-0.000705322232258581,-0.000292702499041351,-0.0166103064398854,-0.176812449982093,-0.0173311514925089,-0.0330906147814374,-0.133948899520667,0.0945936370402597,-0.154407839034978,0.0377533341719556,-0.189680255328118,-0.303226370837385,-0.167217465384943,-0.0960393286638552,-0.129577345084175,0.096858719995132,-0.0901326080872261,0.147404028543187,-0.226985603967502,-0.0997463837192602,-0.244591866850442,-0.133245002492929,-0.137113385340133,0.0457348183260815,-0.083041883099664,-0.252250902593371,-0.200590769249492,-0.231044216464358,-0.0517525134581666,-0.126040461268774,-0.206378176629534,-0.172962114764119
"Frontal_Mid_R",0.111875042487746,-0.162685603528298,-0.155419509422347,0.700604866656541,-0.371620021100955,0.506499017272993,0.319651480111787,1,-0.0691867398754283,0.413509577798274,0.18003997459187,0.518108782552065,0.120460463576885,0.622390507411731,-0.0440292887395146,0.26725255339995,-0.140829508153786,-0.206449757141265,0.0324666061804613,0.291201430665336,-0.426977535631747,-0.00213459198510954,-0.0814519311309665,0.199991308869281,-0.24773041050638,0.203849902333226,-0.353710552187358,0.0353031380578021,0.176018891740103,0.157492264044831,0.0657210935516642,0.34999777690719,0.0851664027405159,0.377744437241577,-0.240606434349975,-0.0565793735376993,-0.445318597086767,-0.327837482449568,-0.343450470091768,-0.370466603233899,-0.279426117409008,-0.115043164670046,-0.112589111981622,-0.0533255872095611,-0.068123056420747,-0.00437498149766508,-0.0520304550857384,-0.106759445939294,-0.133364149577843,0.0445944940588565,-0.0131273247968528,-0.00857934069413816,-0.00767677639600053,0.00914340499856543,-0.187391847783028,-0.139626666674938,-0.180603791352983,-0.0977208260598948,-0.00196786207966228,0.314343718828609,0.302567664728557,0.722485175372754,-0.0298831039993663,0.383935851863116,-0.0253532381775304,0.462282257885976,-0.187545100424739,0.0318599929238269,-0.110487074688356,-0.0461345551850312,-0.163515810947557,0.266720706654401,0.230777206070659,0.299274614444577,0.0438346596767838,0.307629430565775,-0.15384180210166,0.115834179141861,-0.0925829817053666,-0.244304718174632,-0.111849401067814,-0.165667438772658,-0.086087878060982,-0.187628749844296,-0.353333280751817,0.0441034175259965,-0.158633758341644,-0.391168309508718,-0.270739627909136,0.134891891563437,0.104237671566707,-0.208127782286323,0.0792395235594974,-0.305259380319161,-0.314992011461945,-0.187201476450441,-0.31225867655459,-0.211917085882976,-0.0334586828070447,-0.157007576792612,0.095833790505173,-0.162522567362201,-0.031467452998855,-0.143489167524254,-0.185035885559585,-0.24851210114073,0.0054466406899881,-0.00977599860438558,-0.112812446913875,-0.319470733187836,-0.324195037351608,-0.106623845113245,0.0446911618448329,0.0484640659162808,-0.209360212886381,-0.135583941169923
"Frontal_Mid_Orb_L",-0.0464508585941633,-0.0693586496145288,0.295424831267614,-0.0262787971534572,0.167199515015363,0.265787317997297,0.280730503513348,-0.0691867398754283,1,0.555361370831869,-0.0881752389324856,-0.121013151413653,-0.0259601810047297,-0.148130123381759,0.478600029238635,0.0853682763871469,-0.0297994859480096,0.0801992290683662,-0.05692281500332,-0.0978970514330387,-0.0523352495699306,-0.161474346309525,-0.0737593894437036,-0.161633986832665,-0.245883018866064,-0.308921438782383,0.0295601217604366,0.0959961509525744,0.0702024085263915,0.0728422241901349,0.117151913364195,-0.00391156028054574,0.0168777233073563,-0.0399000791153156,-0.0201328862086875,-0.142742361945814,-0.226291915508075,-0.17109017559598,-0.0101390270752493,-0.0993233162689489,-0.242644558892005,-0.240744225142037,-0.0541280911149103,-0.0295966926374218,0.105001140720333,0.121464663957675,-0.0401030283890412,-0.00982473767920541,0.161915983242961,0.150139692831296,0.0768603734141406,0.07457266197622,0.0951269796351834,0.181239643272053,0.0783675417956016,0.0825611448480778,-0.00436325912748239,0.0119934164158571,0.132958264842336,-0.0744715950614932,0.0972424809612808,-0.00807257358928696,0.0540571265122901,0.0500727831185424,0.00272657655553508,-0.0969993001079411,0.0646766772588878,-0.0670045234882609,-0.151820700373945,-0.285473045174255,-0.150007744138423,-0.163531338728471,-0.125656128746096,-0.0899695474149711,-0.160173125636384,-0.129144261115115,-0.196923851935223,-0.220869037090232,0.000225180895309281,0.0292511115563097,0.0112400889089142,0.0624583011333332,0.109119959992677,0.0557936033709451,-0.0323740149707794,-0.0355489558980328,-0.130214125577367,-0.0930134623550045,-0.0846064081704375,-0.00629225110706868,-0.180322029491032,0.154734199558176,-0.198542862833097,0.045268025736777,-0.118490152059934,-0.101043982624989,-0.136421461214295,0.00788763686305529,-0.0428661120460949,0.200857958863017,-0.140013280658565,0.0221136107483002,-0.107278410167383,0.028435155172318,-0.136778041944922,-0.0348961173340677,-0.179479623207026,-0.112893019439759,-0.0949035283706698,-0.239404265856695,-0.203033367428295,-0.137166816827802,-0.0522517870063501,-0.166217613870062,-0.223772956899507,-0.116425378788435
"Frontal_Mid_Orb_R",-0.0851371349036638,-0.193956722940612,0.0271967497612177,0.331928026728769,-0.143140895485655,0.721272868355506,0.056426405752385,0.413509577798274,0.555361370831869,1,0.0109854213477965,0.161551965623954,0.0416978384614219,0.374299554635561,0.487832698850771,0.43937564704859,-0.134487406246133,-0.174115985294708,-0.198838417298242,-0.0449053593886305,-0.264726622794231,0.0433096859826142,-0.0479592833448918,0.130243750630832,-0.321230942151998,-0.0994591273485131,-0.183285091534261,0.0925163743929388,0.00598954786829795,0.0743610380840362,-0.0279839380037825,0.174978394580634,-0.102233991295519,0.0332897909056776,-0.106541361451203,-0.0618834314338138,-0.228640605673844,-0.0397942908335336,-0.0663679254493802,-0.120473699550473,-0.232026014542904,-0.115364198020514,-0.165912581297947,-0.0816295360982526,-0.105203612824544,-0.0410818335788522,-0.130886452102836,-0.0891456648578227,-0.13537597964712,0.0145084815025932,-0.0407211731644779,0.013663355127929,0.0297009124167568,0.0968077339655973,-0.00191244871410159,0.0315035044996658,-0.0857503532372742,-0.0580156549206114,0.0599455607862069,0.210792999226582,0.162957528571855,0.430797846597116,-0.133456294035759,0.0984616020802944,0.0912826978173136,0.301184945837437,-0.136100542701846,-0.021150560106471,-0.075062957099258,-0.223422583837794,-0.192111659716613,0.137544231425738,0.00301436526793727,0.127376761955452,-0.105298559347258,0.0783208274274393,-0.220260738574865,0.00284339917757596,-0.0823676389434008,-0.088029347585601,-0.0880883771674668,-0.0580063720291995,0.0392487836938902,-0.0490690419879911,-0.106589512586013,0.135393591807326,-0.0502265785780701,-0.122328838412898,0.00623453385052392,0.27082195075199,-0.0956939434103465,-0.0527638386610374,-0.0154253312314921,-0.099744953025737,-0.274098141850842,-0.0734339793925967,-0.318734416075988,-0.0615817797284291,-0.217024953125699,-0.144563458567967,0.00620591250095207,-0.0618641487162301,-0.155547107132698,-0.12316595740244,-0.0921279031348481,-0.105064622919094,-0.10065529042174,-0.11365416095658,-0.166170391980926,-0.345440649906589,-0.328615443116927,-0.278223151957454,-0.0980279503868133,-0.0375646175127114,-0.164018079123673,-0.121792180397829
"Frontal_Inf_Oper_L",0.694114404405739,0.367709122835304,0.0504214874300867,0.000591273754102234,-0.269345567230984,-0.0227760059355396,0.303921088286762,0.18003997459187,-0.0881752389324856,0.0109854213477965,1,0.55220833539333,0.757019034636558,0.555592492551214,0.317681962803783,0.21596953891649,0.311917852190375,0.175356523445427,0.351878744414728,0.245657966957436,-0.176487197476111,0.00304389916554167,-0.0496720224166823,-0.171348397736709,-0.311688789105917,-0.278947707252211,-0.194990112084063,-0.122212435736069,0.375170009663202,0.423689492076231,-0.059169801943095,-0.175738554206031,0.130646633274083,0.092695227939888,-0.363103714854652,-0.443743478595167,-0.17843621052662,-0.430756687671053,-0.262085653751333,-0.304943270240917,0.260496490523751,0.245588195720841,-0.00110162062676131,-0.00277730801991097,-0.117491655230465,-0.069746712564475,0.0135124920447294,-0.00565937536452904,-0.0409649012533852,-0.0575865922330663,0.0309264160481884,-0.0687432609958987,0.06455870855356,-0.129806331217027,-0.0428544751940985,-0.0527256088326459,0.248626926541442,0.23939718980842,0.106892474266276,0.123311236457468,0.488173416046271,0.13680344419927,0.445844365200271,0.269891273313863,-0.0517332446825546,-0.103257663140038,-0.182265459764597,-0.195799972148074,-0.0649840110032063,-0.000351421120586403,-0.0643841668465182,0.0607004275842888,0.503307664746603,0.469995225602228,0.33576413023172,0.486910714305472,-0.0670311391738689,0.0134807969204593,0.196503512553055,0.242036759148055,0.300581213771846,0.349418954313063,0.261797698603873,0.165843005279407,0.145322283488147,0.0721269448858739,0.0347007889055318,-0.130121300679619,0.115297642932709,-0.042038051111162,-0.127598896423283,-0.201668792513767,-0.356392651996127,-0.376060581872272,-0.375914031844304,-0.342791838843946,-0.189979712707515,-0.0455312916125674,-0.0377963338122145,0.0487784710198481,-0.288068930864529,-0.225450366320184,-0.143346381518903,-0.0162127688786541,-0.359715622444317,-0.293309255450906,-0.222022438742899,-0.0735665150902452,-0.250382037871132,-0.306363902421353,-0.167495885428647,-0.0782229042608446,0.0336295145001943,-0.00790470984801571,-0.142092341061904,-0.243030117010152
"Frontal_Inf_Oper_R",0.482276977177139,0.313972223294705,-0.242447486804138,0.225574938388537,-0.426819151435234,0.247342418198409,0.106399662928474,0.518108782552065,-0.121013151413653,0.161551965623954,0.55220833539333,1,0.316239247088964,0.708442464709576,0.029402216791912,0.226616068531204,0.289196478132951,0.239238606984557,0.381424674049434,0.427609699525845,-0.289925826024908,-0.0504696481940688,-0.314330071042682,-0.189039687799111,-0.404606083067335,-0.0987535242162546,-0.365058939579198,-0.0385566983453047,0.387148892012915,0.526481736856332,-0.1292565248917,-0.104876139010886,0.0171424310812969,0.249778035007412,-0.523860395605614,-0.454389801718392,-0.410950250440597,-0.412850172619427,-0.497402576974822,-0.455871810641646,-0.0565637887869371,0.0777591974096564,-0.0858860153180022,-0.0360739335313884,-0.167779050120261,-0.137933607217257,0.0334264037217354,-0.0499109556313102,-0.108976188689852,-0.0314196179008599,-0.0635554295354633,-0.0722095908274595,0.142024590112707,-0.0681433734200917,-0.175692245314894,-0.10520648458923,0.250410414402627,0.341628314801679,0.0312602000422265,0.286671670947437,0.4167312816205,0.534682893998729,0.462090406898861,0.613436016101971,-0.290691297335554,0.0370326774798565,-0.318368616997778,-0.134915434291707,-0.0297062130303145,0.00776462961406075,-0.228032497827471,0.136939923997908,0.380537063625054,0.523180454519455,0.100928446715014,0.460992212865497,-0.139645949054322,0.106421175447458,0.165768430460417,0.0978598374715797,0.391281787667171,0.230737161646349,0.0213092608449056,0.0417926252854734,-0.173244212936267,-0.0299397659730811,-0.18561700141068,-0.300285483406862,-0.122445843135851,0.106852723452673,0.0957567243088157,-0.27821631825017,-0.174809296957233,-0.510614629990168,-0.472445059630191,-0.364789642412131,-0.29865412345395,-0.192601515629374,0.0459117981346896,-0.0391688867736714,-0.124123914266163,-0.346991689776957,0.00458751795892229,-0.051803171225134,-0.332837750933539,-0.311430334301433,-0.183195516503133,-0.203098961685518,-0.27298880233645,-0.372405418235401,-0.26964764467907,-0.134869231221958,0.0364300081590609,-0.0815685792903073,-0.273505765657526,-0.191164847853906
"Frontal_Inf_Tri_L",0.432812518750683,0.168559567878434,0.0630122997430376,-0.101689957122117,-0.133074943700534,-0.0907171329427917,0.353165813207915,0.120460463576885,-0.0259601810047297,0.0416978384614219,0.757019034636558,0.316239247088964,1,0.499521750776879,0.454279545760433,0.187138833425359,0.0863438484801203,-0.0229601091901546,0.0484438616578774,-0.0860105460092186,-0.0490395769063098,-0.0572325973488548,0.02331640338167,-0.128991025086173,-0.18542035739264,-0.336832507757601,-0.0150145263664897,-0.109969163719195,0.243032535715171,0.155893869392008,-0.0678001995833265,-0.133213153099201,0.0145935136757094,-0.111839503661637,-0.183706428301314,-0.262847468140901,-0.0157194036800854,-0.330741827668478,-0.0488411739570807,-0.0130799368266564,0.277425333254851,0.230321897434398,0.0861971624077855,0.0530278214561688,-0.132052912194239,-0.0571675544553418,-0.0129256230398106,-0.0206292894113721,-0.0730813391514874,-0.0985294426092223,0.00295991962926575,-0.00953217667616489,-0.0510216436411319,-0.183511606855231,0.107052167792245,0.0097007814336602,0.102491196450814,0.140969174687139,0.118293175577952,0.113171097380833,0.470769939427137,0.0800293841783578,0.227443856049565,0.0513089919031237,0.0142777473226393,-0.0342289379690928,-0.0795739443935761,-0.0776123852617237,-0.0764716972031394,-0.0534573459019351,0.0561061277918856,0.0467918563100799,0.427440907030683,0.34432040430119,0.308582507398636,0.373730512298255,-0.089510741206183,-0.0459705887403459,0.0213286629594039,0.0889127032281625,0.0639418454047379,0.269596470777161,0.197506877895938,0.135341729666852,0.241357416261617,0.166436782253825,0.113604615115227,-0.0136750058453634,0.300542315521343,0.00758935556675332,-0.186667438772888,-0.0939677471497851,-0.259430810087684,-0.142807720691073,-0.326414642896056,-0.257711455919136,-0.0862137509099025,0.0669443595699478,-0.144630291577577,-0.0272403744214933,-0.164837554276514,0.00665822636307867,-0.163031289102781,0.00778388855321276,-0.225704868676889,-0.0876606554497381,-0.165293636018958,0.0517974719058918,-0.159025654782788,-0.205699956555177,-0.0248613216316081,-0.0948932257287896,0.0425752949752162,0.00726018222734421,-0.0592691454606632,-0.186400410383071
"Frontal_Inf_Tri_R",0.383886271000769,0.0411656508918456,-0.125788171194111,0.374559703482509,-0.268562823605954,0.41464224055996,0.126608109962099,0.622390507411731,-0.148130123381759,0.374299554635561,0.555592492551214,0.708442464709576,0.499521750776879,1,0.254174615374026,0.495850367994389,0.0359771552260793,-0.107441417332123,0.127862069574114,0.249265227832455,-0.225710663467106,0.106560896436079,0.0607711072544877,0.230570996838041,-0.215073684452026,0.0587153402080078,-0.226912000799361,-0.000300426797987722,0.205914103826027,0.294281932384594,-0.0134734269293443,0.17616349132235,0.0402942189261394,0.189345793285832,-0.293117808088519,-0.211834911387381,-0.282549265638729,-0.312896623839435,-0.287138664428645,-0.229668072557668,0.0629434585661506,0.14239075917713,-0.115925632652357,-0.10894299443594,-0.219518875534173,-0.17596140197678,-0.141965322482825,-0.188795219354439,-0.263239791855124,-0.156981050912088,-0.169587308545095,-0.0969642810116616,-0.109542690967132,-0.166072982763383,-0.134015192400357,-0.139387748711459,0.05952481995611,0.0228442369027412,-0.0774628596754322,0.205843524515027,0.311410921334975,0.446729528512937,0.17373408773358,0.296155128720862,-0.0171497152900139,0.254872137942817,-0.240037095352961,-0.0668179148569188,-0.00171418905063518,-0.0271847715945385,-0.0997629416871695,0.292247222131173,0.443224604916132,0.536220301394513,0.16454760347203,0.47249123633047,-0.128742372247656,0.118178571638107,0.0154201351711501,-0.0330633818373042,0.120330957846497,0.141394531541166,0.154142992620789,-0.0212555087837663,-0.011528350248347,0.255306112050817,0.0341560379768725,-0.127028672060082,0.0126446851026896,0.121296154886387,-0.129315239972392,-0.30546709937264,-0.0928865214435073,-0.29885531227489,-0.479576829085005,-0.270723507980027,-0.313110747826384,-0.141380347144634,-0.160514546139327,-0.218465085568637,-0.126987728721403,-0.2015696237064,-0.208966575540226,-0.12734320599706,-0.344255821720964,-0.298528228673765,-0.167714284119375,-0.105893877972786,-0.24576273312712,-0.345216497833339,-0.224915907064922,-0.179496387832136,-0.0120375027334725,0.0721594318984932,-0.215961088471156,-0.237474319586022
"Frontal_Inf_Orb_L",0.161246792460512,0.0359154552489778,0.192177283416465,-0.0885406306742119,-0.036308128582391,0.0875966095606277,0.172927756762349,-0.0440292887395146,0.478600029238635,0.487832698850771,0.317681962803783,0.029402216791912,0.454279545760433,0.254174615374026,1,0.509232973220623,-0.0146169303786161,-0.0106852239894614,-0.0155964514808447,-0.0903700401773175,0.0273934705517138,0.0511103053082013,0.116077300755527,-0.0186209225446125,-0.276022027698975,-0.486376582564564,-0.0357068574905496,-0.143466105116983,0.192437670529659,0.154534391429634,0.123022434223731,0.0049345215853098,0.00464396839260972,-0.165293702141058,-0.0498743836695459,-0.116549599510825,0.0243941817521683,-0.115616832095569,0.109964207447913,0.0483260556595187,0.161229558650632,0.0732649088737665,-0.178462188037257,-0.247680232780795,-0.218489730239726,-0.235769387702903,-0.224675067144045,-0.213306329067506,-0.145735497334597,-0.172429128942491,-0.203470121127111,-0.170294802597388,-0.109045269214186,-0.0477448012387724,0.0872645498326982,-0.0359576179059259,0.131147354002785,0.0182398015446193,-0.0339109293187751,-0.0222081414879657,0.166838646096082,-0.0659526182843331,0.0488780251184996,-0.0612951819898504,0.0812471224481244,-0.0433226709015474,-0.110414961600283,-0.203087477465446,0.022361546235692,-0.165330251941961,0.103044962211233,0.0998597259650764,0.273832912825053,0.221948808864051,0.204178769620392,0.239091154014855,-0.0303016746751024,-0.0212571568167998,-0.0278044627483028,-0.000837692355732783,0.0297519436636092,0.207947283664907,0.444901381573262,0.151466524781603,0.271761594662831,0.105322493148042,0.193961612800249,0.0978598578217343,0.306158254960313,0.0614992004009006,-0.36651454494072,-0.111115886508373,-0.320295007494119,-0.067073107629742,-0.197972384664697,-0.117827615787098,-0.123512774362995,0.00633299986676309,-0.294276715115357,-0.192496212931914,-0.189686763041559,0.011923666035196,-0.196383246108836,-0.085517160673758,-0.139727951909937,-0.0993064032030507,-0.146611257450264,-0.0867627560611846,-0.149343692872776,-0.142169626016375,-0.132319512383338,-0.282366739514612,-0.22959447233288,-0.0841743010096678,-0.00813530033755486,-0.225916144899571
"Frontal_Inf_Orb_R",0.0203333899492396,-0.0535869135945313,-0.0543010913957846,0.200504993688984,-0.0617572030248861,0.389391931052354,-0.0234852686813427,0.26725255339995,0.0853682763871469,0.43937564704859,0.21596953891649,0.226616068531204,0.187138833425359,0.495850367994389,0.509232973220623,1,0.101051118018369,0.0129286370139851,-0.0156228056829042,0.199487036690183,0.0306029910212759,0.291573196355761,0.0950380326491904,0.322540699246406,-0.0698120513783325,0.107332224898887,-0.106345288209753,0.112069794358541,0.252831553031934,0.389144895608483,0.219853298883705,0.331602681346754,0.000742165663151428,0.0977683841491711,-0.0542650648660957,-0.0448608814964004,-0.106216975830027,-0.0354682071328122,-0.0198716796256449,0.0411589863781423,0.180836150613229,0.16705145720824,-0.259138195161613,-0.267330045585959,-0.22177856704106,-0.219535411194551,-0.23416680138977,-0.24126877764358,-0.304796825702577,-0.329245952520906,-0.369519335591608,-0.319567270195296,-0.188399397871673,-0.119479017599099,-0.046421930274904,-0.185274052233527,0.00430441923015972,-0.0293516396177075,-0.2189639041962,-0.105312242513581,0.00808808735993246,0.190170091694339,0.0716587445378339,0.176310509148345,0.0458933976619874,0.0798374338376607,-0.172751110665135,-0.194344500444274,0.0344323162260252,-0.0489297355319823,-0.00542130166165503,0.235555920256396,0.30188738651271,0.430780647900862,-0.0116866288336067,0.286878272776742,-0.115113637373593,0.0759611085149148,0.0794439658160899,0.0624229938137687,0.176200061162562,0.282660060414599,0.475907824009269,0.353353744241431,0.208361086285882,0.26808101098583,0.23861783660581,0.0969451867209361,0.106480788249602,-0.019979660411949,-0.278255293473336,-0.283490598919716,-0.16793791951948,-0.234171825361637,-0.214894333938281,-0.0115823501130726,-0.342946182932449,-0.229446550424145,-0.342670891231335,-0.440887736891871,-0.0497348450858769,-0.164252774182,-0.199428190213077,-0.322943491838484,-0.180072302445228,-0.301004250002103,-0.22483498632355,-0.14169981272722,-0.0835951387363495,-0.0813629488154389,-0.286569379061955,-0.33485282960179,-0.247709933797772,0.0906942840705048,-0.0634008730961902,-0.171622517371669
"Rolandic_Oper_L",0.280967791004652,0.52617597616148,-0.105629401457274,-0.185376634270054,-0.0949546731123131,-0.122203116114637,-0.155854617352299,-0.140829508153786,-0.0297994859480096,-0.134487406246133,0.311917852190375,0.289196478132951,0.0863438484801203,0.0359771552260793,-0.0146169303786161,0.101051118018369,1,0.790313211052241,0.375345399540195,0.331811611270857,-0.00285790643843287,-0.0546604658506573,-0.216652997988714,-0.200669101997171,-0.246213140369874,-0.099499741725099,-0.0962839563042093,-0.115798134100846,0.614026850486828,0.676653422738911,0.0139374284097814,-0.190031185552727,0.354292031126146,0.326608809511852,-0.214803752195034,-0.254198123793268,-0.161183531086033,-0.120875009093082,-0.254162418787031,-0.179526125118698,0.182831542440124,0.208269626231369,-0.269289286618891,-0.252328336773434,-0.141199715340326,-0.146814899325719,-0.133687975465232,-0.17510841156758,-0.179691243143138,-0.232590311715735,-0.293131308354936,-0.305086055044533,-0.0780886298820683,-0.0926677204557465,-0.262294817883079,-0.197597060920601,0.657758607707783,0.456103495295968,-0.120287367598407,-0.182813583726527,0.0194842704730331,-0.0308162687148618,0.612060345469467,0.455339850526978,-0.242824239251515,-0.300039466444963,-0.230123470610936,-0.27532098224835,0.217758507589182,0.287083786508248,-0.141954467969624,-0.146121902314751,0.13433622674044,0.345781081399288,0.0515256763861801,0.226766499263757,-0.0434994782671757,0.0417675544803095,0.8257221138834,0.673724318906263,0.82135959529317,0.502469689502233,0.230774781685556,0.330633272095627,0.165764362597222,0.0566770645197104,-0.0718121243964718,-0.0764493759003462,-0.0517902854305261,-0.169490396680277,-0.262782303346581,-0.225458493533618,-0.369901612595398,-0.388858260240245,-0.154241087180048,-0.131427702886294,-0.211372344943693,-0.252394693513873,-0.108284236650833,-0.059497859107642,-0.31373392088328,-0.253834388955214,-0.0143167693477639,-0.0802114405372961,-0.220377899470527,-0.199009513401443,-0.222957263935477,-0.203051368181919,-0.100558563696667,-0.0407644180693174,-0.0897871956203405,-0.0921149297412619,-0.267893698432524,0.0458028457513829,-0.149437761382015,-0.0814005484086065
