"","Precentral_L","Precentral_R","Frontal_Sup_L","Frontal_Sup_R","Frontal_Sup_Orb_L","Frontal_Sup_Orb_R","Frontal_Mid_L","Frontal_Mid_R","Frontal_Mid_Orb_L","Frontal_Mid_Orb_R","Frontal_Inf_Oper_L","Frontal_Inf_Oper_R","Frontal_Inf_Tri_L","Frontal_Inf_Tri_R","Frontal_Inf_Orb_L","Frontal_Inf_Orb_R","Rolandic_Oper_L","Rolandic_Oper_R","Supp_Motor_Area_L","Supp_Motor_Area_R","Olfactory_L","Olfactory_R","Frontal_Sup_Medial_L","Frontal_Sup_Medial_R","Frontal_Med_Orb_L","Frontal_Med_Orb_R","Rectus_L","Rectus_R","Insula_L","Insula_R","Cingulum_Ant_L","Cingulum_Ant_R","Cingulum_Mid_L","Cingulum_Mid_R","Cingulum_Post_L","Cingulum_Post_R","Hippocampus_L","Hippocampus_R","ParaHippocampal_L","ParaHippocampal_R","Amygdala_L","Amygdala_R","Calcarine_L","Calcarine_R","Cuneus_L","Cuneus_R","Lingual_L","Lingual_R","Occipital_Sup_L","Occipital_Sup_R","Occipital_Mid_L","Occipital_Mid_R","Occipital_Inf_L","Occipital_Inf_R","Fusiform_L","Fusiform_R","Postcentral_L","Postcentral_R","Parietal_Sup_L","Parietal_Sup_R","Parietal_Inf_L","Parietal_Inf_R","SupraMarginal_L","SupraMarginal_R","Angular_L","Angular_R","Precuneus_L","Precuneus_R","Paracentral_Lobule_L","Paracentral_Lobule_R","Caudate_L","Caudate_R","Putamen_L","Putamen_R","Pallidum_L","Pallidum_R","Thalamus_L","Thalamus_R","Heschl_L","Heschl_R","Temporal_Sup_L","Temporal_Sup_R","Temporal_Pole_Sup_L","Temporal_Pole_Sup_R","Temporal_Mid_L","Temporal_Mid_R","Temporal_Pole_Mid_L","Temporal_Pole_Mid_R","Temporal_Inf_L","Temporal_Inf_R","Cerebelum_Crus1_L","Cerebelum_Crus1_R","Cerebelum_Crus2_L","Cerebelum_Crus2_R","Cerebelum_3_L","Cerebelum_3_R","Cerebelum_4_5_L","Cerebelum_4_5_R","Cerebelum_6_L","Cerebelum_6_R","Cerebelum_7b_L","Cerebelum_7b_R","Cerebelum_8_L","Cerebelum_8_R","Cerebelum_9_L","Cerebelum_9_R","Cerebelum_10_L","Cerebelum_10_R","Vermis_1_2","Vermis_3","Vermis_4_5","Vermis_6","Vermis_7","Vermis_8","Vermis_9","Vermis_10"
"Precentral_L",1,0.448642194554725,0.18266428923785,-0.122622955080552,-0.131722402321449,-0.0316139621937235,0.129634672080646,-0.0695971951038349,0.263184967314219,0.0143615514140545,0.510494221908803,0.188379810126531,0.324662023995163,0.124634548300997,0.229762512316356,-0.0182698621690548,0.354077460172118,0.188494903923256,0.448954423193286,0.214253003708936,-0.0712819464981124,0.0581387359288508,-0.0927672085493757,-0.190334352598735,-0.269977093834466,-0.307493101408435,-0.251220542476157,-0.225203660743421,0.240178450291485,0.102011841707948,-0.0404485813814328,0.00544874622091519,0.0533344201524642,-0.0202298324093868,-0.286471118531482,-0.278845941668195,-0.107031023138061,-0.139256456383571,-0.208682218786684,-0.185080740673131,0.000639173670405518,-0.0276435439482706,-0.198685646695778,-0.148417007289199,-0.307991489646991,-0.259296599421599,-0.121357491734567,-0.0981498498422678,-0.273941453720053,-0.155801387099263,-0.162220873606947,-0.142248468299245,0.0334131216122948,0.0550902254935686,-0.19502614645571,-0.142202120331553,0.557491088975971,0.409632475280819,0.194937773296783,0.0657526796604945,0.415571667975984,0.0761348718706739,0.374715421113957,0.123897781700051,-0.0663126888254063,-0.181685334024457,-0.29160156977266,-0.293103687776908,0.2256815687964,0.159979991736034,0.0484476732345296,0.023393033041952,0.205251078620904,0.144641513797065,0.305941253268362,0.0863770659039901,0.0816891625102591,0.0376328392354231,0.209097593443223,0.140963909511354,0.163794459571314,-0.0243811864273045,-0.05820114615723,-0.109401898038598,0.0718674693352097,-0.236149192872119,0.0282476923018746,-0.0823981740765727,-0.0166503437537596,-0.0182161647251194,-0.119533634714084,0.0950057401385511,-0.194136288414056,-0.12803213612033,-0.0887336747627639,-0.0680873660025175,-0.187368388746996,-0.0192455471064832,-0.0621022647759121,0.00148459832516891,0.0166119381360979,0.0761801531066677,0.0684747782650066,0.172078398323401,-0.174024391804325,0.0136878963390003,-0.189995671169441,0.184999511249345,0.0936875015531078,-0.0134299567619518,-0.120713844700042,0.213448908230341,0.0461480301558703,0.319450881094361,0.0686129322079902,0.0614403760863068
"Precentral_R",0.448642194554725,1,0.0187414344448161,0.0585726422537274,-0.0421731157068147,-0.192479037251467,-0.0584162753094126,0.018963772841334,-0.00814318487652538,-0.148860499816507,0.14586764066431,0.183942338058269,0.0423606839868231,-0.00941414285381085,0.052964651802322,-0.0999889199688612,0.496342324951616,0.631936458010911,0.403400047521337,0.444600605579305,-0.095294626070624,0.0163751540711546,0.000719614339488103,0.0504703205358739,-0.10163151163881,-0.116438720441222,-0.023605370902038,-0.139670298774085,0.104827732884935,0.241658663624128,-0.0996233832773022,-0.072772167029587,0.0653097059442041,0.0905154130104391,-0.251260615441622,-0.173779598817709,-0.194937772060813,-0.113317696245894,-0.208013463227284,-0.105374016962407,0.119494200228222,0.174357302246441,-0.218282208447397,-0.188521520155885,-0.327413430556923,-0.271309430368057,-0.23517315810596,-0.189540282052543,-0.259312690601078,-0.161589980426289,-0.306926988813848,-0.221384000965722,-0.225016498672795,-0.121076080457518,-0.291735655132313,-0.200316365843396,0.708263411103322,0.587828400346007,-0.13507397303107,-0.0393218805063571,-0.00865100431746293,-0.0153365107736097,0.343151768464303,0.326857216698972,-0.0797149978386635,-0.0036548951694043,-0.285936345497414,-0.236347916747025,0.169165082649388,0.21455470598236,-0.0744983073642545,0.106276082983918,0.139402662206682,0.334977636278111,0.0819839775845501,0.241684989810779,-0.0844026602844001,0.130541988284694,0.354288772015254,0.422906231209515,0.344890366115718,0.389107690170276,-0.095033694601494,-0.0402585715497459,0.066941253668097,0.0109445602073472,0.0147381973381533,0.169811482650765,-0.275224597217905,-0.0372080744888278,-0.203474834760353,-0.171903035081035,-0.174740928328891,-0.230664818747075,-0.131005313154186,-0.0403126528557446,-0.155324211464861,-0.0945333611996471,0.00419857326862307,-0.107630552925158,-0.0351334589784722,-0.247328045014975,0.0805694918421534,-0.0823054647970282,-0.0613434682477704,0.0191868351819078,0.0395648135056693,0.100284775501783,-0.00620186496656929,-0.0625629932962384,-0.2380934628974,0.0784457652176287,-0.0594241171027427,0.191612638543371,-0.0110558221957273,0.127008089238871
"Frontal_Sup_L",0.18266428923785,0.0187414344448161,1,0.230886653671219,0.489647158430442,-0.221192032554864,0.649124338387096,-0.215622151850358,0.336992355849332,-0.233578263746487,0.0747279128385071,-0.269364001813171,0.210178037193156,-0.14824965903928,0.314269213484871,0.204681908569857,-0.109223509586891,-0.0765074153430625,0.332751631670597,0.170127287717483,0.134971250390704,0.0675538887369097,0.673390566613241,0.496340779168525,0.475057323749033,0.243226519658962,0.177915217719993,0.072041477259383,0.136399565738822,-0.138269993088535,0.461252240110676,0.382466824857303,0.398205710759449,0.155179770992306,0.185997866260611,0.0429548673770412,-0.215040254389565,-0.380012628866738,-0.0872134447774206,-0.174455317475797,0.0483207809271092,-0.13429077141504,-0.0471815075450142,-0.116053086272026,-0.0829095473502812,-0.203281394677937,-0.0909403692582859,-0.148059379749733,-0.256394650581352,-0.388468750714357,-0.192642230257142,-0.282308123908427,-0.140807075134192,-0.168113061723351,-0.154591635179842,-0.223957556347731,-0.0103839968695593,-0.180429393816978,-0.227226177657449,-0.531658053815596,-0.122877657821629,-0.385279337598366,-0.0145600523786498,-0.072956224045833,0.27006844877809,-0.0165274716356104,0.0297485972693455,-0.318603980940087,0.102926463536861,0.0460150109862924,0.130699250421428,-0.0470014831335882,0.162452125139054,-0.045259147868518,0.164809764983956,0.133146854795121,0.0476914067479546,-0.0685016808302216,-0.0680239375459871,0.0660293972774961,-0.122623161088737,0.0219284530044803,0.276976253616376,-0.0463684973839896,0.274784996257422,0.2081579470511,0.257295395082825,0.111339766908902,0.144486681540539,-0.122144323019084,-0.118375343822704,-0.183844814498788,-0.174575332956699,0.0052444998890268,-0.226802599386504,-0.197446453849959,-0.114748123935,-0.1769237254639,-0.228740713972119,-0.26967099647283,-0.27031167300076,-0.0215910519480561,-0.194836014534626,-0.0646674186305753,-0.243481544462952,-0.0379404688591919,-0.13604410556671,-0.0362070133264087,-0.113580440239832,-0.255405845198102,0.0589702614184053,-0.0340163098706605,-0.208983438304055,-0.14767620117936,-0.197292012653686,-0.174163766414608
"Frontal_Sup_R",-0.122622955080552,0.0585726422537274,0.230886653671219,1,0.123028470487126,0.240626222214542,0.424107449666257,0.649240773194343,0.0979142036715673,0.160880895862597,-0.107555950983093,0.0969181988914171,0.0166908772879137,0.121666362857624,-0.232492252226266,0.048617210998677,-0.259842174387623,-0.146875167528935,-0.0359304817824332,0.143284881304444,-0.156242195596363,-0.0567458583648221,0.253416579661769,0.441791172601534,0.18772766469718,0.318540688447641,0.193160592084324,0.244617737610736,-0.145958134878705,-0.207995786843308,0.178060651459781,0.321215163245082,0.224685978766109,0.326013678067825,-0.0159662458236763,0.00485597852331397,-0.352337148190903,-0.276194705085906,-0.267672641000599,-0.178100186760398,-0.252897762170093,-0.214341854341198,-0.100739085827686,-0.138538592109073,-0.113784704180762,-0.045658921009859,-0.138325742058082,-0.137028495960475,-0.160630450779195,-0.122751413601736,-0.232724741506554,-0.0722854694803003,-0.176314232106001,-0.232381569522857,-0.213459994568504,-0.201547786185185,-0.15388015967702,-0.0312622633818415,-0.118941666830909,0.0371783812812572,0.0735055574723634,0.389698994481918,-0.105690942590777,0.0694588830044442,0.179327091921276,0.593975654920672,0.149464609077941,0.178055228739945,0.00964019378676876,0.0586674239344506,-0.159948610413017,0.0698772407296869,-0.0368247151214996,-0.164816068065029,-0.0418124168025662,0.0640856840679624,-0.240335096783155,-0.0164386814571429,-0.237130407672243,-0.115202285827097,-0.235290042156518,-0.0806074989390767,-0.175656525228621,-0.25761658358464,-0.0824784515449958,0.238257246177862,-0.175724867198727,-0.0701805236688662,-0.135943751794224,0.176105194578318,0.0376494827135997,-0.201687843087493,0.227508222253842,-0.050556923002287,-0.169322424983901,-0.0865908787229329,-0.133767067017528,-0.131850978567718,-0.0708801113002914,-0.255597464445711,0.244664547496728,0.0662909658378045,0.0964283852287495,-0.0461276884321947,-0.15366906109523,-0.086014084548195,0.0238871253232664,-0.0064352545658819,-0.0869769872315656,-0.265853450951516,-0.141204745125694,-0.0924730476875092,-0.119628434333063,-0.0778005282609074,-0.149556985946027,-0.195008904695751
"Frontal_Sup_Orb_L",-0.131722402321449,-0.0421731157068147,0.489647158430442,0.123028470487126,1,0.125460838704182,0.36222622070709,-0.0513135695283992,0.500165538365684,-0.0436902505036138,-0.102220623282449,-0.107021522328804,0.118256982705872,-0.0390290621159423,0.19740939630093,0.218456414561868,-0.142882051733202,-0.00940002744539762,0.0846341123677243,-0.0974971659771446,0.346690319645847,0.132472747004368,0.36474075683757,0.400629552938822,0.682977532930184,0.580089646233677,0.727107571930501,0.485938979050007,-0.151538489813979,-0.134575195444133,0.236879381967664,0.2113232409179,0.109430092288055,0.00148547893537291,0.325428224210853,0.259108631488164,-0.138225162562998,-0.191695506048843,0.111040469417462,0.103230245449543,0.0748435134975623,-0.0745316550261155,0.102715273706532,-0.010527967194951,0.131450727141678,0.0101804738368781,0.0247227951183775,-0.0174779041368722,-0.0858928097587495,-0.176666075375625,-0.069408245217202,-0.0917547742949109,-0.139635604385705,-0.192500851786902,0.0896940122620773,0.0523508219728057,-0.0759731944515867,-0.254081988221757,-0.241562567541629,-0.390596744963307,-0.209976308956701,-0.289158295044841,-0.14115147445068,-0.145802792443625,0.177381376214488,0.0925585803584604,0.160959468383308,-0.021260741179087,-0.0684765996091314,-0.144435661576521,-0.0356775766720387,-0.101383801646291,-0.1764761797479,-0.115070364636383,-0.116340429368024,-0.0696094563654288,-0.208654388412957,-0.210826159589717,-0.0770155397140317,0.0191973365247469,-0.111382527650724,0.134453903445222,0.11436042327856,0.0139476745509419,0.223366834691613,0.274683048721322,0.179268072474714,0.265161337332977,0.242693444581949,0.0227419377334982,-0.114695145923588,-0.181151869649217,-0.0184081724898286,0.110473136002281,-0.283976047266803,-0.0954309723999978,-0.0120621111157588,0.0284210973494245,-0.0900904774643653,-0.209184849497658,-0.115785746882535,-0.0220708482354485,-0.167406507699638,-0.191197028285427,-0.0827618702749762,-0.100911581806753,-0.172385205106662,-0.111995520863668,-0.186599898334092,-0.141500923040803,0.22300347918128,-0.100752709466054,-0.204801510710758,-0.22930771854565,-0.19345066689628,-0.195930132293964
"Frontal_Sup_Orb_R",-0.0316139621937235,-0.192479037251467,-0.221192032554864,0.240626222214542,0.125460838704182,1,0.0830637060202246,0.574659407499429,0.353156767925198,0.747340635982134,0.0292960238355454,0.206934790710424,0.114486374758494,0.368793580375304,0.0100473958728754,0.281926842348608,-0.132082269166498,-0.176883733581236,-0.124617726523785,-0.160782625123253,-0.0405173066429246,0.0261982565056212,-0.199128055103809,-0.0212019229933151,-0.0459873042549507,0.274782307379899,0.308533925417534,0.465116633585211,-0.0526309427026987,0.014644488858797,-0.155645225299929,0.00685304843650084,-0.217808439741169,-0.0603283598225899,-0.0356486571527606,-0.063193389828478,-0.0532518308151661,0.0406490495244075,0.0132985500265029,0.0945703949420494,0.0190578518656039,0.0471776562912859,-0.0558362180950322,0.0047594394059239,0.0343450375589719,0.0549424053869198,-0.0543807358489779,0.00417134070272741,-0.0519669674075307,0.072205440594441,-0.107245048522776,-0.020540074575787,-0.0477735224307952,-0.000654292965451538,0.0452508528976188,0.0576717688702986,-0.0704715532891753,-0.112390052437548,0.0334527718130949,0.221611404949037,0.199075052717887,0.474276900513535,-0.105522846194198,-0.107530349852031,0.12440694178485,0.341718171836274,-0.0169414150959611,0.0959291416852882,-0.0384577931442476,-0.135826455025227,-0.0986911174202176,-0.0480670199582009,-0.0243819222226016,0.062167800208432,0.00393815626993237,0.0699738761595667,-0.204957892322685,-0.0310517345241132,-0.0681027557219061,-0.104135321871529,-0.134002761976214,-0.0964992435132637,-0.119994705881168,-0.0979944667322055,-0.125194742422303,-0.0301163660704563,-0.185974569475542,-0.082239575362907,0.120749455249077,0.22453706327293,0.00338541425635486,-0.0509181586368557,0.209820503623749,0.0147282062110549,-0.0877465328416495,-0.0840311839563188,-0.0495000972917397,0.118063933133394,0.0368361824875369,-0.0822049059142059,0.250860178864606,0.248167133596741,0.0895151589314432,0.0455598764808513,-0.0240707879561999,-0.121841762231659,-0.080109971162326,-0.0974678866732954,-0.191723315257636,-0.141878200470521,-0.116415521075964,-0.0485600442027065,0.0163644137890661,0.076476713722476,0.0500277851262954,-0.203026337911616
"Frontal_Mid_L",0.129634672080646,-0.0584162753094126,0.649124338387096,0.424107449666257,0.36222622070709,0.0830637060202246,1,0.246189386195915,0.39362847686864,0.069891488836419,0.201502624531053,-0.0231597501531891,0.456067466583171,0.0332559421744101,0.229062443084439,0.0961484790024048,-0.0680564100248511,-0.0759170026137539,0.149499386060026,0.00492612567494003,-0.144682234336883,0.00343538453166954,0.371943967676579,0.194991259534345,0.290806841889445,0.186040099196088,0.0858326777229905,0.135452299416157,0.179299782130027,-0.0578989923928887,0.405244250548929,0.426622169739663,0.353092003759747,0.247550420622299,0.0336888041476337,-0.0437507123139075,-0.369562426298644,-0.391144506028925,-0.318678043099379,-0.266205631152371,-0.0950464324830775,-0.248405302225561,-0.0746866213674968,-0.137811990291966,-0.0307346557757967,-0.162625938094413,-0.141415107327516,-0.145090084785686,-0.227219331316781,-0.27920780498164,-0.21746361934716,-0.183514195853569,-0.155724588822944,-0.207175722827719,-0.248283893952963,-0.226572402001251,-0.0738216508008203,-0.1092114445466,-0.116981976269127,-0.286088082741847,0.263200710830015,0.000975611476855328,0.0708676590871264,0.039810890379232,0.269336612304424,0.177128046102851,0.134896136950424,-0.13805855228768,-0.0320935551881434,-0.0956317210991892,0.152702821178564,0.0150998306325886,0.195891076630333,0.0158733391890183,0.132758682982546,0.171992987922328,-0.108911648414908,-0.0491275008383538,-0.132457061709262,0.0204684991734456,-0.115528116111434,-0.0746732105493458,0.0929806643349941,-0.178776255129045,0.0789262404037213,0.0702879172889638,-0.0582111711749355,-0.14938300189291,0.14456095876888,-0.0462006223235225,-0.0948020446327678,-0.0806593084574193,0.00268349170939865,0.0805230596468924,-0.256832063199826,-0.186331695120412,-0.252432360296788,-0.166008787383424,-0.264562682638838,-0.287557946211869,-0.0489551962024277,0.22895877332523,-0.0852238320609765,0.0133632127851416,-0.222213585924971,-0.0993756263581367,-0.227302115142412,0.0435679351191691,-0.128091538195521,-0.263438761020471,-0.0884064995559701,-0.109333746547687,-0.101651269747851,-0.14520845054322,-0.212442786217798,-0.22134261522788
"Frontal_Mid_R",-0.0695971951038349,0.018963772841334,-0.215622151850358,0.649240773194343,-0.0513135695283992,0.574659407499429,0.246189386195915,1,0.181388820273488,0.530029226250083,0.105651468988209,0.489115098140806,0.209782733239365,0.465218470632161,-0.133613829267043,0.105333012850551,-0.106445625223752,-0.0859332413916662,-0.025723302908246,0.0510570288088404,-0.191820915102208,-0.0255679965991236,-0.138851813723374,-0.00200234228467198,-0.129121404143829,0.09453372818643,0.143324895436238,0.288062287247151,-0.0719098090129763,0.0327593261385808,-0.015426149216811,0.157067474582546,-0.0320394207399888,0.203678353722873,-0.17118339958748,-0.12178613147306,-0.279831830846416,-0.071093699885797,-0.248385242732059,-0.0930565129231058,-0.226692930211528,-0.153545326082206,-0.141077431419306,-0.128286290486161,-0.142355099863951,-0.0401053029188358,-0.145335467100868,-0.0997547457847937,-0.127827646652453,0.0178217300687371,-0.156254158756748,0.0303536244419832,-0.13639849288105,-0.117236546757371,-0.152764977046064,-0.103537369960135,-0.162957945147784,-0.00850023708740015,-0.0697634605330365,0.232033675164889,0.298000844264612,0.746223007151245,0.0131365945199423,0.192098086837883,0.0993895944688157,0.551580457253067,0.00106007880463711,0.174624912806234,-0.0696735909604286,0.00426492272094342,-0.154379711911734,0.093212670556596,-0.00264835940897853,0.0262682337020713,-0.00668966504109319,0.121604165554501,-0.295786360458015,0.0569747229422619,-0.0923574026099557,-0.0773851389911534,-0.108181546028318,-0.0974428426824413,-0.279311601533887,-0.287291848900518,-0.210079041250267,-0.0392755459651071,-0.466928764573036,-0.290851465537042,-0.115539445084982,0.168101354943644,0.174953808944602,-0.0434278958290009,0.395287764479513,-0.00933672551700108,-0.151176902630834,-0.0612063215447334,-0.103222533658278,-0.106609327284136,0.031044354447978,-0.170591821882891,0.4222799475082,0.245525114560578,0.199219831248216,0.0697080352589978,-0.0329916945778785,-0.050792754114652,0.0118954147076309,0.0194631863956309,-0.0583296427317967,-0.141185696552344,-0.240369209104306,-0.0979981006975571,0.00427057788697963,0.0430178714451083,0.0922124200301192,-0.154976888495255
"Frontal_Mid_Orb_L",0.263184967314219,-0.00814318487652538,0.336992355849332,0.0979142036715673,0.500165538365684,0.353156767925198,0.39362847686864,0.181388820273488,1,0.352224469716776,0.267022394846045,0.105557154137644,0.414162850985489,0.184659588941629,0.259239264575332,0.123928912809246,0.0387886227503697,0.00935954428994276,0.204250864518401,-0.0650734546513367,0.0874650215052558,0.0652673316111388,0.0315389960620234,0.0484508424684688,0.210563301376516,0.247306216713981,0.30126993002975,0.210297712022331,-0.00434107533904047,-0.00764152448245872,0.101822065862467,0.121948119627738,0.117645630666979,0.102358815204457,0.0745843295029449,-0.00357987986156653,-0.262489928390805,-0.24212012044378,-0.099016893708037,-0.122932146032159,-0.0914340977860432,-0.266782112819479,-0.0577592608801524,-0.0634829837256848,0.0222402646323469,0.00124470735201311,-0.0915776307964099,-0.0767180163982335,-0.178863366460355,-0.125993117460141,-0.165654594052018,-0.0808632042986529,-0.11610950840329,-0.144933134609236,-0.0814953661353398,-0.0203339131959217,0.0857830038827751,-0.00366507733094898,-0.0531436197113097,-0.225929837801591,0.205441856717257,0.00556361210177919,0.0782136297249879,0.054628278618887,0.218596130413594,0.101255011903801,-0.032112007167856,-0.128068157895481,-0.0395670070859634,-0.112156592041453,0.000718509566404747,-0.15902678045562,-0.104639973079527,-0.0516722455187248,0.0529245098202886,-0.0264131072464655,-0.243843158924379,-0.261680772090261,-0.0489295983087909,-0.00437918323243854,-0.00231018170163192,0.0699218494533661,-0.03901327126972,-0.13797230346067,0.160438088932336,0.0822812156001971,-0.0915846849986151,-0.107393495268394,0.187576763151494,0.0928391550968258,-0.149269513876966,-0.132238317805131,-0.13315647807515,-0.0511931942810972,-0.301803141893623,-0.195692961502319,-0.244405885913859,-0.100375518039082,-0.180742081990053,-0.277159453728326,-0.187509028169547,0.0339251277628055,-0.217540627521819,-0.133883583062624,-0.193545615808711,-0.18517719770984,-0.267726153371847,-0.144285985198608,-0.220794186395676,-0.174611963852228,0.0027007355817937,-0.100026805245654,-0.146409819964957,-0.145280566944814,-0.206451340522259,-0.0797233600654076
"Frontal_Mid_Orb_R",0.0143615514140545,-0.148860499816507,-0.233578263746487,0.160880895862597,-0.0436902505036138,0.747340635982134,0.069891488836419,0.530029226250083,0.352224469716776,1,0.177326389136171,0.332118480893579,0.229453586147024,0.422894197101115,0.117947702562422,0.342640703323763,0.103749636748736,-0.00379451410501036,0.037304365053735,-0.00511705257203017,-0.157395141206925,0.0118415606768398,-0.212221675591988,-0.093458952266808,-0.206559162334433,0.0779274765863861,0.0574455236982288,0.113314317994254,0.118758466517166,0.195539444897664,-0.163942116087408,0.0673271924312942,-0.203784268171058,0.0274604559368642,-0.161227661585023,-0.196869825448152,-0.0603362927776798,0.0782656731190303,-0.155586118996574,-0.111871789726707,-0.0524471645427147,0.0329605743013835,-0.212623066708368,-0.10859871000432,-0.129449463670697,-0.0980302902644986,-0.191698141604317,-0.168998878443195,-0.143861265287911,-0.0135167674033382,-0.152552153157057,-0.0588205009274545,-0.126529260413945,0.0408028948327654,-0.173832067408653,-0.129648123466497,-0.0498409230041191,-0.0655231770009027,-0.0254212930524091,0.131966554332535,0.238976522837864,0.456494724680603,0.0993731110960037,0.102753038721147,0.0728963714771064,0.127077498916808,-0.162037501651315,-0.092545040079194,-0.0747169151765558,-0.0515896921795127,0.0326595387626791,0.00303712220459637,0.152858671776736,0.204263331272924,0.111684283262424,0.121525407917562,-0.0645168184704621,0.0550775410169904,-0.00621080286029961,-0.0617623112275282,-0.0331308833390005,-0.0287928315858317,-0.133074230924272,-0.0160257274264222,-0.0208770826816956,-0.110323128507716,-0.301849660812405,-0.19535619274501,0.0993500499868033,0.190427224942357,0.00241582885276173,-0.0861616825935615,0.102378279382603,-0.0176656763157716,-0.0622270145905879,-0.179830239879968,-0.239062928858858,-0.100157690559256,-0.11301390476497,-0.208449784752507,0.114221198661889,0.211878134622585,0.0221111724321831,0.00371691337046891,-0.0647120666339506,-0.150549219129242,-0.15251405940313,-0.219325937168494,-0.0745724039985359,-0.139788357192869,-0.338629243670097,-0.103715966612144,0.0158747687596882,0.112312927352325,0.116129411328502,-0.0480311285063039
"Frontal_Inf_Oper_L",0.510494221908803,0.14586764066431,0.0747279128385071,-0.107555950983093,-0.102220623282449,0.0292960238355454,0.201502624531053,0.105651468988209,0.267022394846045,0.177326389136171,1,0.483425208226086,0.72474536704449,0.509827417649549,0.272905157512027,0.187176554160052,0.439526501572111,0.280678915333891,0.175124480998381,-0.150002221185555,-0.175395298864316,0.0346985988492024,-0.0452689918863286,-0.202159116092808,-0.215263702547537,-0.213410944120158,-0.251232177417208,-0.24338888603182,0.431276032894864,0.410771498531675,0.0967832488738874,0.0931681450326829,-0.00458822695614934,-0.00510781212218899,-0.191038670912814,-0.287785325987107,-0.0502649637065839,-0.0903887227102263,-0.133344982675687,-0.0570753598955966,0.0031979417057505,0.00482529814259692,-0.282374292798297,-0.168265925131911,-0.292988949601709,-0.265781478771307,-0.224003990402804,-0.15159084927342,-0.298337279419271,-0.174276936566539,-0.159722065537843,-0.0665512654553427,-0.062802916856931,-0.0256105988035439,-0.188661206788207,-0.122341907160084,0.217193365186843,0.177648696643244,-0.028781608147666,-0.0572486517628657,0.517142706214442,0.178614560191424,0.49439339743546,0.232114624327324,0.141712293523112,-0.0805871738931551,-0.309502648664464,-0.254088084242414,-0.144219838283209,-0.262730421151036,0.111271721155293,0.0199252368024227,0.317853525240138,0.30891951213068,0.345518504924033,0.297913914078067,0.0936687625474553,0.108769132317894,0.217748195513068,0.253462141828702,0.280801757319367,0.143801961038278,0.0214075265138739,0.0937550400335488,0.33989634005086,-0.111558798194164,-0.0293667369607669,-0.023622399308575,0.170073919401036,-0.0245763285005333,-0.225691092411648,-0.046056124073547,-0.163512161114679,-0.0623224453955564,-0.159952770982628,-0.0849279769558554,-0.289447576748352,-0.0701315202848665,-0.222442582022515,-0.129261297405542,-0.0451352586289488,0.0359075030858302,-0.0826852427174234,-0.00375521764343067,-0.152571931727987,-0.0770002836289953,-0.15106874624838,-0.0569615230532394,-0.121227865034682,-0.164888454558095,-0.24750319455126,-0.130452603501208,-0.0579165883081417,0.142587346564232,0.030618065718635,0.0301490644284408
"Frontal_Inf_Oper_R",0.188379810126531,0.183942338058269,-0.269364001813171,0.0969181988914171,-0.107021522328804,0.206934790710424,-0.0231597501531891,0.489115098140806,0.105557154137644,0.332118480893579,0.483425208226086,1,0.418738256455017,0.674047258562754,0.119193930141511,0.302464066336844,0.312745535963316,0.299629376961352,0.145977071270402,0.0985821399041402,-0.146801722081332,0.0654000404244766,-0.21259180712808,-0.185694443614324,-0.21413853637598,-0.151058416637222,0.0039705547421555,0.0508683916047951,0.258728569508948,0.509424071338091,-0.0518032993327549,0.068876486143952,-0.171070942455882,-0.0517087563738248,-0.494679490509825,-0.484064421721182,-0.0681826957706607,0.0930540194848909,-0.127150959421487,0.0954302882462771,-0.0579001340768034,0.115377843715954,-0.156530279187002,-0.105060913792765,-0.251272839623403,-0.149179222138334,-0.065034045197119,-0.0803774668253047,-0.16108389617087,-0.0180473536863475,-0.158082645131111,0.00534034877031894,-0.012120786890491,-0.0363914513883426,-0.0675200554914388,-0.0065367327872815,0.0943557630028189,0.141780739645489,-0.0966076921302375,0.101768080523171,0.292858155072469,0.499421269850711,0.397381273470507,0.513755246443146,-0.164790655249223,0.0611787154750526,-0.419816317462584,-0.212243182518256,-0.13551761980013,-0.14964344483816,-0.094074911504166,0.104845886360357,0.150172441480264,0.366935087723032,0.134582360197773,0.273769947397323,-0.0356465451694669,0.272890325582962,0.240918250248061,0.261082595207465,0.275105012674228,0.174426533334892,-0.0827577589244806,0.0892373375070272,-0.000923361617501517,-0.109990508543908,-0.260803026522049,-0.131268412497044,0.0416495611955987,0.0867636899494692,0.0646104004981472,-0.035299638742201,0.152757485975667,-0.079201851090587,-0.178303117367177,-0.0412520279312401,-0.145156579554603,-0.00978010057159452,0.0607782065630585,-0.0584324607196891,0.302992231591712,0.0679845747549613,0.167486288356089,0.111881638443547,-0.0434946225962512,-0.000162849265794097,-0.0126770734138142,0.0825424305328457,-0.0399636296909642,-0.140947601071838,-0.25127115612703,0.0441752982614545,0.06801296695086,0.204123639351717,0.159029453694464,0.0194421830863784
"Frontal_Inf_Tri_L",0.324662023995163,0.0423606839868231,0.210178037193156,0.0166908772879137,0.118256982705872,0.114486374758494,0.456067466583171,0.209782733239365,0.414162850985489,0.229453586147024,0.72474536704449,0.418738256455017,1,0.522987770596288,0.505606235881912,0.324788009823598,0.307910263978862,0.153478376917294,0.126918877919722,-0.166537339841736,-0.118347667409409,0.0381666330447932,0.0956858243650723,-0.0141460150224863,-0.0334644110609707,-0.0354572834998093,-0.128173370945787,-0.087808078916086,0.332102359028304,0.322056420382504,0.158894643191342,0.192199994182148,0.0477821255586389,0.0257363808212248,-0.151328005470615,-0.238168449590746,-0.20527493833159,-0.182911917372669,-0.209669362556262,-0.0652637615346034,-0.0489973364216655,-0.137930619475371,-0.130196512073657,-0.0616794647343975,-0.134680356236257,-0.164868996922883,-0.110592116598521,-0.0743643282916929,-0.210546285891232,-0.135027759695364,-0.14647653722722,-0.0385989748004533,-0.112039841833172,-0.107467581016743,-0.136523474301253,-0.049448240096179,0.100258441078037,0.0454505217203733,-0.0458752027632921,-0.145146799756555,0.518598080368849,0.141962178971984,0.43405541515319,0.181200152772105,0.180228947934086,0.0119179441940823,-0.234153195508839,-0.268696023017604,-0.104758137305001,-0.242565378765968,0.0658052618867357,-0.0857487494920917,0.174916551561625,0.174373073916085,0.254587139128032,0.147211469382216,-0.0907109527604169,0.00180909922562157,0.116228694603224,0.165535709255717,0.175287823052249,0.121041006024581,0.0980974744654863,-0.00659309908768152,0.317010953145696,0.022796305999214,-0.135881905846178,-0.177774672127397,0.315079016926932,-0.0159033249257901,-0.136675196268737,-0.0551046687233574,-0.0443088078471446,-0.0182231900108382,-0.197416850327122,-0.0658286347235701,-0.25182960672616,-0.00300629927142198,-0.23408537064749,-0.192773196742005,-0.0509159601763885,0.126802469673873,-0.100981642184515,-0.0283290341263185,-0.206846328395768,-0.194975382580777,-0.187866667679903,-0.0621425006931276,-0.116618289469778,-0.260252119903569,-0.214719549533743,-0.114303697226065,-0.0623754287860141,0.0168585488746581,-0.0411158495080536,-0.130106277515662
"Frontal_Inf_Tri_R",0.124634548300997,-0.00941414285381085,-0.14824965903928,0.121666362857624,-0.0390290621159423,0.368793580375304,0.0332559421744101,0.465218470632161,0.184659588941629,0.422894197101115,0.509827417649549,0.674047258562754,0.522987770596288,1,0.180148452373491,0.546842579122919,0.132230927920101,0.0898495435810141,-0.0108159803563087,-0.0640931201073108,-0.085429638162492,0.0551908035296369,-0.0679890813500995,-0.0220135283882902,-0.075744034759506,-0.00388953723600893,-0.013981881412913,-0.0465878141549015,0.171240804314451,0.350406094974818,0.0165271015786918,0.103209876720172,-0.107897840006322,0.0210600528116713,-0.213590722742102,-0.217858092269623,-0.0689100494711039,0.0572701641540488,-0.0648780590009365,0.0859890719325997,0.0091171350754035,0.0574234222301244,-0.116608761422664,-0.0572541830829356,-0.165264280010245,-0.112556476947962,-0.105414100872634,-0.0693331680937354,-0.161881946452109,-0.0572014598371654,-0.0819067870253297,0.0207469722072579,-0.0565070505588232,-0.0128347444616271,-0.0485232140539592,0.0145694241564566,-0.087109651437425,-0.120302298784811,-0.102348496615471,-0.026866158859885,0.267371948290614,0.386567788691365,0.262703211690047,0.229489253057297,0.0313788112066752,0.191942277902423,-0.262308513155637,-0.089188667920073,-0.181063306695024,-0.207425073172755,-0.0907907541315465,0.0620226881187878,0.171005401806401,0.176399434459068,0.189804869202832,0.228255750761915,0.00050388422093736,0.246749536659281,0.14274481595917,0.183247105634122,0.0981723001588911,0.142558614632466,-0.00500952923202924,0.124485802815889,0.0809308660174095,0.0469541178145861,-0.188479114812203,-0.063013195911084,0.0287882738280576,0.0776789064024804,-0.00533510537360995,-0.104783344534231,0.205596622071085,-0.0671950346937502,-0.25272830975499,-0.0911712626073422,-0.118827331734461,-0.00678918663690752,-0.10295893316699,-0.151917556969959,0.207840797732224,0.0278120489548383,-0.020728280096955,-0.0198139975248178,-0.0960633437648644,-0.106514966439557,-0.092479538453669,-0.0531638471128431,-0.181992202645591,-0.241630111924688,-0.174932323159919,-0.106731959504103,-0.0177792247100599,0.162303205105134,0.127038728111094,-0.124048288444469
"Frontal_Inf_Orb_L",0.229762512316356,0.052964651802322,0.314269213484871,-0.232492252226266,0.19740939630093,0.0100473958728754,0.229062443084439,-0.133613829267043,0.259239264575332,0.117947702562422,0.272905157512027,0.119193930141511,0.505606235881912,0.180148452373491,1,0.457275739223744,0.259498240609409,0.104258906597592,0.324170580245056,0.159021778240891,0.0775119445656446,0.152437123416532,0.259797041406999,0.0478141021422492,0.0803879871782596,-0.0192305381358157,-0.0517281879324019,-0.057642025952478,0.409129829526307,0.346896013663949,0.260774771754443,0.25460310416754,0.180800821061275,0.026894125229136,-0.0889526931528451,-0.178857896665099,-0.140034459971637,-0.18801095166664,-0.0261159201673734,-0.0519284506603745,0.0858926884382448,-0.00171295078852725,-0.138527180493984,-0.142530186428242,-0.148250652258847,-0.224610331250489,-0.136939734953214,-0.188067173404162,-0.284236476237296,-0.261929761041251,-0.266364364087412,-0.254387219977878,-0.252103257805894,-0.140646880502926,-0.244689384895156,-0.196130511991272,0.111257914417613,-0.00448684903790545,-0.121524989862971,-0.194950058403515,0.170997253557288,-0.119299503344277,0.329716264585327,0.126668465991239,0.116558407981346,-0.167606076618813,-0.304737283742032,-0.333455139364443,0.148064811255057,-0.0100994430351761,0.0729771725620773,-0.042196713885476,0.216438700939722,0.207149555167338,0.193539945219914,0.165653053077786,0.092229844453785,0.0597957058337921,0.146673129778484,0.206390191691811,0.199513057865364,0.152567042565478,0.591195027409566,0.163129474481216,0.343481933337025,0.00581897787103404,0.172679181882552,0.00311805007506189,0.26522870521274,-0.0620505066520382,-0.260737968547688,-0.222727088803025,-0.197115591638955,-0.157519457664559,-0.100637824089172,0.00332764155402451,-0.124303224219875,-0.00247354751878978,-0.31790407903746,-0.268166335181029,-0.138465277168461,-0.0374877973694245,0.0223031470844681,0.0442693816845767,-0.0332287060094782,-0.066991588897311,-0.103908415979378,-0.0122707409704999,-0.119925589865038,-0.261592124254514,-0.213138785679572,-0.140047492677357,-0.227427419734358,-0.053540250042251,-0.0793697406232463,-0.122560958147866
"Frontal_Inf_Orb_R",-0.0182698621690548,-0.0999889199688612,0.204681908569857,0.048617210998677,0.218456414561868,0.281926842348608,0.0961484790024048,0.105333012850551,0.123928912809246,0.342640703323763,0.187176554160052,0.302464066336844,0.324788009823598,0.546842579122919,0.457275739223744,1,0.0757727452287747,0.0234208486763021,0.118606819753795,0.0964092796213644,0.101366805874188,0.144032622270177,0.392988314850003,0.388390709620704,0.278610008121984,0.249241079986175,0.162529807810751,0.0733365918340205,0.289543484732882,0.353399093986148,0.314948861596572,0.415447720160518,0.0596447250805873,0.0698458565697626,-0.0999514255315681,-0.148502010308979,-0.0353762747808885,-0.0361134009768012,0.105953737686018,0.157584181033586,0.197720468418093,0.195995173421409,-0.118745529476568,-0.0905176491505938,-0.13233289897132,-0.194022811951188,-0.0851964064288738,-0.130898558553163,-0.228493520551929,-0.272733721816503,-0.260169647344048,-0.280411697860364,-0.196805961685392,-0.148411661834236,-0.0705427750311928,-0.0653088662686047,-0.100025981749753,-0.282968124821144,-0.334960370796381,-0.272200406073443,-0.0673161800804726,0.00935948708954476,0.236504982671796,0.124786187723106,-0.0586916178463363,-0.118573604918076,-0.337097116714629,-0.358700765964632,-0.0783839269093548,-0.231195224867719,-0.0341187910003997,-0.000742949040053427,0.198858547906632,0.108250667236481,0.219577211398763,0.180477180750331,0.0882390844438968,0.137592505615603,0.0891047658566186,0.195111038029068,0.0843721247789183,0.158624097745851,0.429373382756753,0.457202329494974,0.22714301344999,0.197551622902959,0.162059453524315,0.266952304360726,0.112009751482359,0.0284058363107004,-0.0910076339872035,-0.30314774034712,-0.0133783734646206,-0.177830401886995,-0.249056278876937,-0.205210795091221,-0.128660458629732,0.0101179396759045,-0.141102029299744,-0.216487995833015,-0.04230485204915,-0.117770482407437,-0.105756420608869,-0.113862322148311,-0.235965853836789,-0.252674205381506,-0.218544677950554,-0.16112575570755,-0.231510903954177,-0.335348950236908,-0.155434836693194,-0.0331104272587182,-0.147359498188028,0.0456972641493325,0.0586332944591102,-0.269236708414185
"Rolandic_Oper_L",0.354077460172118,0.496342324951616,-0.109223509586891,-0.259842174387623,-0.142882051733202,-0.132082269166498,-0.0680564100248511,-0.106445625223752,0.0387886227503697,0.103749636748736,0.439526501572111,0.312745535963316,0.307910263978862,0.132230927920101,0.259498240609409,0.0757727452287747,1,0.772497304208325,0.352166997613122,0.241706840408938,-0.168295873038819,0.101101476198843,-0.12274767186475,-0.266210452714189,-0.161066141532347,-0.176186359170531,-0.173833903010869,-0.209425855976304,0.618780760341182,0.702851694513527,0.0663071123820355,-0.0103259832726207,0.0751298102426049,0.095504008600863,-0.259210958995229,-0.204815696230046,0.11075182076956,0.0686855503080665,-0.0277185354160933,-0.0362321509667845,0.289463631115985,0.169393611681161,-0.331113806903769,-0.342702619144718,-0.417033739990899,-0.41526434794465,-0.258108586411974,-0.25222814851328,-0.387452218037169,-0.327098252919798,-0.389967151075547,-0.361361137217619,-0.259511344969699,-0.0335140100071922,-0.278058070334115,-0.26816605710541,0.585995546870105,0.366247719370164,-0.245959776027795,-0.213036760630534,0.128125531003809,-0.0615102388251037,0.680753955157216,0.395370216358755,-0.0687003444138214,-0.293888203018601,-0.467483718939747,-0.46769285310159,-0.0302405506266662,-0.0318698005630933,0.0807181857316478,0.0319335868627111,0.358102918212495,0.541696066422394,0.232501858056012,0.313054182403179,0.194443287293811,0.211015917065838,0.643738281993385,0.591752886226058,0.772097297789114,0.500737278896964,0.275483282060295,0.323926788211905,0.321730901532101,-0.148049008292778,-0.000522673451227656,-0.00912791630061034,-0.101701922846824,-0.241738535585431,-0.31638545364948,-0.249936081656528,-0.377286796626398,-0.306266693503033,-0.0142005321737557,0.0744451522684812,-0.172859779700993,-0.01380998613815,-0.144037847587499,-0.167816227287845,-0.190428245018281,-0.267228735437634,-0.0982075214684668,-0.106120125941616,-0.0712563872508956,-0.125888506566119,-0.0806140280115048,-0.148171912514926,-0.0376167919868595,0.0394687364840549,-0.290854418319114,-0.0174863420149838,-0.178119841849446,0.113532771684503,0.0123988169950132,0.171428643729313
