"","Precentral_L","Precentral_R","Frontal_Sup_L","Frontal_Sup_R","Frontal_Sup_Orb_L","Frontal_Sup_Orb_R","Frontal_Mid_L","Frontal_Mid_R","Frontal_Mid_Orb_L","Frontal_Mid_Orb_R","Frontal_Inf_Oper_L","Frontal_Inf_Oper_R","Frontal_Inf_Tri_L","Frontal_Inf_Tri_R","Frontal_Inf_Orb_L","Frontal_Inf_Orb_R","Rolandic_Oper_L","Rolandic_Oper_R","Supp_Motor_Area_L","Supp_Motor_Area_R","Olfactory_L","Olfactory_R","Frontal_Sup_Medial_L","Frontal_Sup_Medial_R","Frontal_Med_Orb_L","Frontal_Med_Orb_R","Rectus_L","Rectus_R","Insula_L","Insula_R","Cingulum_Ant_L","Cingulum_Ant_R","Cingulum_Mid_L","Cingulum_Mid_R","Cingulum_Post_L","Cingulum_Post_R","Hippocampus_L","Hippocampus_R","ParaHippocampal_L","ParaHippocampal_R","Amygdala_L","Amygdala_R","Calcarine_L","Calcarine_R","Cuneus_L","Cuneus_R","Lingual_L","Lingual_R","Occipital_Sup_L","Occipital_Sup_R","Occipital_Mid_L","Occipital_Mid_R","Occipital_Inf_L","Occipital_Inf_R","Fusiform_L","Fusiform_R","Postcentral_L","Postcentral_R","Parietal_Sup_L","Parietal_Sup_R","Parietal_Inf_L","Parietal_Inf_R","SupraMarginal_L","SupraMarginal_R","Angular_L","Angular_R","Precuneus_L","Precuneus_R","Paracentral_Lobule_L","Paracentral_Lobule_R","Caudate_L","Caudate_R","Putamen_L","Putamen_R","Pallidum_L","Pallidum_R","Thalamus_L","Thalamus_R","Heschl_L","Heschl_R","Temporal_Sup_L","Temporal_Sup_R","Temporal_Pole_Sup_L","Temporal_Pole_Sup_R","Temporal_Mid_L","Temporal_Mid_R","Temporal_Pole_Mid_L","Temporal_Pole_Mid_R","Temporal_Inf_L","Temporal_Inf_R","Cerebelum_Crus1_L","Cerebelum_Crus1_R","Cerebelum_Crus2_L","Cerebelum_Crus2_R","Cerebelum_3_L","Cerebelum_3_R","Cerebelum_4_5_L","Cerebelum_4_5_R","Cerebelum_6_L","Cerebelum_6_R","Cerebelum_7b_L","Cerebelum_7b_R","Cerebelum_8_L","Cerebelum_8_R","Cerebelum_9_L","Cerebelum_9_R","Cerebelum_10_L","Cerebelum_10_R","Vermis_1_2","Vermis_3","Vermis_4_5","Vermis_6","Vermis_7","Vermis_8","Vermis_9","Vermis_10"
"Precentral_L",1,0.52929994618772,0.0586779101821696,-0.154516166807372,-0.111219214532061,-0.196623462120122,0.268694709456709,-0.0306616451751542,0.263213786770665,-0.117564393651676,0.404147331071894,0.154893039175005,0.399838682399688,-0.0241166619093779,0.241448142419909,-0.118118535724869,0.455069178149234,0.357256135680909,0.419751403855128,0.207221569598561,-0.150411946480989,-0.205088475629357,-0.219310718281976,-0.289333758495409,-0.299659235431375,-0.298659457581173,-0.153111083923658,-0.158226252343079,0.320224543190606,0.103180257265937,-0.0865178483809426,-0.209845184920989,0.0161470142195138,-0.224990895173322,-0.414410694783384,-0.346443364955387,0.00966968246917247,-0.246045901521088,-0.0915043754436373,-0.187999429219131,-0.0129345538243894,-0.148425293252481,-0.134669983067496,-0.174810874086617,-0.228603700993443,-0.319502323038373,-0.15606270427533,-0.156970006346637,-0.173192600694547,-0.201786358478608,-0.12948186203574,-0.143643336621839,0.0304491987374876,-0.122382071147999,-0.179010863029542,-0.23350469857088,0.589355399932567,0.408765050032427,0.216558727396137,-0.108307861088993,0.389993373869015,-0.134258270248418,0.415238042903516,0.0834014875641907,0.00204111294196083,-0.168396334843569,-0.179912267400503,-0.370098311887832,0.307398948758894,0.240507580484627,0.0075732480421657,-0.143664936297063,0.201720652149293,0.129651914890909,0.225716424730991,0.178858133389999,0.107215001545405,0.107300256481563,0.208377596090509,0.208751690222983,0.202633395424794,0.0313081499364671,0.0743945793408549,0.00817748058966828,0.0751924341862299,-0.121212100183086,-0.0542013831787297,0.0274668534797619,0.0964131206022534,-0.0274091518977471,-0.145852105270769,-0.056803052447744,-0.222931764821787,-0.078678113847351,-0.0797417325136511,-0.154118715974219,-0.017431605816766,0.0113755387550401,-0.0720998929665779,0.10248531174357,-0.15275621356538,0.18190268409597,-0.0289244960628542,0.193382906351754,-0.297686193756555,-0.123218910750876,-0.055993515240982,0.177543319079283,0.0916907721383657,-0.0445497802042006,-0.15791410537697,0.0103502206307756,0.013476918997319,0.14555092496634,-0.107889131788171,-0.124751758389958
"Precentral_R",0.52929994618772,1,-0.0612995060849067,-0.122208638615446,0.0148027392580023,-0.329130882360299,-0.0232558808974797,-0.128152177806854,0.190300808998917,-0.288284649599705,0.0681487138035418,0.152553444235566,0.0354125746329438,-0.0914140624574377,0.0191519252485399,-0.188900885293467,0.512222152659776,0.690304861910154,0.361328294419404,0.35715434513927,-0.169343187796593,-0.172079877377479,-0.191457157041628,-0.220987419503578,-0.167597620829124,-0.179862609659935,-0.0522481928193655,-0.158660196762737,0.238678274378528,0.22051113450785,-0.0137188937192455,-0.110707557371743,0.087889211388811,-0.00687025276253645,-0.249458299254982,-0.23209684846328,-0.106865184129288,-0.0591794439925701,-0.143458373904316,-0.0691023715819664,0.140529747985566,0.134476208565808,-0.247810444688528,-0.294156857479781,-0.17161346237067,-0.199152653642614,-0.299561430866786,-0.282352458204893,-0.233483753699902,-0.150049704182518,-0.240126223817242,-0.086182638093895,-0.0850430187712403,-0.0437535249925472,-0.257556544008182,-0.159368273858167,0.668543065870868,0.693942395493293,-0.0162671995324269,-0.156913822968911,0.12498131062516,-0.187436995275434,0.429843683466167,0.263695113361026,-0.14862960837588,-0.23024268551694,-0.207001355278863,-0.278063776279256,0.413288962320175,0.446670571700406,-0.120285429804718,-0.0807182629395109,0.190908060190513,0.359659207192972,0.119354168285315,0.375569861376018,-0.0471927824399474,0.164008096803738,0.298122701302561,0.432491083694822,0.399498811934673,0.227855987846685,0.0276999157766373,0.089346983529409,-0.00782766161802114,-0.0344863086914173,-0.0084700045782203,0.139360399648662,-0.0624325860379723,0.0463655786418391,-0.12228284907207,-0.131197772185815,-0.0956159594499244,-0.0704830217858553,-0.0396289573457886,-0.0779893655340987,0.0371750954647508,-0.15203277716599,-0.000412628916341295,-0.044179973445299,-0.0123635667335002,-0.0141727188305837,0.149917994380871,0.00696613456481255,-0.0997766296384346,-0.0691314191375216,0.0661431230116572,0.0316734774795994,-0.0127311834523664,-0.0715590789675621,-0.140803675167224,-0.110713513420911,-0.0535728654967347,0.0737591174353713,-0.244967987925285,-0.0179859705673095
"Frontal_Sup_L",0.0586779101821696,-0.0612995060849067,1,0.115168956334376,0.588639718769593,-0.129254963240395,0.59364126152203,-0.235493437685374,0.353190537084506,-0.238800890501798,-0.0160632501676698,-0.3654799098411,0.223765181035343,-0.23051617022793,0.368358551394668,0.0120793657078234,-0.0835284448368505,-0.0305125900366425,0.118487261170022,-0.181292741238378,0.283826853981442,0.211838268499022,0.652829454304538,0.426936200548304,0.505644901795723,0.344077012441288,0.39865254166967,0.219622758304944,-0.0240325867274185,-0.117012381300481,0.384867586100824,0.30027300407226,0.26526046900566,-0.0409533497533553,0.26784179104223,0.13369425320188,0.055649373695223,-0.261664527571376,0.126732946624788,-0.133544277809947,0.0853328241219792,-0.140341985610912,0.103326854665847,-0.0623013232751968,0.138216453890019,-0.135363083111481,-0.00579525980223469,-0.163793080594505,-0.0609651651433985,-0.328012565496075,-0.199278334073091,-0.345669595884302,-0.234712181333846,-0.260806577160954,-0.261923501189158,-0.405131742875915,0.00903185069091263,-0.168691588594506,-0.205502004004675,-0.439495615695404,-0.0294118163406875,-0.424998635423887,-0.00496444091799351,-0.27624862814508,0.324965201152153,-0.109102843833086,0.113615437927165,-0.110790652668801,-0.0702711766654656,-0.133614634940569,0.228629944063505,-0.119468811298987,0.129724431745358,-0.0609723709832415,0.125429206251713,-0.044363166321863,0.145423429903485,-0.204073608164752,0.122648218023219,0.0306282043819829,-0.0651691119885148,-0.0872014501047644,0.235274620927498,-0.103746813165154,0.107501706107209,-0.0925467961302195,0.245838347641885,0.057174892057879,-0.0190256827822471,-0.403912317157195,-0.373722474490743,0.0251241445997096,-0.276583687933778,0.226480363584599,-0.0851878173047512,-0.123571274865281,-0.164572595005896,-0.20284374202051,-0.282560746003418,-0.245393199321626,-0.418154596402398,0.0489600943955871,-0.237906938868437,-0.0364746743749749,-0.0573281622751028,0.0709393498239118,-0.202079913903804,-0.164162448297653,-0.0215925644473036,-0.266583476384112,-0.0662568282670979,-0.0669428371017997,-0.0927335706585701,-0.162535694706172,-0.130891765330247,-0.0225788568130925
"Frontal_Sup_R",-0.154516166807372,-0.122208638615446,0.115168956334376,1,0.146636271443822,0.399301331845416,0.165245169578129,0.66261402120014,-0.0392136586400675,0.335768770792835,-0.134568911942342,0.182318276718218,-0.040257888883344,0.283653953860801,-0.276768277136558,0.00958797417834375,-0.354918892696714,-0.2001465508615,-0.43513513098574,-0.0447574560225108,-0.041847867739639,0.0387554950007365,0.114254207252357,0.467697185961221,0.250002449834768,0.377286413433422,0.234771845855627,0.236449348399303,-0.396992979300378,-0.227965079044981,-0.0378145672729868,0.13943708450198,0.060814790435658,0.366469590108621,0.155010681857121,0.313344668242204,-0.471267989781822,-0.308809629770303,-0.332527126341612,-0.227948441337575,-0.199492897258542,-0.113091090167541,0.0514987507252762,0.074242267564169,0.00399529685193932,-0.0249477191088812,-0.0182108003954832,0.0139185870526841,-0.00323591860621266,0.0313527032498744,0.0762225391835834,0.12173893006541,0.00147053253642026,-0.136617814306431,-0.0243761819977335,-0.0300294415111049,-0.207621031949049,0.0327915140818363,0.0525376833362805,0.256628879366287,0.0263485103303434,0.380096512521224,-0.148017075921109,0.195559956784883,0.0631788277014885,0.512444873209828,0.148169674312752,0.346270857593583,-0.285891270131909,-0.173060512274394,-0.302837441273067,-0.0138525284855994,-0.190986412650106,-0.161565818849507,-0.17139077102202,-0.0687508030504028,-0.309690819318862,-0.120108592634753,-0.310972328247372,-0.316949605382767,-0.283241303450486,-0.216475034734294,-0.297190358943953,-0.371870796624665,-0.1521638631505,0.213588698594829,-0.169320636984783,-0.115906255833722,-0.0800615326156101,0.254362653494687,0.191581945083431,-0.0868499175199106,0.348419668951883,-0.0507243131276846,-0.188583163207293,-0.236305169704292,-0.148418187414549,-0.00243248954025512,0.166731257125614,-0.101454172741634,0.305551489206992,0.0584672265024559,0.116921628431731,-0.0500451823020148,0.0268721800341709,0.0241760627333391,-0.0203888185813201,-0.0195563634527631,0.050652882687058,0.0286963107402182,-0.00140838746625722,0.00728122448086622,0.0521780679719844,0.00515234803505916,-0.111465135017095,-0.0307091865452062
"Frontal_Sup_Orb_L",-0.111219214532061,0.0148027392580023,0.588639718769593,0.146636271443822,1,0.183628844608867,0.21435341969622,-0.111887735971392,0.574130509298367,0.029311294527462,-0.0863101395017353,-0.215563679611865,0.182174067904109,0.0267134868501441,0.34602290028927,0.155786226928643,-0.133074429890463,0.00270178201388638,-0.0471848705777896,-0.146147717744981,0.37951267317529,0.17339281584779,0.57121584217028,0.529411450553863,0.781740118559074,0.642459012070913,0.844215505190449,0.586895110581521,-0.193488624399526,-0.189200193682366,0.329049891898289,0.302590428428532,0.165345129164999,-0.124089424154183,0.324017574877832,0.202866420737017,0.0256467944171787,-0.172786326260129,0.162683431096958,0.170009767747735,0.184624413831189,0.0575783656952974,0.062687097732467,0.0256305578223809,0.0619322694615928,-0.0615439560573184,-0.0102404147145704,-0.0279632349271868,-0.179972930383534,-0.234632162817293,-0.183892784505591,-0.216485106293769,-0.23251045377681,-0.199228967911042,0.0208984374538433,-0.0483197917891799,-0.0512097815732934,-0.209112803235014,-0.343859243100759,-0.40374792245502,-0.261162671416791,-0.329588901723122,-0.127915505352291,-0.15073938709491,0.169034998446868,0.0482098887257176,-0.0455563372067664,-0.139771688909935,-0.130916448243406,-0.166538987930476,-0.00317467213790371,-0.172967621714768,0.0250835457929125,-0.140545432526822,-0.039562892268326,-0.0817806718636429,-0.0545569947404797,-0.276225857574232,0.148293090096486,0.122300907050915,-0.0416132108790165,0.0618971021290007,0.120029186860479,-0.0507860628078506,0.198452634475865,0.168292014478006,0.254674664544247,0.225786854221241,0.0976604703640219,-0.186622716440882,-0.266339306914907,-0.235826893990269,-0.0338754460771521,0.114289166171592,-0.246996832716638,-0.0555070187271512,-0.0456265273489933,0.0622163896433346,-0.15075933092948,-0.258578506941803,-0.140239927423277,-0.0962964304113201,-0.125412887495948,-0.252084701643799,-0.111169105245865,-0.042557651141152,-0.231424625636338,-0.185397599708012,-0.231537006658122,-0.286143882591297,0.112169477181717,-0.0832809301413028,-0.143235673222781,-0.149868370541398,-0.196979210148808,-0.144980280082281
"Frontal_Sup_Orb_R",-0.196623462120122,-0.329130882360299,-0.129254963240395,0.399301331845416,0.183628844608867,1,-0.187043787880623,0.616762024563436,0.116579627523748,0.829429325744533,0.193694731526699,0.301593908582575,0.124817618455757,0.593720347757363,0.0189557249864117,0.283362161823428,-0.288810750627975,-0.311408281194627,-0.412234424721172,-0.247678151760414,0.115113581220487,0.238896688899877,-0.00621015140450559,0.286349666727906,0.179378757426229,0.366264897754636,0.335405208845737,0.509885555955257,-0.269928788992976,-0.119624699725908,-0.18250770418326,0.0603934358458613,-0.35576546509597,-0.04105766615256,0.0177981559330118,0.125764091044906,-0.148808270277987,-0.0479779346009097,-0.223233032891839,0.0337633398957073,-0.129605830746998,0.0363685102611397,-0.052825561723547,0.102865165955069,-0.121388053611138,0.0806342130609532,0.0197814847462245,0.14811400824732,-0.0192305311012712,0.242820012882683,0.264152508757282,0.302708937659868,0.317011662858847,0.146828676967979,0.327782028783578,0.261968123487291,-0.351976493758271,-0.213994013080457,0.0736149120898977,0.404218582973897,0.0566787664056621,0.575657871658875,-0.281525117274666,-0.0667287320420081,0.071855654015457,0.453582405341665,-0.0897281209441072,0.155330715122856,-0.291480208423494,-0.280338188928834,-0.212049422660617,0.0620539084175173,-0.0527278148854782,-0.0741577727180435,-0.111206399277182,-0.0726788311761414,-0.330803460668767,-0.120264162930655,-0.237187309805839,-0.241319451633716,-0.268220855478519,-0.122325065872492,-0.239901006682738,-0.20465715304327,0.0344373320266656,0.115038774129613,-0.0504869642587109,-0.0831276415494806,0.245889642615065,0.328061916046582,0.360897553490522,0.0842551042072657,0.449387722165387,0.00330010986359865,-0.224353106164769,-0.260510150593011,-0.173134490658828,0.153646543508757,0.24233448614521,0.117049972359917,0.394212683159104,0.0426658736656931,0.197584365506755,-0.0214981026093268,-0.104336809449445,-0.0203064679579301,-0.0668005289187385,0.000471749964777726,-0.143556401230399,-0.130104238153751,-0.0998863267239655,-0.00529716572442304,0.0936278661439658,0.058138012662107,0.0653313672026283,-0.171274053557838
"Frontal_Mid_L",0.268694709456709,-0.0232558808974797,0.59364126152203,0.165245169578129,0.21435341969622,-0.187043787880623,1,0.0219759286766137,0.328543494056179,-0.202069100587517,0.0646771428673816,-0.16101816471611,0.29385561373035,-0.155988726911066,0.172350364054164,-0.0967328449774702,-0.0715728541294633,-0.0525230307230577,0.0684965262364172,-0.141181129841499,0.0983757843970504,0.0919320800567714,0.246454740174638,0.0838626031421239,0.157223061754766,0.113224968832865,0.0963098639262991,0.0532346311776467,-0.0493065934979953,-0.100279940991717,0.154803918146647,0.086246117237311,0.368583884180293,0.139042727849565,0.0422251529201589,0.0419779878098609,-0.0712327699597099,-0.277363105978183,-0.0859191250505396,-0.334725502166469,-0.117949321878597,-0.425041975417557,0.0579025658634275,-0.0774487879168795,0.0266614424704809,-0.192772419314748,-0.0562279580946816,-0.181313268756149,-0.0367284181186444,-0.308895536946079,-0.180488264219835,-0.283381479647782,-0.206103152926397,-0.16309614790591,-0.355455246328649,-0.355268391070198,0.0954357470726306,-0.0977828639086157,0.182574039166002,-0.2081380123865,0.356120948721206,-0.220364461695906,0.0460070533236134,-0.00833869798903864,0.219892644247772,-0.0394780984018346,0.284531043830201,0.0628157878398047,-0.0821615426361817,-0.0604696871022106,0.186312931183954,-0.0214461317937584,0.0143460014119798,-0.186872057971666,0.126066612840006,-0.12918129392899,0.131589154286942,-0.134118606159712,-0.015272361776499,-0.0734972099682112,-0.14241961347691,-0.241814640365569,0.0138342903515148,-0.117492938371712,-0.124380045784462,-0.203312791540426,-0.106511821104973,-0.191061322044576,-0.0749627249423199,-0.253588601465797,-0.21867776162815,0.158992321632521,-0.121856034902494,0.199851963208028,-0.116235777375372,-0.155033211400536,-0.207939856713339,-0.201384991023244,-0.286064349025812,-0.157908916936961,-0.180501542478312,0.286474492379424,-0.152120460865422,0.196418056077193,-0.0546999397145438,0.0997255923811369,-0.111797837275458,-0.0386418562337472,0.027246335895175,-0.194180044769335,-0.112523147709799,-0.196406570318623,-0.083998545542825,-0.0660923713195693,-0.0585168405188293,-0.00681303753821145
"Frontal_Mid_R",-0.0306616451751542,-0.128152177806854,-0.235493437685374,0.66261402120014,-0.111887735971392,0.616762024563436,0.0219759286766137,1,-0.0371822737297107,0.562049523173577,0.162490516190499,0.559224481639486,0.164137577234114,0.642647173750984,-0.21569234518625,0.169042110362135,-0.210759382276529,-0.185711395321884,-0.432674327865688,-0.0453275590342032,-0.129475492371506,0.0856347631897356,-0.118576888784591,0.199322834750534,-0.0530757358442159,0.135284011047752,0.0272017646959601,0.16094135219153,-0.223570824072052,-0.0346670566599689,-0.18186573690472,-0.0644568243394383,-0.126549890558632,0.248898172993419,-0.0797758546931222,0.0784849039673501,-0.410305337702034,-0.208973100125946,-0.354667378625669,-0.18370058680496,-0.244199003761621,-0.0849265960311009,-0.0260835327307154,0.036746808986419,-0.127040419231239,-0.00934464760577442,-0.0170327977649903,0.0399464674593287,0.0290112318032126,0.220356334690557,0.211417533348097,0.277279324632486,0.197040087645805,0.0250975574420793,0.18279264720647,0.154914836206664,-0.208889886410561,0.0190752726121119,0.16395429558456,0.493015684418679,0.211803873082601,0.700981348754504,-0.142983333553029,0.26509191081333,-0.0118766771128651,0.510299498492868,-0.0281840373783989,0.229509099164308,-0.277380584487883,-0.184279639386783,-0.376659158023903,0.129360253499184,-0.123609837510947,-0.0206440340956161,-0.151685823226282,0.0263539526915723,-0.3659288547375,0.0307192055308113,-0.22135293875405,-0.274708914810904,-0.247222943467587,-0.128157001868371,-0.305559884354086,-0.247969670883858,-0.157310540632224,0.173422234462898,-0.202129883861741,-0.179262735041088,0.00585963586188784,0.373468916632806,0.399944545038487,-0.0185748365261649,0.47787614204093,-0.123502861877717,-0.222216998651143,-0.320228416202237,-0.151220278489037,0.017425157986098,0.283411237155882,0.013057985652948,0.532587986753835,0.0902244342158852,0.242767208037601,0.0367397224997283,-0.0999066917718092,-0.050528858005423,0.0365049328900581,-0.0335667522169363,0.0360195051069274,0.000765704388824037,-0.11667578359836,0.0184869433862603,0.0851403909160785,0.0359485466840583,0.0363783803035943,-0.168929912535201
"Frontal_Mid_Orb_L",0.263213786770665,0.190300808998917,0.353190537084506,-0.0392136586400675,0.574130509298367,0.116579627523748,0.328543494056179,-0.0371822737297107,1,0.175399369377889,0.0946887997398635,-0.0301820685169848,0.2484410114685,0.0610286621634132,0.290819825962826,0.0336234572929766,0.143084594682934,0.211543816080971,0.13679246133678,-0.0502030692711056,0.0962984060704048,0.0415895940914161,0.102523752018207,0.0846029046562064,0.294479104286127,0.21456905601759,0.362624141496909,0.265365347461879,-0.0358717897341976,-0.0980765669577276,0.117179720043685,0.00152525342618713,0.125250472787644,-0.0790871956883493,0.0117683880514384,0.00562120053929896,0.0114020725298816,-0.235792619444769,0.026885368224002,0.00900568234688811,0.0216402364593099,-0.143376541408449,-0.0818718389225976,-0.123356264538028,-0.106496479597358,-0.0954795319186855,-0.153465807242321,-0.168931925027535,-0.151082239037615,-0.177720503027558,-0.15769239951326,-0.125375073669388,-0.132393435633028,-0.0378071867347047,-0.0681358833879812,-0.063955209644764,0.184125950117205,-0.0372879884709603,-0.135667950868858,-0.337383608852356,0.0240410473484884,-0.253241930256357,-0.0183119632136139,-0.061779736315043,0.0511257830267689,-0.0996902782544615,-0.146514013156478,-0.228708412350313,-0.00127297699206455,-0.0312867282907369,0.0619077951654373,-0.110639381953755,0.136069690813192,-0.05931059283417,0.0378239857388406,0.0117195935819773,0.007695936786328,-0.132176620589064,0.260881714058962,0.126204276541018,0.0340512689968786,0.044412929685532,-0.0179311978078685,-0.0158106264704058,0.0391456082295934,-0.01342924364727,-0.0402239631344023,0.020456589304863,0.090259555089212,-0.104877995000288,-0.147403933021917,-0.10646110089553,-0.00092438501707151,0.00444540266001787,-0.210741751462495,-0.140286927532848,-0.225026367636477,-0.0831666514115664,-0.249098319849597,-0.110313181633805,-0.0444676098313466,0.0211284158536098,-0.0691985808069358,-0.141547098313698,-0.262762292525636,-0.147058317729543,-0.197811951347321,-0.096106422043453,-0.197119856107539,-0.368358281480428,-0.11477719714547,-0.175212500540503,-0.112975447191786,-0.190698242951466,-0.266348545345424,-0.153446444805939
"Frontal_Mid_Orb_R",-0.117564393651676,-0.288284649599705,-0.238800890501798,0.335768770792835,0.029311294527462,0.829429325744533,-0.202069100587517,0.562049523173577,0.175399369377889,1,0.259751076704722,0.353872596922807,0.167087574186327,0.536046623235517,0.115338240493949,0.324633325967822,-0.1469869769948,-0.18184154278663,-0.346113511963777,-0.164773536390776,-0.0703204099408145,0.108290051917381,-0.125857453397579,0.0932349884041641,0.0201309907980679,0.116490097862025,0.123625370462431,0.208589548896176,-0.153568412064728,-0.00885969824488079,-0.254437628221047,0.00200892261337945,-0.328958001401611,-0.0376193561661984,-0.0680765362313597,0.00799579948791301,-0.18035040565952,-0.0218564284861493,-0.27202998090619,-0.0452456561022995,-0.179977341161209,-0.0497063183278591,-0.163861426255879,-0.0212769734704345,-0.222942760565292,-0.0300558858419727,-0.0827645763149904,0.00325008438145956,-0.0826418838124415,0.181279753993227,0.23871432772668,0.270983925991047,0.263260372480211,0.219471160578241,0.205126688080376,0.157336584347254,-0.22915129115885,-0.163928264392158,0.0908450048890735,0.364237024867698,0.0945574048116262,0.564407377221189,-0.243343455962761,-0.00356113284666405,0.0572027656204849,0.406757074039423,-0.186890099005626,0.0210211109294616,-0.256481022790339,-0.252974632833527,-0.148033880291968,0.0333009865258906,-0.0178749344880881,-0.0461660175577504,-0.0657400319170866,-0.0827384034751856,-0.31217310010876,-0.169818834764705,-0.148674503926107,-0.20400706251135,-0.22156081734743,-0.0720353002674415,-0.251668388577964,-0.152500808727127,0.0464774203249215,0.105359973371907,-0.126533186698179,-0.154348590427202,0.169088148553535,0.326715756848131,0.371475124629583,0.0909775811354767,0.478644919888274,-0.016157392876647,-0.101993245343439,-0.238540786433227,-0.174180455567151,0.103360892601798,0.129185218661277,0.0990710572081302,0.431217871668869,0.0542630570967935,0.203109233420172,-0.00142360583226101,-0.122853879674996,-0.0561340232684062,-0.0962133435939142,0.018529866347726,-0.0399295606140151,-0.134156836021724,-0.185697040867468,-0.0331222674534689,0.120286128605994,0.0584031759371135,0.0551475501146907,-0.137841214995091
"Frontal_Inf_Oper_L",0.404147331071894,0.0681487138035418,-0.0160632501676698,-0.134568911942342,-0.0863101395017353,0.193694731526699,0.0646771428673816,0.162490516190499,0.0946887997398635,0.259751076704722,1,0.372060106979619,0.666024880887904,0.444975620118582,0.329114132783245,0.145966582193974,0.255646463897161,0.12935640643646,0.0535840178231086,-0.155741561583005,-0.113404707916492,-0.15225989824722,-0.013763118134647,-0.131375476479086,-0.250964899830034,-0.263326447711881,-0.0579702817019574,-0.0702657162957928,0.232190292050047,0.115650714078968,-0.188045049557207,-0.138859391236549,-0.133897897475427,-0.138333491224425,-0.215517209661077,-0.227091883774769,0.0734060764114742,-0.081843421426109,-0.176979738605933,-0.0881360885767897,0.0352260608152994,0.052760864543732,-0.215823147383567,-0.137630369890116,-0.29869448861187,-0.273388937627245,-0.248060281760174,-0.1887254501255,-0.264184665891299,-0.0407481444855175,0.0176965025680483,0.0834433809030706,0.215280608492574,0.112400960294938,-0.0417202737849715,-0.0710264929165727,0.0798609864213066,0.0221791721824352,0.0890041906890472,0.180742652774802,0.387141491491824,0.17877003742095,0.188575634357558,0.00050478813370226,0.22075208611582,0.142809825132345,-0.2476605804864,-0.254287512085129,0.127445127062504,0.0510930571628545,-0.0812542983606823,-0.164012937774453,0.190780927851559,0.110218518479918,0.0897391046048032,0.114810061148264,0.0159689673481573,0.051131581976127,0.113877267538214,0.0556379083965304,0.0402280357419048,0.11673997341212,0.0532659287193294,0.0258799502963565,0.279295254242213,0.0807578677568822,0.0585432784845984,0.0774186994809935,0.274033759950079,0.0397324479197523,0.00824725200902895,0.127913208178076,0.0651848200342254,0.0971153457759062,-0.125013206726892,-0.218833432729873,-0.182569123903518,-0.0846998426639704,-0.0777922108341464,0.0804015195849256,0.00174045018094552,0.111641314250166,-0.0274456557028434,-0.0364690976633579,-0.254980578378533,-0.133810605335315,-0.200519652131178,-0.0696297471574439,-0.0104827447521766,-0.122091371467711,-0.172180089254387,-0.0908545067587061,0.09175474804114,0.0666272311567369,0.0491886815816543,-0.113486677568284
"Frontal_Inf_Oper_R",0.154893039175005,0.152553444235566,-0.3654799098411,0.182318276718218,-0.215563679611865,0.301593908582575,-0.16101816471611,0.559224481639486,-0.0301820685169848,0.353872596922807,0.372060106979619,1,0.224676887092428,0.697775149995449,-0.0300590509356144,0.312692101490132,0.168482727551123,0.20087940859444,-0.0513370946376559,0.208733321433514,-0.244905296616155,-0.153633318335298,-0.212980784911126,-0.0514373572089172,-0.244042198244039,-0.141329574236919,-0.144432994757707,-0.0609842274010759,0.161473599954486,0.354143335699724,-0.121230518379278,-0.0652073647514593,-0.160107526331033,0.0419860811842037,-0.431704026579088,-0.338631560134708,-0.367521158024505,-0.200440041574965,-0.329858083715928,-0.102351607602794,-0.0340178160322237,0.120145069395921,-0.240982999617589,-0.146593360439823,-0.315147060721994,-0.202455391124326,-0.176349448126326,-0.103360679031203,-0.107996032916481,0.165838900719433,0.150878579449691,0.258614710633245,0.239741160436655,0.126496822670368,0.137583374769768,0.179898550699872,0.0271224110465377,0.285748082288945,0.110550261474893,0.375290955290829,0.263718671116845,0.456206036069514,0.283921783579631,0.521460769844384,-0.232658130492151,0.0561809051238596,-0.392691664534295,-0.167488193637963,-0.010132042056989,-0.0727515329341914,-0.390605461848025,0.042411816167413,0.0660544918172787,0.283849681562493,-0.180766968383493,0.199734611298624,-0.313986711692948,0.0470009928297946,-0.024950757434788,-0.0531805747865022,0.138065293261284,0.239036434469092,-0.0621298208512328,0.11688968931646,-0.033070508730843,0.134729380762798,-0.171724607367668,-0.0985290574106994,-0.033265371456412,0.218502175631993,0.193356549527671,-0.0650149103338921,0.20764743371393,-0.220321044216378,-0.302722332553511,-0.170103717492845,-0.196897975350222,0.0580526857024816,0.152596286808229,0.0563591896688347,0.404008740555465,0.0464173091673273,0.227372526598227,0.0607108059611229,-0.138396259815614,-0.173629487745509,-0.00843001647045963,-0.0131102174077909,-0.207724551097401,-0.178914059127305,-0.323090521004719,-0.146672319360626,-0.0521487896409896,-0.0170715133724861,-0.0215435406131397,-0.0956320896547378
"Frontal_Inf_Tri_L",0.399838682399688,0.0354125746329438,0.223765181035343,-0.040257888883344,0.182174067904109,0.124817618455757,0.29385561373035,0.164137577234114,0.2484410114685,0.167087574186327,0.666024880887904,0.224676887092428,1,0.386870436880342,0.485636569430622,0.222320816179148,0.12056400222698,0.0249895705785796,0.124401528680651,-0.108720869646364,0.0479008602371779,0.0290634275953199,0.192340946424962,0.0683337922386078,-0.0453014259230967,-0.0024681917852018,0.12037862765049,0.0915791698157059,0.180826414541817,0.050910583776206,0.00778413098582641,-0.00862641576170002,0.0274384038316317,-0.140424497571179,-0.0580455134551816,-0.120463324611456,-0.0207745430775061,-0.193592150182,-0.100377869761773,-0.0910043495535969,-0.0785357250500156,-0.136111795460627,-0.067817167282162,-0.0758409435266306,-0.109171385251897,-0.190945421235232,-0.0954900222542311,-0.110706128299532,-0.140145481886942,-0.114517610784492,0.0178168695351145,-0.0749095795137695,-0.00503411135980357,-0.120475568434461,0.0252132420717282,-0.119169535176672,-0.00906587435851204,-0.126617468608734,0.0836123273959117,-0.038669502944337,0.376612262715648,-0.00344022441783846,0.128265273176904,-0.0781098658186467,0.316589924770712,0.0933013722666291,-0.104513482872753,-0.217166729939765,-0.0491683887584299,-0.0602583566021477,-0.107068206587413,-0.310583511307944,0.0538383754087349,-0.0704194724552691,0.0650225887744002,-0.0413233525910141,-0.0230547626010027,-0.0529404110182614,0.144579877803821,-0.00942896686670455,0.0436783305663503,0.0305008329884987,0.0709576693146262,-0.0131705721308652,0.328374890802129,0.0603706653127326,0.0727906353192483,-0.0747249176877332,0.342431270912495,-0.143313752683117,-0.0555182538956527,-0.00674601666649823,-0.00249109826688459,0.136248895062832,-0.071350329075527,-0.176648053770772,-0.0392251211600165,-0.0327166039072886,-0.085808550821779,-0.0815432595591779,-0.0568874077886595,0.188291901350999,-0.0642589335889724,0.0664223927488864,-0.2507782812317,-0.069958928242981,-0.240598541386279,-0.0887893547859785,0.0652504586203864,-0.0981725662545464,-0.049338841761819,-0.000742698554306329,0.124945487479963,0.0312575016395371,0.0665843700283565,-0.183477947130195
"Frontal_Inf_Tri_R",-0.0241166619093779,-0.0914140624574377,-0.23051617022793,0.283653953860801,0.0267134868501441,0.593720347757363,-0.155988726911066,0.642647173750984,0.0610286621634132,0.536046623235517,0.444975620118582,0.697775149995449,0.386870436880342,1,0.0530631270608322,0.455171958550649,-0.0759061952940868,-0.0888620950493227,-0.272965873368552,-0.0476320212044881,-0.0721658451305778,0.0716327959821353,-0.028864431064646,0.156060913516715,0.0258349783231484,0.14523834536863,0.123642010164581,0.174243455506574,-0.019591231226922,0.160542058210819,-0.0876912834513884,0.0465037767622755,-0.211981295534675,0.0563663013665766,-0.095252981393762,-0.0521234469641311,-0.313024044075358,-0.155539698496652,-0.317830994153367,-0.0695177779207759,-0.10530165936465,0.0736660011488687,-0.217809599144069,-0.133877717038298,-0.217151310432104,-0.0951414908603964,-0.197346424674693,-0.077799124207523,-0.102357357470779,0.147591441925909,0.164608234272771,0.26740613879117,0.216926781722887,0.155190109860755,0.1985598285727,0.199314133014107,-0.196830806437349,-0.0245369514176826,0.0677512036670366,0.370945801163498,0.196034699237889,0.435582201585832,0.0196256447516622,0.266169320902828,0.0183242965819979,0.290775540604257,-0.224538781808793,0.00208705286761701,-0.0976718914729533,-0.162576961867202,-0.331483379804316,-0.0115412015837066,-0.00112862244617051,0.0601170305058937,-0.174659164537174,0.0511325605797519,-0.265361561605699,0.0294815247079991,-0.0799465029897614,-0.0609929207110031,-0.0695554861983658,0.184049210735113,-0.0705438431829453,0.0394571891132076,0.0676798444254259,0.315808491444614,-0.0601222963886612,-0.0426571471164379,0.0952498818675077,0.214810055422441,0.233654648605668,0.0397235306690433,0.357986287940876,-0.0616250467996605,-0.264106258094356,-0.229669192068037,-0.2036996841032,0.0594735577814318,0.110327945201216,0.0260299881814849,0.371737494161154,-0.00154565370580792,0.149662804165465,-0.0122221669176693,-0.167053378781585,-0.108720404532413,-0.139612396236349,-0.0845729683528948,-0.216600227238846,-0.130987796820952,-0.191919181732575,-0.125420394514471,-0.0168107704409733,-0.00520748368460562,0.0352942970940515,-0.152424169484185
"Frontal_Inf_Orb_L",0.241448142419909,0.0191519252485399,0.368358551394668,-0.276768277136558,0.34602290028927,0.0189557249864117,0.172350364054164,-0.21569234518625,0.290819825962826,0.115338240493949,0.329114132783245,-0.0300590509356144,0.485636569430622,0.0530631270608322,1,0.391218870642636,0.284651565134024,0.190365330577238,0.274460493070473,-0.11109833602787,0.192827421733205,0.126935094907208,0.280589431996192,0.0159944978247002,0.193236606500516,0.0297764306159772,0.183285999030813,0.0655035888148465,0.369358760406347,0.277513271703681,0.222562779428083,0.16109130878026,0.0542178632033223,-0.253939412197574,-0.109158224070621,-0.264398570157398,0.072425365977631,-0.0978196866767474,0.0486622127892265,-0.00998498527937081,0.137460839190591,0.11334494907167,-0.0757035018529306,-0.123017572025475,-0.0938365200991352,-0.207295686554149,-0.0790368369905291,-0.169374385690007,-0.21802212475155,-0.312601230449097,-0.205785689883856,-0.287765295282022,-0.157583111239994,-0.164994875337011,-0.134933760793077,-0.231114930284308,0.129653444250177,-0.0757719013772643,-0.135700302962551,-0.322965506394998,0.0977841969246658,-0.21256543041002,0.198258174375558,-0.0775108971740567,0.181305192219588,-0.168034793308374,-0.258526115482757,-0.465898248957799,-0.115382456756162,-0.190256900509697,0.173593366129148,-0.0644539657562395,0.24694516525192,0.11360796976117,0.221665959526617,0.0177911642057494,0.0824791347202173,-0.118662780844784,0.314823646111793,0.310470396903792,0.223120205245213,0.256973895347708,0.505568106401225,0.297604281491744,0.428701654157027,0.0255427194604481,0.392907056311775,0.213131628466843,0.270683152443376,-0.297703362092238,-0.250456255775407,-0.0228213675949389,-0.177273295675352,0.179789974124665,-0.0917833616423505,-0.178134667192596,-0.0592447041084992,-0.0385197026199192,-0.168728927862744,-0.137867337170762,-0.164407839364257,0.14038299954562,0.018643672741876,0.136260591861701,-0.135810781398523,0.0311742858306307,-0.272721353045088,-0.00136717099946467,-0.0907099295993395,-0.246715253851809,-0.127069862748345,-0.00665023927643609,-0.00169009282748006,0.0750083435043144,-0.012212816991497,-0.153366753189155
"Frontal_Inf_Orb_R",-0.118118535724869,-0.188900885293467,0.0120793657078234,0.00958797417834375,0.155786226928643,0.283362161823428,-0.0967328449774702,0.169042110362135,0.0336234572929766,0.324633325967822,0.145966582193974,0.312692101490132,0.222320816179148,0.455171958550649,0.391218870642636,1,0.167730601851749,-0.0270691240914407,-0.00218019897250038,0.0508941364091709,0.107210546105761,0.265656838116752,0.348779865403249,0.323172528629359,0.31697797312552,0.354485783861627,0.170170598975377,0.155065709164316,0.314432943403894,0.473062635335904,0.404689500899694,0.42640470064905,-0.0471554216468767,-0.0123012100818725,-0.134892716774844,-0.209467575722167,-0.244097393530145,-0.177525992423357,-0.095447115232388,0.000189252005867362,0.0639308609509649,0.244692260171142,-0.12079637547233,-0.140357787267169,-0.133447581822187,-0.160365070040709,-0.00299000240964139,-0.0684982235987599,-0.10012078827823,-0.186982207931092,-0.0367372859561206,-0.125862383690115,-0.0333540544676506,-0.100577364335932,0.049011842483841,0.0390108752038234,-0.145206685382136,-0.125149379729147,-0.19954337143567,-0.0707004059544726,-0.108374794573048,0.152151313133916,0.125659283543195,0.324211486109605,-0.0324288918786839,-0.0391556103974546,-0.317277039250971,-0.271851094843178,-0.182847545182518,-0.305047745301336,-0.0709906324511122,0.173110873169025,0.198796954962731,0.188023170328934,-0.0534966402305186,0.0481936120776405,-0.0255556269783841,-0.0301266028035107,0.264083392560465,0.203508614508304,0.187438283741227,0.377882869939159,0.457043918078583,0.471878933410998,0.314931189836,0.275195935281907,0.282681882920425,0.206252834441461,-0.0571103683623319,-0.138140770899224,-0.0443639854279889,-0.174412919064112,0.0145703230649992,-0.110773946625126,-0.184623284607338,-0.225114660418412,-0.131819236922894,0.0702663534644734,-0.049441228970575,-0.0349080939726309,0.0661937464468111,-0.199857152329556,-0.0324435982094191,-0.0277384917417671,-0.180453030289224,-0.174966829552299,-0.323244808868947,0.0300804038635409,-0.252672177621521,-0.152357085829039,-0.203095686089151,-0.0411817710488871,-0.123913640094263,0.0402995946352638,0.0812172691922421,-0.219227453600673
"Rolandic_Oper_L",0.455069178149234,0.512222152659776,-0.0835284448368505,-0.354918892696714,-0.133074429890463,-0.288810750627975,-0.0715728541294633,-0.210759382276529,0.143084594682934,-0.1469869769948,0.255646463897161,0.168482727551123,0.12056400222698,-0.0759061952940868,0.284651565134024,0.167730601851749,1,0.802200362442676,0.44900730845272,0.271639624564092,-0.0695660682500892,0.00997952463778032,-0.161487692566015,-0.302958157947713,-0.210367967495298,-0.232311547047008,-0.189716086653119,-0.248618579784693,0.779102083497153,0.692833415491067,0.214148629953465,0.0414382929266174,0.167542345737367,-0.0125132241190575,-0.402804402199089,-0.340777256243626,0.0852063985940066,-0.0619424417599426,0.0290030642866908,-0.0396428136743254,0.385389003075295,0.252145873210621,-0.327418766198579,-0.399756146669695,-0.292883800569759,-0.350620244550602,-0.270420158134765,-0.334412133239784,-0.370454178151411,-0.39617624961461,-0.409211239638769,-0.37294210801193,-0.213414187048374,-0.168847318187694,-0.320834011984022,-0.291087027385237,0.660955286854278,0.430153945107853,-0.219467219322335,-0.359798979782542,0.0578645717965475,-0.249661484449949,0.647031161226598,0.378294929469708,-0.161291310294721,-0.38039816135446,-0.431372828646125,-0.496039829948455,0.184057047578483,0.189564682493961,0.0107675911434133,0.0240865775940007,0.467198101312673,0.59522458976446,0.300923866189659,0.434104468810167,0.228437311226873,0.189284895683586,0.684752281420987,0.62227425382552,0.794100655946059,0.531772656367795,0.46551815305296,0.487949811445385,0.208752833211705,-0.0686403136790043,0.188700122652763,0.213120737108642,-0.0337790685689024,-0.167099008399029,-0.302711743653823,-0.2877514719592,-0.280609238078795,-0.2321898136911,-0.101560540481762,-0.118363597145113,-0.0655939625131735,-0.113820462324435,-0.153623480269202,-0.0508848450028215,-0.136295132739661,-0.160192178806485,-0.0111624119957809,0.0840626178159357,-0.26971303805586,-0.226323845378312,-0.151551758408738,-0.0303964105333618,-0.174273630530548,-0.11609468450859,-0.254881740795947,-0.115855630013012,-0.303447697760499,0.0846149914999032,-0.140896566371117,-0.0996154685641535
