"","Precentral_L","Precentral_R","Frontal_Sup_L","Frontal_Sup_R","Frontal_Sup_Orb_L","Frontal_Sup_Orb_R","Frontal_Mid_L","Frontal_Mid_R","Frontal_Mid_Orb_L","Frontal_Mid_Orb_R","Frontal_Inf_Oper_L","Frontal_Inf_Oper_R","Frontal_Inf_Tri_L","Frontal_Inf_Tri_R","Frontal_Inf_Orb_L","Frontal_Inf_Orb_R","Rolandic_Oper_L","Rolandic_Oper_R","Supp_Motor_Area_L","Supp_Motor_Area_R","Olfactory_L","Olfactory_R","Frontal_Sup_Medial_L","Frontal_Sup_Medial_R","Frontal_Med_Orb_L","Frontal_Med_Orb_R","Rectus_L","Rectus_R","Insula_L","Insula_R","Cingulum_Ant_L","Cingulum_Ant_R","Cingulum_Mid_L","Cingulum_Mid_R","Cingulum_Post_L","Cingulum_Post_R","Hippocampus_L","Hippocampus_R","ParaHippocampal_L","ParaHippocampal_R","Amygdala_L","Amygdala_R","Calcarine_L","Calcarine_R","Cuneus_L","Cuneus_R","Lingual_L","Lingual_R","Occipital_Sup_L","Occipital_Sup_R","Occipital_Mid_L","Occipital_Mid_R","Occipital_Inf_L","Occipital_Inf_R","Fusiform_L","Fusiform_R","Postcentral_L","Postcentral_R","Parietal_Sup_L","Parietal_Sup_R","Parietal_Inf_L","Parietal_Inf_R","SupraMarginal_L","SupraMarginal_R","Angular_L","Angular_R","Precuneus_L","Precuneus_R","Paracentral_Lobule_L","Paracentral_Lobule_R","Caudate_L","Caudate_R","Putamen_L","Putamen_R","Pallidum_L","Pallidum_R","Thalamus_L","Thalamus_R","Heschl_L","Heschl_R","Temporal_Sup_L","Temporal_Sup_R","Temporal_Pole_Sup_L","Temporal_Pole_Sup_R","Temporal_Mid_L","Temporal_Mid_R","Temporal_Pole_Mid_L","Temporal_Pole_Mid_R","Temporal_Inf_L","Temporal_Inf_R","Cerebelum_Crus1_L","Cerebelum_Crus1_R","Cerebelum_Crus2_L","Cerebelum_Crus2_R","Cerebelum_3_L","Cerebelum_3_R","Cerebelum_4_5_L","Cerebelum_4_5_R","Cerebelum_6_L","Cerebelum_6_R","Cerebelum_7b_L","Cerebelum_7b_R","Cerebelum_8_L","Cerebelum_8_R","Cerebelum_9_L","Cerebelum_9_R","Cerebelum_10_L","Cerebelum_10_R","Vermis_1_2","Vermis_3","Vermis_4_5","Vermis_6","Vermis_7","Vermis_8","Vermis_9","Vermis_10"
"Precentral_L",1,0.577538375251017,0.111933793541999,-0.133560371198279,-0.278713596537576,-0.388276966772924,0.144737561951781,-0.083524077670314,-0.0182128904050303,-0.295472421016442,0.529469600822986,0.203335123539144,0.324509097918198,-0.127467175403901,-0.0436751819147909,-0.298869037909071,0.334598091077197,0.39153186720771,0.601198039466222,0.475000366695003,-0.526272258395811,-0.36945691417386,-0.295652677899875,-0.430994667076943,-0.401525211762204,-0.405878128239031,-0.279171564271668,-0.281164621262922,0.223101179495225,0.09569893428442,-0.286607588271038,-0.388752498776668,0.330271212117143,0.20107575822031,-0.195411907526179,-0.30745557426538,-0.15693333495031,-0.229952800736439,-0.198316119436447,-0.23447398451278,-0.0184125177840796,0.0228251107595405,-0.06722613770962,-0.0749889903449875,-0.0902842966776453,-0.0283721685266849,-0.023628087078909,-0.101371370936588,0.0179697662951277,-0.0304457647308087,-0.032710500868943,-0.0220891934841465,0.0728701700525501,0.109570047536177,0.00988493425057858,0.0909810907420325,0.68766868880294,0.537519297753348,0.408319887524999,0.17856386979519,0.582080529651953,0.168043948587109,0.555151295534091,0.445950486501523,0.0295685759837409,-0.185849788933093,-0.0283989941608216,-0.068926772242793,0.390373799968987,0.269917993260827,-0.296575453772849,-0.308004721827017,0.168288556681171,0.148234280308532,0.0483085846298323,0.152825149737504,-0.0358211210311211,0.00595800219046306,0.203279983699703,0.237015356489598,0.252085097380282,0.261166855675029,-0.0153755133338758,-0.0496352079865322,0.130306066502975,-0.0816331351112368,-0.216253094221077,-0.207009483249184,0.0887256914937531,0.0675246157753243,-0.0442837274041053,-0.00385162224882508,-0.390358755048596,-0.186157343892492,0.0129631629301188,-0.238850234152267,-0.0926515196360369,-0.051855119307402,0.129541608224418,0.178624352991401,-0.249212183071947,-0.0628333970250702,-0.0784851116826441,0.0192203790300916,-0.463285543375144,-0.218523796124492,-0.0387042123214294,0.0290063809950522,0.145457051565823,-0.156960473222691,-0.203131737936506,0.1705702201782,0.0270994445091643,0.015540266488321,-0.1020220118877,-0.302347782014184
"Precentral_R",0.577538375251017,1,-0.12941944049681,-0.0879707953847894,-0.236739197425452,-0.181517279004284,-0.139100773960989,-0.0462832920051052,0.0860556245383715,-0.0987186032000285,0.0400910609444505,0.11865473380679,-0.0180485094170214,-0.103758788030797,-0.204636540314152,-0.247410816091872,0.413232965290329,0.650530175855242,0.383712415077322,0.593152767010537,-0.391557507082786,-0.379858784621036,-0.364250422062837,-0.363287922946987,-0.347156961706609,-0.292639541137414,-0.202554945117051,-0.144679701761017,0.0800777942151241,0.204070726133451,-0.335150096941061,-0.39191403240932,0.260544693360727,0.17737922602441,-0.256583476648065,-0.311122854018013,-0.243870348419164,-0.295134264168911,-0.145616167241681,-0.169651444862639,-0.0981179102109056,0.0476581422220211,-0.148256407836503,-0.061803465631218,0.0210500129957801,0.1119562583281,-0.00533582804949652,-0.0769348737067638,0.0360036850296472,0.0764580020887791,-0.00204155102902017,0.0685264242462537,0.114033063904017,0.142780181756771,0.0291894611090295,0.0803529216029995,0.759261223345466,0.781564815276604,0.252305831069139,0.263778338207583,0.310812206899835,0.12732121686288,0.469673807128295,0.443581935174344,-0.0373253451522588,-0.143061832216279,-0.0620145009402085,-0.0356404312557278,0.562887471029682,0.476206313556966,-0.394329654742719,-0.289541827119407,0.0429170654571104,0.321086586861432,-0.131168248930668,0.30902029570576,-0.295875576480879,-0.110176884103656,0.290532271268232,0.452613589941745,0.322165466677967,0.404630120858069,-0.12280777383542,-0.0124512688151343,0.0941150345828311,-0.000390267956109832,-0.144732752074399,-0.0981473603728026,-0.088181994443249,0.0155424191816348,-0.0698289529153743,-0.23331129896383,-0.332551173161556,-0.268715430072782,-0.14549288346853,-0.257498490275549,-0.0378153722482478,-0.0426894142095485,0.167199770334661,0.00807761201965792,-0.182923729356238,-0.235500022313177,-0.034734789796626,-0.141932013355496,-0.505040948751872,-0.378597857455453,-0.207876199255063,-0.210935981844038,-0.01107188407166,-0.310940619983445,-0.182198888761961,0.0107722605807816,-0.13017736186518,0.0251965455903606,-0.195087549567256,-0.357368500261032
"Frontal_Sup_L",0.111933793541999,-0.12941944049681,1,0.0885011815449543,0.385393700109906,-0.0868084009261556,0.481538178854483,-0.121270564820787,0.0791988105712195,-0.0483736896587302,0.229904782473396,-0.313214607041437,0.320255900250323,-0.21302362485078,0.287537863494069,-0.0293691676155056,-0.130832255075606,-0.156051189962133,0.136781205458281,-0.0783846114387572,0.164462551136231,0.103461395416009,0.479338244989779,0.321846323591487,0.341278418723817,0.26829639298078,0.29744093702203,0.100400269478354,0.0275293344189762,-0.111371462796583,0.145753406798356,0.12104838789071,0.0908188020543665,-0.0165310045946528,0.268486420388741,0.101318244158525,0.104623375996071,-0.15128995861845,0.128822902128322,-0.0795512380728953,0.0858593432387546,-0.00548383786872938,0.142138350381391,0.0958804913450368,-0.106024970773512,-0.105923862262541,0.0363917114276666,0.0265202591863321,-0.187085928680564,-0.204654453397275,-0.0351779355411921,-0.174775272384736,-0.0330900814904763,-0.0717220099307912,0.00294269254855027,-0.066490907395652,-0.101331370829384,-0.194080950433952,-0.167219771212798,-0.398924404885673,-0.0356701619838179,-0.231723403602765,-0.151623280117056,-0.312853059547701,0.341489110728764,0.0536255326255233,0.0835625315350793,-0.172629268323105,-0.0551589548549513,-0.170149561957223,0.105750528553099,0.0404257049599285,0.135355478296471,-0.0140461649843078,0.0973869245682981,-0.00732681804565841,0.0235497184615742,-0.123733335852224,0.0406192230501207,-0.13685940307017,-0.084441489568789,-0.01752041283072,0.111166450640365,-0.0135224356854882,0.266620964471739,0.149169887946654,0.220269718013258,0.203774471602149,0.142365416258823,-0.0503818015238744,-0.055752359780891,0.219885198401633,0.0409042655547727,0.228884275964813,-0.0849399081840813,-0.11790341145095,-0.104965542077073,-0.0641686542942656,-0.0556624580114592,0.0293760905205932,-0.167663563073705,0.105853052433429,-0.125061244868344,0.0405666356196742,-0.0939657944537691,0.0736797898983452,-0.121117583403982,0.0827162333468728,0.0352618755834696,-0.0901853302413715,0.0161989918343399,-0.0289624103970317,-0.0139442071095012,-0.0266316728930565,-0.102412015775189,-0.0469932829322931
"Frontal_Sup_R",-0.133560371198279,-0.0879707953847894,0.0885011815449543,1,-0.120569204154365,0.316895128716259,0.278036384869965,0.653563097596033,0.0275805808820211,0.305281370694119,-0.257237799497548,0.107434409551388,-0.13137020466366,0.110462527121283,-0.197279680042319,-0.0503534004539382,-0.331171198110694,-0.235164040141169,-0.224928592939862,0.113634895421001,-0.000684989573628905,0.200956175239607,0.154358097359331,0.43750337804438,0.122910341431298,0.324544460283256,0.065228246238179,0.141176971482861,-0.14703788821631,-0.133012912203034,0.102530417303927,0.239824627158497,0.0438383378481323,0.365596783957482,0.0826072564264966,0.173703686432324,-0.214378001624436,-0.168255449243134,-0.181763480370313,-0.208703714680075,-0.116474341251702,-0.15789428854621,-0.0578021019980639,-0.149288152859332,-0.16843002296693,-0.130560371132036,-0.183442467541716,-0.173571057341333,-0.192244570361788,-0.102302625511245,-0.0250786452406945,0.0502487213780792,0.0166653824927648,-0.0448230088167671,-0.120412409711301,-0.196893069854946,-0.239516168148066,-0.0285897767438309,-0.000114323813306005,0.273244222230562,0.118196433109452,0.426447062307609,-0.283422527885342,0.032116076976654,0.186607107222012,0.50143505725814,0.0979882476172414,0.263852622896672,-0.0877920859352965,-0.0822351731462806,0.0838124269216221,0.228491279429637,0.012684235759998,0.0231265699746816,-0.0917735803984929,0.0269286086925205,-0.100015306153616,-0.0628046282413851,-0.157158258986902,-0.313286686959849,-0.349277561756492,-0.349847883686219,-0.400071338668766,-0.366299329885694,-0.394864676345988,0.0830017446900857,-0.176361773958681,-0.195313703913564,-0.0958547619464624,0.0442701988538685,0.0776743377952648,-0.231985828868175,0.1622672708184,-0.0436336965465613,-0.173892523748788,-0.186125183528856,-0.286033150750916,-0.219580626449789,-0.180822628181813,-0.294726324828497,0.0416560202801921,-0.0426519477798823,-0.0570888380971603,-0.202264191092687,-0.027576454618779,-0.0569812181037199,-0.0500837975343029,0.0405587147545695,-0.0872781720962579,-0.101806679213825,-0.281212541465015,-0.251245722732811,-0.135080684524656,-0.100129251649284,-0.0711185908543438,-0.021969626210113
"Frontal_Sup_Orb_L",-0.278713596537576,-0.236739197425452,0.385393700109906,-0.120569204154365,1,0.111758708075225,0.0233225459588185,-0.345446191985223,0.222769506051724,-0.0646014046461599,-0.256198192748773,-0.420523866182307,-0.16246593739931,-0.342304324599103,0.0651278275481247,-0.0664432602439604,-0.155600693474942,-0.128573633540698,-0.0902546931819588,-0.259819387026171,0.562935772377322,0.226509038436722,0.424372945110724,0.28023317915585,0.736436242381409,0.55733092181815,0.733926447038856,0.48766993357387,-0.322098950483781,-0.181056939827905,0.28153830067596,0.139206569319904,0.105782660501617,-0.0563508062499088,0.429920270296199,0.357826092823412,0.235631201712704,0.0134566905318634,0.267066005694469,0.143742903510972,0.0259055460619103,-0.106008094707669,0.219108726279077,0.16219047905129,0.204555463810886,0.12964997021379,0.182067646890677,0.243889897068296,0.0425346862005042,0.0295692823814246,0.138944618185497,0.086425107256846,0.13032329503225,0.00621091860600067,0.238194184560695,0.146048396818403,-0.189113440765008,-0.279067314558278,-0.120786050245579,-0.254747608763069,-0.279718609159704,-0.323238874182514,-0.230245331364056,-0.308211619397647,0.300152558729658,0.121044751311129,0.310487639620855,0.103549576029082,0.00703019012391445,-0.0671897276966918,-0.00858377883657761,-0.184410083494694,-0.199097743304084,-0.206111950187601,-0.0943070762412772,-0.152832801468512,-0.141629504478,-0.183923786854535,-0.010326780805196,-0.0794064615395852,-0.042881965320522,-0.0905887098800317,0.0966228699064553,-0.0625666976031277,0.113484672725871,0.156997582206216,0.213317368318613,0.226674478318859,0.0255191534186844,0.0210283333533608,0.0774647201025878,0.156843403269049,0.175928441451556,0.237833312972878,-0.0513342708027184,0.231555174946587,0.163002410954799,0.215854664087793,0.121392759342285,0.166595448941044,-0.0355017665320931,0.139008545468394,-0.0432040520744461,0.105847829118682,0.166439155286235,0.184121773737863,-0.0963466808095246,-0.0938696912778229,-0.0925192482145176,-0.0878602594710707,0.278514089675518,0.102537402955037,0.0149998569284691,-0.0166563539469799,0.0810838144107452,0.0922932555811261
"Frontal_Sup_Orb_R",-0.388276966772924,-0.181517279004284,-0.0868084009261556,0.316895128716259,0.111758708075225,1,0.190905703391556,0.467998694037587,0.47464713453568,0.762802313312671,-0.286073603406453,0.0310488339329626,-0.0450300934594258,0.168821427019547,0.0538574572864078,0.200852715345364,-0.272500706746181,-0.258740216890922,-0.16992222207596,-0.113298122859384,0.108813139981396,0.234067693913175,-0.0154780953529111,0.145380486915115,0.136272111028774,0.364749098624791,0.0941179378741683,0.419071304402376,-0.17404573180217,-0.0208594081963011,0.127290854729237,0.294750171422744,-0.0841847100816946,0.156739412408051,0.251883139434828,0.294582233623572,-0.163934232270486,-0.213868228250487,-0.0986799301547483,-0.153585714231557,-0.141503572888,-0.222476261045442,0.114012952609606,0.122541999255478,0.181054453559635,0.199068628482379,0.0356675552496157,0.0820684084476826,0.0860687216715486,0.128627767722715,0.0563574055322203,0.119727854574531,0.0692445593479284,0.105790010475819,-0.138713115110113,-0.0918108387379554,-0.407372847466609,-0.311677888004716,-0.227074174315073,-0.0456265856533868,-0.038829404320633,0.143910568076459,-0.133560654330313,-0.0771171733446455,0.207111675973468,0.223997129241971,0.0254366105712395,0.0811596971731325,-0.24209665334472,-0.193019811821456,-0.029804894886112,0.0470842074413976,-0.144104692535356,-0.100604428415574,-0.191654470019229,-0.0625148339679587,-0.089195261049224,-0.0246236124909589,-0.226555452963037,-0.184475745296841,-0.206681364516833,-0.218486708203281,-0.0949082678833849,-0.138192494339654,-0.156747754297341,0.000817203637437082,0.0207116883983088,-0.15629079710056,-0.228930949854005,0.0222611063052691,0.01479547191407,-0.0868274585225096,0.163539160858222,-0.0369437530382925,-0.300908810322675,-0.170621788397192,-0.249297509217593,-0.223059792016496,-0.0938811975480027,-0.230932383213483,0.0249069934065816,-0.0979572168617334,-0.153684990949398,-0.140190020288453,0.00792485474072117,-0.113639246579758,-0.296744096390299,-0.115650617763621,-0.19965226740401,-0.126539005829848,-0.159146654915331,-0.187264543229067,-0.123154852145895,-0.154998600831336,-0.061511267083551,-0.0482779075024997
"Frontal_Mid_L",0.144737561951781,-0.139100773960989,0.481538178854483,0.278036384869965,0.0233225459588185,0.190905703391556,1,0.434042317033074,0.514158350230101,0.225236160034167,0.177336445748789,-0.112894803906787,0.511618592200194,-0.000202288544761377,0.137903580008715,-0.175586058043639,-0.252770825735292,-0.314582606173841,0.0353670349277925,-0.17015913065412,0.0577062285299396,0.125827089335018,0.0549847441791139,-0.066989027281316,0.04064704867034,0.0461901878181886,0.0984252481058679,0.192104921154523,0.013014761954991,-0.149779124020421,0.220591210611009,0.268349126793567,0.168732605292363,0.263724587480116,0.234770858360308,0.177424491812976,-0.359992096532105,-0.392172308515011,-0.217141259422813,-0.397594126838061,-0.227640160023085,-0.245805167388205,0.0725255976142061,0.0613076563885091,-0.0255058205537734,0.00118169751155582,-0.0438553785749565,-0.069081416721547,-0.0365327613501348,-0.12043277531321,-0.0120991806872447,-0.0617404476352422,-0.0395113923427627,-0.0378763545098833,-0.240017136802244,-0.316720260825962,-0.162389232702945,-0.182043711607099,0.11318764449767,-0.0332851396438709,0.385490702593087,0.145839633012607,-0.154549934654042,-0.133236886622991,0.179285429034132,0.187028595063512,0.197748522947796,0.109184989143088,-0.159110954453819,-0.198219648890384,0.181577269331503,0.114186248023868,-0.0132379374423238,-0.169449783231783,-0.111821680066041,-0.10073680481472,0.0282659054702219,-0.162361831023751,-0.22733651775173,-0.229319084252775,-0.319949538116756,-0.26817149501758,-0.173182845199145,-0.253478648406094,-0.288775329364999,-0.109051561638488,-0.328747946444536,-0.310571420560994,-0.208493109673537,-0.137150453202477,-0.0798608931495178,0.105366849649315,0.00514712663815581,0.116489351022107,-0.0274540920045305,-0.179232394432455,-0.193551219717663,-0.194419803228058,-0.14792017783051,-0.0673861677811376,0.0158192964379471,0.257173627390168,-0.0300840400870809,0.0331765781243034,-0.15363681184973,-0.0437420504364548,-0.178059997500645,0.154653959182249,0.0807287008839162,-0.100433831369144,-0.175407735983607,-0.00453303408078557,0.049305433206516,0.0862260136667753,-0.0426098215042853,0.0371839211475397
"Frontal_Mid_R",-0.083524077670314,-0.0462832920051052,-0.121270564820787,0.653563097596033,-0.345446191985223,0.467998694037587,0.434042317033074,1,0.242200518485283,0.585338293271213,-0.0448362262005357,0.354710998864979,0.199928800388225,0.353876834725753,-0.0264710966560188,0.104533687415281,-0.217985781161471,-0.255967588207186,-0.125410220949724,0.0283917144997304,-0.110250576998952,0.103909102510818,-0.0609958440243501,0.066646639669185,-0.125138417578366,0.0852377620137476,-0.164689809551612,0.0524106166675559,0.00563633094515283,0.0236857077717098,0.131520121722484,0.251814654909506,0.0663828077946841,0.433802372887239,-0.00111937282494422,0.123921438430522,-0.452212377327285,-0.241600878235176,-0.281828656965179,-0.234625230562814,-0.218669628677928,-0.127809718506371,-0.061280138427545,-0.122602911848959,-0.0372086179947134,0.0212957299699636,-0.151783425006483,-0.136054416214061,-0.0654269454974848,-0.00329580341091314,-0.0576684539951125,0.0328467111976392,-0.0482122811142255,0.000779002405741917,-0.19550873421173,-0.266129068908263,-0.263513351786925,-0.0965364100289509,0.0112171760632996,0.300412395121422,0.379780571182558,0.655330414223046,-0.118958288818943,0.230986301314523,0.192486223010308,0.493852986367794,0.0235973659739962,0.23840901521366,-0.252457283011513,-0.189463117882177,0.00781120841220367,0.170428054390037,0.0179949604992818,0.0389376692191626,-0.120260121481944,0.0473634028420597,-0.0390763895688309,0.00140258504713624,-0.170011096469148,-0.236717109704154,-0.283644072412369,-0.263164912073149,-0.317076714911245,-0.217883007205482,-0.368822739823734,-0.0430151980042023,-0.283135462433429,-0.413938969601523,-0.203474840813332,-0.0588046886199989,0.0730988655200919,-0.124031539533385,0.129632997333598,-0.125147402097302,-0.181462142888973,-0.178628722478273,-0.294926989617089,-0.255881781086777,-0.110793973223048,-0.150732089800919,0.164273143819332,-0.0114079155345852,-0.000717139832768535,-0.125760846513459,-0.214340850755434,-0.203885574697775,-0.119710868313797,0.0402753089683506,-0.0747028049049173,-0.125511038456858,-0.290902874417541,-0.172740345558457,-0.0186182490959502,-0.126071282863644,-0.102171094075009,-0.135209771593742
"Frontal_Mid_Orb_L",-0.0182128904050303,0.0860556245383715,0.0791988105712195,0.0275805808820211,0.222769506051724,0.47464713453568,0.514158350230101,0.242200518485283,1,0.432655146173421,-0.108984255387418,-0.035350384932213,0.151309296613269,0.021629055975699,0.028047629425043,-0.146163962646876,-0.0983274047165962,-0.0927877647165224,0.0165261080986268,-0.0631179110602725,0.0917347976509467,0.0361433477507347,-0.179716403308131,-0.239963092418403,0.0657914887683294,-0.000624113536575517,0.275667544168525,0.528096644704615,-0.186852891368693,-0.055193784470006,0.102740117928138,0.122458330082323,0.107073445329967,0.262451645848202,0.284439591961,0.306622942213858,-0.366929982999892,-0.305677970086859,-0.297124909469515,-0.367325808799926,-0.369424475087465,-0.307516482691315,0.124312231422086,0.225330103390372,0.292047589730971,0.343795138873086,0.118241677445094,0.147873569488609,0.243219002840354,0.161673706933336,0.117538914633432,0.17175171484525,0.145895612310348,0.0399863244937831,-0.162137936741147,-0.0771935702644641,-0.0523181805023245,-0.0288269733114196,0.18567723853497,0.131326071112085,0.236703445895219,0.116808502418695,0.00406612580784232,-0.0312361213944834,0.19521383244652,0.138971471695622,0.314454151654653,0.269959192273463,-0.0228509265160966,-0.0340157553873226,-0.169412552034968,-0.170528833273532,-0.222887384938871,-0.165005956507535,-0.340210615615454,-0.119754420426197,-0.194612496113713,-0.130046959250097,-0.142684759045553,0.0115915466280724,-0.133868541984678,-0.099862696304046,-0.14921067426357,-0.167539895149199,-0.248516809883811,-0.0379244983495613,-0.256625996081273,-0.230935316285843,-0.397830008517867,-0.0173108554768869,-0.0770296160460827,-0.0894500743016741,-0.130177089274854,-0.0921649391626633,-0.25002501436327,-0.164393180601102,-0.20285594964869,-0.137223500526023,-0.0516124410226234,-0.0417780576286989,-0.102053639358935,-0.0226334039893899,-0.14229484352781,-0.109508308692499,-0.209149198123598,-0.26373313216838,-0.39869316999337,-0.160620791284467,-0.182226060839212,-0.22002932885076,-0.117602955418448,-0.0232892861444974,-0.120815264711126,-0.0388253004223477,-0.12293145955389,-0.0634113420866416
"Frontal_Mid_Orb_R",-0.295472421016442,-0.0987186032000285,-0.0483736896587302,0.305281370694119,-0.0646014046461599,0.762802313312671,0.225236160034167,0.585338293271213,0.432655146173421,1,-0.143807921473581,0.0615994986841364,0.071166665235731,0.278631434511033,0.138389019124537,0.227913610581913,-0.188156826010024,-0.271072606745203,-0.179890981368318,-0.110827230790488,-0.0692744402569409,0.110754647559832,0.00194252607861625,0.136616671160878,-0.00681515023248197,0.143525914041622,-0.0822817349483603,0.150907222783049,-0.154057966788024,-0.0454594569824693,-0.0532240752936619,0.120394722745018,-0.0701935832476969,0.143986994102012,0.175107220308211,0.238728120743337,-0.308929539964128,-0.215993222946496,-0.203212933235277,-0.211388294139581,-0.248254621144196,-0.179701873337642,0.139186001219932,0.165761160550357,0.210206663974242,0.254805336238845,0.131541910302337,0.126803890538677,0.148325308311942,0.18527421030404,0.130368609540785,0.137108948707502,0.120390258594513,0.106609509059753,-0.0652645633616101,-0.0480300042715906,-0.351974501236621,-0.222739976577413,-0.0797233812660715,0.0742987979475083,0.175439488691014,0.353768470929227,-0.0886624525321914,-0.0647061711759075,0.288873574594447,0.369539590898554,0.0534285913544936,0.0981445618970326,-0.238133673066505,-0.180434775613726,-0.151630499913861,0.026234316520697,-0.0731898532148835,-0.00769545121813876,-0.228014107725487,0.0354921542259159,-0.124698791289728,-0.0686558238320175,-0.201610381418251,-0.179375148308341,-0.203879435484504,-0.200859779637999,-0.110776433784282,-0.148609154771641,-0.0731061849158565,0.0698999840322236,-0.0122222426081403,-0.140914138806408,-0.0855531713409284,0.119433128797723,0.0791472179107102,-0.0904652729926188,0.125589460556554,-0.113906830166606,-0.352547185602819,-0.301994909732706,-0.20015908405667,-0.203800975246591,-0.0451029644635156,-0.124509851490074,0.0218554950904345,-0.140765752979641,-0.113917303355539,-0.150461512758193,-0.208351170592762,-0.28367911532526,-0.314529090086925,-0.127849405498967,-0.251043888810634,-0.249799919778018,-0.0736260685832342,-0.168423322787601,-0.117175099391942,-0.166643940864909,-0.138305685830518,-0.196694899997877
"Frontal_Inf_Oper_L",0.529469600822986,0.0400910609444505,0.229904782473396,-0.257237799497548,-0.256198192748773,-0.286073603406453,0.177336445748789,-0.0448362262005357,-0.108984255387418,-0.143807921473581,1,0.348499443063443,0.67858452074958,0.333210055614805,0.444265040128724,0.19358259476491,0.264898811648709,0.0374531212979684,0.448769789544117,0.128293411868556,-0.298417292232158,-0.145429810447007,0.0909722749603954,-0.13241785851803,-0.3895860691655,-0.379135663746983,-0.258537797152724,-0.303387151364018,0.345223451039592,0.203834861844181,-0.0926161369571599,-0.0903956591876726,0.0226714804998405,-0.0360313978129765,-0.273803796176658,-0.313719610590494,-0.102134775772862,-0.0629859152937653,-0.143276912276471,-0.224075215821147,0.08516795249665,0.171958889730759,-0.13368756967002,-0.134481337620431,-0.266952588392491,-0.213452271342655,-0.106688974280143,-0.148895844735542,-0.15043716853198,-0.155266197778569,-0.0942856291004895,-0.129615403127925,-0.0441635887515926,0.103166111152874,-0.1026592266902,-0.105384751113638,0.102261659219078,0.0368562251487138,0.0150630725335052,-0.118890348152632,0.401898152750538,0.0874399162385963,0.383374453476001,0.200665615406442,0.00405347143646899,-0.172399478633986,-0.211516260603436,-0.316313857695144,0.0678867498213113,-0.0263947625738645,0.00871643041164233,-0.0127794977797094,0.28710974937462,0.164587305090374,0.314229010984181,0.166730923658803,0.207094207695084,0.157800715963338,0.167459874460985,0.131855384960328,0.233433844677003,0.227729656852033,0.222116192422711,0.180212386423332,0.258085863021896,-0.0429798834262941,-0.115479314590276,-0.0484337388320402,0.191444779119596,-0.03668584770327,-0.0057895118966942,0.193386962066402,-0.12327053087244,0.0223668903675857,0.0356865986589002,-0.166848672871706,-0.112703087182113,-0.15337380989583,0.0581877519955215,0.123484540367067,-0.0263238991941613,0.146842658105684,0.0752887209497871,0.155234720819759,-0.22955839848514,-0.0601145576881093,0.0661343942915863,0.21891256548067,0.254537054687608,0.00289987243040696,-0.0950657618578408,0.122769197063052,0.221912545839576,0.0880009613382283,0.0867438180162608,-0.156933659277721
"Frontal_Inf_Oper_R",0.203335123539144,0.11865473380679,-0.313214607041437,0.107434409551388,-0.420523866182307,0.0310488339329626,-0.112894803906787,0.354710998864979,-0.035350384932213,0.0615994986841364,0.348499443063443,1,0.142144107385678,0.583787862143026,-0.0440789030177261,0.238970686887015,0.208009641264926,0.18797690499993,0.237244147701249,0.251597755326347,-0.258512943852841,-0.0575033736450979,-0.255519880038204,-0.164257290460229,-0.509770530238331,-0.423100300242251,-0.341507371868847,-0.194762112003692,0.33746912415544,0.430612575651097,-0.0734362798447974,-0.0286609298330101,-0.0179159105826332,0.185382580048956,-0.32840085611472,-0.288537173038085,-0.233758714430253,0.0720458631119131,-0.293852822514335,-0.145500345741351,0.0328467287488225,0.238678543755924,-0.367480492014668,-0.276971051454456,-0.307914713791847,-0.208648059555911,-0.277126118860999,-0.20746107878684,-0.224575160646891,-0.105602287790655,-0.140065415324435,-0.0463327659006918,0.016676193606325,0.0469191447559538,-0.160994963251363,-0.0434585198998785,0.0196690893820637,0.271753365957796,0.0941235591833768,0.280149278851105,0.301994075562525,0.476225229019184,0.404294509406962,0.569808920178336,-0.212627459175898,-0.111514377490265,-0.245370242113957,-0.148599825296023,-0.0171559641091918,-0.0369345487614535,-0.0837903425031259,0.091496854498394,0.245556648876789,0.418016869447202,0.259190786619278,0.372795036780446,0.0750306738104236,0.302468349440709,0.177887831814255,0.0970375158363795,0.189309064105358,0.165681187766386,-0.0753664210353263,0.0593560245507467,-0.0627744582436179,-0.0127385722972729,-0.1955470539743,-0.242486595721168,0.0122315398737709,0.185652856721134,0.0876392151321761,-0.133241031407783,-0.0451233775115228,-0.246544428297176,-0.0368121507852878,-0.187143672324344,-0.205547047809001,-0.183125853636945,0.0187729968203823,0.000277429783098757,0.112942133239508,-0.0738680342150937,0.154714106558882,0.0264079255874322,-0.142717888102789,-0.140758871215128,0.109986943344895,0.191365942181136,0.0811049880360668,-0.00717029115954567,-0.313185940759051,-0.111640122222869,0.157185528368904,0.149977744386672,0.000887339648985412,-0.153719135059624
"Frontal_Inf_Tri_L",0.324509097918198,-0.0180485094170214,0.320255900250323,-0.13137020466366,-0.16246593739931,-0.0450300934594258,0.511618592200194,0.199928800388225,0.151309296613269,0.071166665235731,0.67858452074958,0.142144107385678,1,0.351424448209712,0.578909500678151,0.217931190334396,0.0875306835872413,-0.0853091280580255,0.26978404346833,0.0164961462851571,-0.0979911687564544,-0.0661882946274446,0.0731961250725071,-0.107679612595501,-0.207407387314587,-0.244781630020811,-0.17389490496808,-0.154890288813491,0.264303231794038,0.18464606173937,0.0519540053597466,0.00326305289080076,0.0181679183069011,0.0451145959304923,-0.0577018562673642,-0.110659717904488,-0.198445119297101,-0.16466907717284,-0.152787381866463,-0.191866081684926,0.0741787339824417,0.0482319726612528,-0.0683440287234503,-0.102375182620394,-0.149956447175479,-0.161488183497759,-0.104263267110435,-0.172719442126073,-0.134764905062484,-0.179582267414631,-0.11335624968656,-0.152352445352779,-0.146935721165342,-0.00417015757759728,-0.190049990622289,-0.236080234387317,-0.0683574354280291,-0.0882741010929295,0.0288040318953224,-0.088475056475497,0.421244746588422,0.0756501360341876,0.144864124241701,0.034067476429055,0.082838453634784,0.0239395262951047,-0.106666939042607,-0.221437463056879,-0.0647308329012025,-0.081408243970391,0.118774905257495,0.00828002528346558,0.193184765840909,0.0983612113511718,0.183019085970486,0.150105629670837,0.103062324640318,-0.0315440705470327,0.000842177567561539,0.0930579879574454,0.0594186491868562,0.16065752647681,0.259165113100242,0.0792228348958058,0.0906600513660193,-0.0595294244021705,-0.0442797369807539,-0.133652235043625,0.111938990659066,-0.142765129110782,-0.104860996732481,0.0714480183552336,-0.109384851970307,0.0593427897059494,0.0257338382068776,-0.14715067342862,-0.194445245608649,-0.192093572467929,-0.114719033695621,-0.0438399115307225,-0.0386139783666275,0.247832392687127,-0.00326053104700592,0.100001600982117,-0.270983658247821,-0.0767900639550644,-0.0313949586259876,0.10358951975819,0.193909943036,-0.0828369179946241,-0.152285931014252,-0.0519388172218432,0.0483349977556533,0.0154257606143975,0.0284176557560741,-0.191162833626441
"Frontal_Inf_Tri_R",-0.127467175403901,-0.103758788030797,-0.21302362485078,0.110462527121283,-0.342304324599103,0.168821427019547,-0.000202288544761377,0.353876834725753,0.021629055975699,0.278631434511033,0.333210055614805,0.583787862143026,0.351424448209712,1,0.258638188923976,0.608914528884537,0.0427395596360629,-0.0853614829948019,-0.0225555456552668,0.0225204438752042,-0.122601452678655,0.00301639328509408,0.0127481317756298,0.15054575747287,-0.289064214171364,-0.252303955450435,-0.281031841130535,-0.1895103523497,0.19667919892965,0.34888452713102,0.0203207715066028,0.13221367561765,-0.177148547621035,0.00341949871795384,-0.194217723839156,-0.150711761094939,-0.22897702765682,0.122297213069687,-0.225241075867342,-0.0573980184916068,0.0404049305821417,0.194496884987451,-0.24709735384636,-0.200598387655516,-0.214917550231403,-0.164407029684456,-0.245047865151466,-0.197235019997876,-0.181419414134677,-0.123559193263692,-0.127947593537684,-0.0986531512122193,-0.0694372773913864,-0.040574775739622,-0.235582802157822,-0.160684610946692,-0.255285872693111,-0.106642300021346,-0.151669489077235,0.0381696189630355,0.0955828337105173,0.266625216663013,0.163753231748785,0.235271327099872,-0.0658603111398656,0.083962619602913,-0.152563600768577,-0.155603245859759,-0.240875569391201,-0.168070098267924,0.0913944306765039,0.186244652044589,0.172893779014226,0.264013715423561,0.253021065221262,0.359195143924093,0.206773719044424,0.366009303601978,-0.0139739963720451,0.0123503395700283,0.0454453758521361,0.138490693743785,0.0783261781645314,0.176639697241212,-0.0629421670575946,0.159521567813661,-0.0944917926476904,-0.10435626676591,-0.023645317044058,0.0348290709179612,0.060634100005712,-0.119976691795055,0.0716685138221606,-0.132535790655452,0.00604179227114136,-0.237595191116983,-0.287923958196139,-0.29145386181449,-0.189520553905591,-0.185130516186998,0.103786840540833,-0.0572817760516978,0.0508087524228317,-0.0505717407716956,-0.179698806743537,-0.160129137785266,-0.0254867005143374,0.0404651211125853,0.0542348699404638,-0.0413073389715329,-0.193101592995751,-0.121363467549999,0.156088117266988,0.0540419625478336,0.0623114468564557,-0.247695839964165
"Frontal_Inf_Orb_L",-0.0436751819147909,-0.204636540314152,0.287537863494069,-0.197279680042319,0.0651278275481247,0.0538574572864078,0.137903580008715,-0.0264710966560188,0.028047629425043,0.138389019124537,0.444265040128724,-0.0440789030177261,0.578909500678151,0.258638188923976,1,0.586642338221127,0.120415005621007,-0.0980033235522181,0.0693769824052911,-0.0823872330652997,0.0740490101600552,0.166716907450493,0.357275414238358,0.149945103389162,0.00947924421390128,0.00925148188799809,-0.0193051664421488,-0.0563272195614631,0.309407873594041,0.277162486845996,0.244657309611263,0.28402205807569,-0.0549307775163366,-0.0818263478531416,-0.046832883339435,-0.124024638258414,0.0686238125389011,-0.0079653225801007,0.154974241926016,0.17039907220914,0.343337878047988,0.220867984567239,-0.042954210208636,-0.0118845235846936,-0.0744187580288758,-0.109175352333198,-0.0741175207947441,-0.0541825413407822,-0.0747511049617334,-0.126916767552193,-0.149500852260014,-0.13176053391726,-0.105717810924038,0.0551490632799685,-0.0435324211315542,-0.0585399594924637,-0.193885677231423,-0.173605960594203,-0.188966828696922,-0.260135307896752,0.0729843492330352,-0.100933032193881,0.0801495897933464,-0.0381396829147393,0.163701207401792,-0.0539809914758355,-0.277562789712248,-0.379273011984738,-0.24215924852945,-0.189311080108806,0.0526994415733167,0.123601207063352,0.213003931150785,0.18393365849576,0.224355157028897,0.187098478409766,0.12761652777554,-0.0108906919810722,0.121752125907264,0.154766680156641,0.158611547760848,0.218778939055776,0.643478471568995,0.288463930036233,0.398970956677536,0.109721770220291,0.302320624861065,0.139975913481637,0.224806607990382,-0.121085178078826,-0.141277970569021,0.103925478529456,-0.0712779040899461,0.125191912699186,-0.0890368097085221,-0.119720137717854,-0.160155661968481,-0.0936554831595699,-0.175664705731395,-0.0793989338642298,0.00657578750115675,0.0707373914401812,0.0123030428607324,0.0288365566174142,-0.192243263032172,-0.0552912419253381,-0.0251652351097763,0.082397712023702,0.0233949120968457,-0.100640321947082,-0.0602571423214377,-0.0770534370597917,-0.0620249505569108,0.0193411621383843,0.0510199100994136,-0.191722304331346
"Frontal_Inf_Orb_R",-0.298869037909071,-0.247410816091872,-0.0293691676155056,-0.0503534004539382,-0.0664432602439604,0.200852715345364,-0.175586058043639,0.104533687415281,-0.146163962646876,0.227913610581913,0.19358259476491,0.238970686887015,0.217931190334396,0.608914528884537,0.586642338221127,1,0.119729039402679,-0.115847255445091,-0.0260631324754381,0.0840643596594779,0.0167322525929364,0.133018236457639,0.256929324142098,0.306320517138787,-0.0649985273776443,-0.0162375855632837,-0.168846334761253,-0.184519549364375,0.343040519272119,0.4484972970773,0.235665089247431,0.315341592803288,-0.154379123402794,-0.0348518718040153,-0.213835461537205,-0.225880173472021,-0.0341714772857308,0.0964275900058243,0.0547751439199689,0.188802676947216,0.255863862745479,0.277310120476102,-0.193579954468225,-0.13054976839143,-0.141192420949731,-0.129785709923297,-0.157043308271374,-0.0986688638296043,-0.115306050716936,-0.111321064628921,-0.199403821717753,-0.164598626810085,-0.161535298626309,-0.0560578140249657,-0.108511558603292,-0.104784036574574,-0.303039287945543,-0.26037232080523,-0.352886297586102,-0.237499775072241,-0.220634936142666,-0.0160454608822748,0.106762226269115,0.168848230420591,-0.103206438365398,-0.07804333129582,-0.401223731858561,-0.396203362153453,-0.304188716317897,-0.203438526012837,0.0362385032132995,0.223006531404299,0.222652235773634,0.33068838624393,0.309858829906794,0.301469813748039,0.16604750305028,0.21301141018006,0.117292887402657,0.0573171298999629,0.19953074997102,0.292561340284639,0.589664708328704,0.449141173911764,0.273791971790734,0.276816643788694,0.278557321932472,0.12970571898687,0.0794195687255934,-0.0219853863811636,-0.0573851125444418,-0.116614775282909,0.0209303391137277,-0.110884872549342,-0.0191512073153401,-0.0946126362357023,-0.168345596707042,-0.137061360625745,-0.158323066288755,-0.187678684008287,0.103937844693825,-0.195028323416107,0.0561443820001111,-0.0689150721928478,-0.127543895175899,-0.127858705022477,-0.0397230129220905,0.00528995628637489,-0.104864082005599,-0.0113092910858057,-0.122535209343659,-0.118451176677087,-0.0549233659434237,0.0349567359911852,0.0102140069637112,-0.258504993703005
"Rolandic_Oper_L",0.334598091077197,0.413232965290329,-0.130832255075606,-0.331171198110694,-0.155600693474942,-0.272500706746181,-0.252770825735292,-0.217985781161471,-0.0983274047165962,-0.188156826010024,0.264898811648709,0.208009641264926,0.0875306835872413,0.0427395596360629,0.120415005621007,0.119729039402679,1,0.720687476836304,0.428364996302548,0.375046719477564,-0.102766103321861,-0.113008954845356,-0.123948308596402,-0.165263697820897,-0.3034613054568,-0.339896846773179,-0.252279157351775,-0.233247736565302,0.580681306521212,0.59568871319533,-0.0693587950983587,-0.0879398310322567,0.171656737097771,0.049339880838133,-0.36771332140543,-0.475254667561133,0.0681920481466222,0.0524987519723787,-0.0652082345632253,0.0889662039280459,0.251418259369872,0.398548212408019,-0.395866625694142,-0.346520894712739,-0.265769703585711,-0.182508341929083,-0.226865450661233,-0.280591965851285,-0.267012503798759,-0.288916585919261,-0.386636401878169,-0.309061362487668,-0.179392808981302,-0.0741049892329138,-0.094858478838374,-0.0532882106914868,0.599424555547627,0.432162997531869,-0.160296958199223,-0.112000848450209,0.0778560677208504,-0.0354989381678666,0.554000362618964,0.43241396986855,-0.135621912333531,-0.259787419912793,-0.282204858660167,-0.3004444645841,0.31243849612891,0.200123144876495,-0.122806719923106,-0.0235761831566862,0.383847254026824,0.575226893655244,0.159962798052909,0.378376879890135,0.0206345368684009,0.0545705009284899,0.761082627162814,0.634778313432338,0.791314994098404,0.63756066532267,0.264306115504906,0.306616921397617,0.335852263093101,0.132485378125524,0.0699135861698826,0.0774045033404546,-0.0959711904959396,-0.0140201209637939,-0.233057435216521,-0.0547992527097634,-0.133565796930661,-0.124247000073256,0.0495990986185419,-0.065929657269065,0.0392050067169905,0.0169716203859345,-0.0303454758383515,0.00531247649201295,0.00755661615468387,-0.157913102180831,0.138642252771117,0.111365533327161,-0.282660741199569,-0.142706015692921,0.0338720811337719,0.0485219732586004,-0.0316687780526607,-0.0736435289679948,-0.126546236481933,-0.0792285188806872,-0.118951941269696,0.0983139823004708,-0.0160823806899339,-0.0823758658580453
