"","Precentral_L","Precentral_R","Frontal_Sup_L","Frontal_Sup_R","Frontal_Sup_Orb_L","Frontal_Sup_Orb_R","Frontal_Mid_L","Frontal_Mid_R","Frontal_Mid_Orb_L","Frontal_Mid_Orb_R","Frontal_Inf_Oper_L","Frontal_Inf_Oper_R","Frontal_Inf_Tri_L","Frontal_Inf_Tri_R","Frontal_Inf_Orb_L","Frontal_Inf_Orb_R","Rolandic_Oper_L","Rolandic_Oper_R","Supp_Motor_Area_L","Supp_Motor_Area_R","Olfactory_L","Olfactory_R","Frontal_Sup_Medial_L","Frontal_Sup_Medial_R","Frontal_Med_Orb_L","Frontal_Med_Orb_R","Rectus_L","Rectus_R","Insula_L","Insula_R","Cingulum_Ant_L","Cingulum_Ant_R","Cingulum_Mid_L","Cingulum_Mid_R","Cingulum_Post_L","Cingulum_Post_R","Hippocampus_L","Hippocampus_R","ParaHippocampal_L","ParaHippocampal_R","Amygdala_L","Amygdala_R","Calcarine_L","Calcarine_R","Cuneus_L","Cuneus_R","Lingual_L","Lingual_R","Occipital_Sup_L","Occipital_Sup_R","Occipital_Mid_L","Occipital_Mid_R","Occipital_Inf_L","Occipital_Inf_R","Fusiform_L","Fusiform_R","Postcentral_L","Postcentral_R","Parietal_Sup_L","Parietal_Sup_R","Parietal_Inf_L","Parietal_Inf_R","SupraMarginal_L","SupraMarginal_R","Angular_L","Angular_R","Precuneus_L","Precuneus_R","Paracentral_Lobule_L","Paracentral_Lobule_R","Caudate_L","Caudate_R","Putamen_L","Putamen_R","Pallidum_L","Pallidum_R","Thalamus_L","Thalamus_R","Heschl_L","Heschl_R","Temporal_Sup_L","Temporal_Sup_R","Temporal_Pole_Sup_L","Temporal_Pole_Sup_R","Temporal_Mid_L","Temporal_Mid_R","Temporal_Pole_Mid_L","Temporal_Pole_Mid_R","Temporal_Inf_L","Temporal_Inf_R","Cerebelum_Crus1_L","Cerebelum_Crus1_R","Cerebelum_Crus2_L","Cerebelum_Crus2_R","Cerebelum_3_L","Cerebelum_3_R","Cerebelum_4_5_L","Cerebelum_4_5_R","Cerebelum_6_L","Cerebelum_6_R","Cerebelum_7b_L","Cerebelum_7b_R","Cerebelum_8_L","Cerebelum_8_R","Cerebelum_9_L","Cerebelum_9_R","Cerebelum_10_L","Cerebelum_10_R","Vermis_1_2","Vermis_3","Vermis_4_5","Vermis_6","Vermis_7","Vermis_8","Vermis_9","Vermis_10"
"Precentral_L",1,0.577000494748989,0.0321773802610918,-0.0487268197450333,-0.0829448929273952,-0.359245871019345,0.042237354111063,-0.0219782713940863,-0.125252793747862,-0.287073132079929,0.360553177668497,0.253975133701659,0.109189331357217,0.0243197669788427,-0.00754644394852726,-0.0265683290111091,0.425096714423055,0.306369584038001,0.542418471556972,0.510565725698776,-0.114304193902045,-0.0562347533223107,-0.171843847000642,-0.205119140560168,-0.283819074592769,-0.358646278825933,-0.0185474809994637,-0.171682481408037,0.197864013629393,0.142439654419815,-0.172066162683288,-0.145654700654908,0.271037058542992,0.230132446050799,-0.179593603083733,-0.250437672986258,-0.199031043909754,-0.301026483220366,-0.126005152192617,-0.208275164385045,0.0193615193779038,-0.0726740570889438,-0.292259373959354,-0.324404729128818,-0.228085421487925,-0.195782352186636,-0.202463232010101,-0.179112312690336,-0.103075224586203,-0.0805998754951086,-0.126128193559374,-0.229593442218763,-0.0623899760358681,-0.0117887849660596,-0.200673361099691,-0.152534423167743,0.630490135683572,0.52541824777686,0.280297203874963,0.18149017986635,0.452423470403534,0.0663671321183796,0.486406073474565,0.213770852908962,-0.076310039574038,-0.130605407150538,0.000411040939688119,-0.014820623514066,0.350343492489743,0.347910959557794,0.00227810514922862,0.058646513189565,0.17094720425549,0.148374348191409,0.0578616472789904,0.094363642057665,0.0846955410628677,0.127162655531897,0.273870913166326,0.157146182063121,0.286664915270456,0.149891112708115,-0.101873732664822,-0.0598437992652288,0.0246025244608633,-0.10240081289661,-0.0757816980537662,-0.0806675259745991,0.0327924654290412,-0.00805917381607217,-0.059760169961628,-0.0596905976414855,-0.211956615476726,-0.204406110527913,-0.0360674844041762,-0.184714309272008,-0.036419094078578,-0.144092179868166,-0.0536198645172553,-0.0222568978279009,-0.115728031663259,-0.142276303699834,-0.0656132553708053,0.0409027128587375,-0.264244952374114,-0.183332206881933,-0.0645057034931277,0.114013135571067,0.0614767416395653,0.132803655942946,-0.231626070054199,-0.0259875167660292,-0.0269335811039793,0.0231201552711997,-0.0925450910277915,-0.0956904164313859
"Precentral_R",0.577000494748989,1,-0.104128005996483,-0.139499845849794,0.0864187108116259,-0.251164688810244,-0.244349826762095,-0.112594450516032,-0.139879200471247,-0.204491930050766,0.158997846648024,0.263820101069266,-0.125659139967433,0.0871903776920331,-0.118069127389693,-0.0317170556135299,0.572418619713609,0.612653158009397,0.324025002091373,0.381717687431334,-0.0118536554556354,-0.200614240303928,-0.178372077596133,-0.149361324434292,-0.0407929798935967,-0.168680679486624,0.207404186953313,0.0252572104485482,0.171667800877067,0.253699416300193,-0.166203018865828,-0.151690978976891,0.21297215271591,0.204514830110197,-0.202572772919457,-0.209027484311719,-0.194906174163783,-0.297786649918498,-0.0153108124939565,-0.0114840751674237,0.0968669964148037,0.0728006835920896,-0.0477406933449387,-0.0489891167559206,-0.0642103934519965,0.04375381087392,0.0195603986724701,0.0597651622785604,-0.000743929266199134,0.0209422104558004,-0.0111904005638688,0.00581249040312757,0.0622895162129768,0.154318055195142,-0.021109442380738,0.143044177017684,0.707498767118597,0.601084539615897,0.00291572461381778,0.0529379102363967,0.0695414211189312,0.00502807343949468,0.33508469712846,0.149544224594527,-0.104346235532566,0.00791089195694868,-0.0684990428566608,-0.0747878251070978,0.524990180230366,0.52627976081047,-0.308564222526939,-0.216067187557329,0.00959118847293951,0.18869669202691,-0.158303328959646,0.0831865787722678,-0.282492503748364,-0.0892990378003946,0.469323969553521,0.466673850646069,0.467473205108176,0.385053010713483,-0.00502812387738938,0.194588746336018,0.128672128766156,0.0968164720683025,-0.103306775777165,0.0214173584559402,-0.103442383180404,-0.00769069844194684,-0.12984466047357,-0.336654035133739,-0.352513003835589,-0.36353200498357,0.0585896810149374,-0.00828000750062998,0.0888786603360887,0.111694636218329,-0.011858796138363,-0.0835026305243953,-0.197240839548715,-0.277841638175591,-0.107206881500666,-0.169686490354908,-0.189692923051157,-0.277920709857408,-0.139576011284969,-0.0756623061954007,0.0460278428008552,0.0694683544639366,-0.130603847621715,-0.0894092348694698,-0.200872700514302,-0.00925386332788343,-0.203356012181706,-0.110967851032079
"Frontal_Sup_L",0.0321773802610918,-0.104128005996483,1,0.397891758178065,0.524627779108658,0.158292910481512,0.680334145495809,0.117688124270273,0.330483262250056,0.176580279987881,0.07832937742087,-0.0829605010434142,0.235940000497971,0.0747120644761569,0.391704421993731,0.201330875812495,-0.154800727922725,-0.132083579183561,0.0928587806112788,-0.10546995111896,0.157208208283261,0.0289287169432759,0.753570913661106,0.686609960924274,0.40927223461348,0.413513413472396,0.28961174410249,0.0678403609634209,0.0228416859700138,-0.177839425389548,0.333280910516013,0.429086222323822,0.079220691761279,-0.0722571767048638,0.321660088803603,0.147221648226708,-0.11704018386379,-0.222765577126016,-0.100577140930858,-0.157806772385785,-0.0690374862072793,-0.0538298685544212,-0.163266031004007,-0.28466654513127,-0.128002156933435,-0.297007174877019,-0.280191377295773,-0.368598779383977,-0.272869578797965,-0.306771759834458,-0.243676408217308,-0.221861806619728,-0.515552013679116,-0.34854858759062,-0.288408389686511,-0.39120528703585,-0.130395563323255,-0.167096465064843,-0.178840797537252,-0.257299335822031,0.0167898310267906,-0.0980773467380299,-0.177390142689927,-0.166740804464275,0.536112727149347,0.225729555893432,-0.00950464046541239,-0.15124878310366,-0.263027354595794,-0.325121066174437,0.320284990976055,0.0729109258075761,0.253647858821486,0.00419829406472376,0.255832077895619,0.0805300324363139,0.0042140177711155,-0.239507980753491,-0.033472584392809,-0.130943926979285,-0.188914541082175,-0.0565917943221864,0.229138480334693,-0.141276524867793,0.330977117855273,0.179102925819451,0.301979570708506,0.218475822767085,0.0323384265187386,-0.0783723881082224,-0.445774374676597,-0.138611975635718,0.178919434482231,0.32764025609862,-0.346452228732791,-0.362852876071336,-0.3215078646368,-0.416026992182033,-0.41723651388067,-0.426621418819227,-0.0320669805909451,0.271155160035878,-0.173271766311127,0.0354764422154673,-0.102789256291051,0.0312317459523586,-0.365968831900279,-0.166351950167192,0.0109268190819508,-0.239921349103771,-0.322391277352847,-0.435019959144002,-0.181664996843008,0.0554452836740126,0.074805366391239,-0.131463657706304
"Frontal_Sup_R",-0.0487268197450333,-0.139499845849794,0.397891758178065,1,0.147733968323562,0.33450877732331,0.42193432242918,0.655514871270589,0.13730756741628,0.351456875976431,-0.110980838348374,0.199841962600978,0.0350302212559323,0.326929232440962,-0.01337547836779,0.198595089987849,-0.266884402846503,-0.146094757035442,-0.058764122274187,0.0459452225314294,-0.0052511138419107,0.130209616841166,0.378519590854645,0.584560095725223,0.239429783995271,0.422882898020053,0.0644065716111763,0.0969101496064633,-0.0146552022085885,-0.0472187386991548,0.291585238481862,0.434293118841682,-0.0115333341848734,0.111992901857447,0.0857820997874505,0.173779064021536,-0.325183784958722,-0.229305731454687,-0.370016197177434,-0.188499388066459,-0.180977806839766,-0.135726781162113,-0.121149709618251,-0.166192543158723,-0.0791528597067344,-0.131929577402474,-0.17264377466824,-0.237442074048315,-0.156579506303171,-0.127321994544864,-0.237958313185696,-0.0927440232295535,-0.330232015086137,-0.260856137746393,-0.260633512216573,-0.261960221059717,-0.143255373827492,-0.0695280284567078,-0.156045766472134,0.108123991270719,-0.066356012385546,0.36123332244888,-0.158975644163443,0.0621297202732392,0.0819543303889237,0.412750692386387,-0.0910561448687029,0.0634054795639735,-0.229840391555999,-0.255442693118993,0.123999724107855,0.194758552774807,0.0660212350664323,0.0415772769938231,0.0620407174219822,0.0911454189155711,-0.162844920524245,-0.126744808239229,-0.0692993606447896,-0.130573733440442,-0.144101432004971,-0.0334258557259565,-0.0410023822534834,-0.235400489521697,-0.113810512671666,0.145123847951832,-0.185270916706289,-0.109994512243551,-0.303806663186136,0.0699655105043304,-0.0466043383301856,-0.12859206501132,0.409130509811959,0.109555079461199,-0.275417688719852,-0.390409671697835,-0.314627587418081,-0.282673302448916,-0.117352369508773,-0.290655956906341,0.312540206496845,0.186457178659137,0.122606660756506,0.116865402690975,-0.112801756088311,-0.0838876451410732,-0.160079325226976,-0.0862167735990543,-0.17279498876235,-0.263787904177811,-0.326480505987355,-0.339859270564488,-0.0867384788654838,0.0525361842075086,0.0133078552694815,-0.231710606134579
"Frontal_Sup_Orb_L",-0.0829448929273952,0.0864187108116259,0.524627779108658,0.147733968323562,1,0.236919816359281,0.192796838195174,-0.0593021814440107,0.398386852662038,0.162203179783595,-0.1808333168179,-0.0868932852253469,-0.0614672769914899,0.0950942363748417,0.285404729113388,0.311182657169091,-0.036544205715359,0.10619988048562,-0.175177084964527,-0.158099253340904,0.352504405395491,0.108044739384031,0.587934889699992,0.514971875120426,0.742466620849787,0.571507241683063,0.798103355467827,0.495138182985893,0.00336900119879207,-0.0438258095228664,0.263308758990229,0.288866056228572,-0.0364370956781973,-0.231617589190404,0.273920313626126,0.0894679314747826,0.0139550717064928,-0.16339225598669,0.195733227651029,0.174729524973637,0.162902272394423,0.219073422707173,0.0912174693002135,-0.0190193145174578,0.00715744135829626,-0.190106875615401,-0.0615405792498951,-0.149946140525579,-0.170637298213543,-0.239008746176937,-0.175206495582736,-0.0984418216034518,-0.298566045355423,-0.289831882152651,0.0736322791392665,-0.0643890281443097,-0.0176603061564149,-0.0598809669999435,-0.283540430659333,-0.240246474735655,-0.271517837485641,-0.200789296707199,-0.291285241948767,-0.238014704937622,0.330460209366675,0.259466633453126,0.0214100181604331,-0.101321185089938,-0.045468759792926,-0.0734718785094037,-0.0233413929457611,-0.103894860810892,0.187044469283425,0.199088335844135,0.0909560773090974,0.218238670500924,-0.162283842689147,-0.232631060728601,0.074822688192339,0.0653525195742931,-0.00236467599004151,0.168056863673329,0.339774193492747,0.146154458153164,0.26405238109616,0.285575744086825,0.333665054963132,0.394798218568724,-0.0754518960144309,-0.17838364068596,-0.481336445693873,-0.43929589365813,-0.0486555618955872,0.0263489632895393,-0.214991292057413,-0.201285932690721,-0.0892258244999051,-0.16977249260175,-0.375278240064029,-0.391643840254101,-0.178664182307713,0.0588529090090329,-0.22923039478695,-0.270392046908327,-0.13110849471961,-0.119310076223715,-0.236364744463039,-0.247039067744388,-0.0923462820061127,-0.133261092582285,-0.0811200316169411,-0.486802091457619,-0.261632118442476,-0.0522964606269788,0.00573208054048227,-0.207883304148319
"Frontal_Sup_Orb_R",-0.359245871019345,-0.251164688810244,0.158292910481512,0.33450877732331,0.236919816359281,1,0.142778113664841,0.4598639802541,0.482897849054841,0.75614188323747,0.0624579544965727,0.204767096215331,0.224160719654885,0.445338264460701,0.323988799348132,0.413046418648336,-0.288789658663605,-0.187464957054901,-0.289709216146833,-0.307580894863498,0.110862746600052,0.32131523405836,0.369452290438314,0.483929537331671,0.243224198360504,0.568095755839625,0.12021541886461,0.564815875885494,0.0204405730207865,0.108667413363678,0.326206395649816,0.455023989260397,-0.302333930169423,-0.253019546139129,-0.146473420640776,-0.116072008341812,-0.169325311317254,0.0109696198647749,0.0523989309031783,0.0667390150289321,-0.000962549083763074,0.174279353099956,0.0449830531135514,0.0300209178099995,0.0524430657811307,0.0195564281535265,0.0301876625781159,-0.00631120902059859,-0.0748264534934199,-0.0706866913682604,-0.249412755211559,-0.0566410329572544,-0.0848715576088773,-0.0462673908800931,0.0455624172439517,0.0376781532439755,-0.414247534910542,-0.271089745210847,-0.467538414929809,-0.188070601737304,-0.270440330007842,0.217309544343437,-0.307041745072239,-0.027118003986924,0.0625258168890255,0.343776302473222,-0.417550653467229,-0.305171920619928,-0.387491901295303,-0.453046329003636,0.0409805609976874,0.0781091383449988,0.117398348556444,0.178274481073353,0.105626169640726,0.304436024175227,-0.295173456940159,-0.241586425473792,-0.268306212657256,-0.0879869600540576,-0.177841170791895,-0.00200688058373305,0.198728912533929,-0.0487845527453289,0.00178963843592119,0.136650218328097,0.10392561988535,0.174590943392303,-0.212923100577153,0.0518318961538981,-0.232059181216732,-0.296580964279538,0.0487069433679607,-0.0362572097570618,-0.185069212643816,-0.0801852002608576,-0.135377405056254,-0.0322239389790048,-0.151029324251459,-0.264958588369348,-0.104996302000154,-0.0931914138947128,-0.143748582501122,-0.240037462515185,-0.0561322563552127,-0.191010983480916,-0.0539677953575685,-0.218207500361161,-0.0200526590378881,-0.244600171329346,-0.223586820749025,-0.277214572784939,-0.129810673930452,-0.00921878006554881,0.132304623244981,-0.140204543581792
"Frontal_Mid_L",0.042237354111063,-0.244349826762095,0.680334145495809,0.42193432242918,0.192796838195174,0.142778113664841,1,0.410500429805103,0.40033255358996,0.147327066252473,0.223969745938088,0.0387614244237515,0.437900010296924,0.210671490668588,0.300982195986193,0.144862921814388,-0.16664740650392,-0.181381715187793,0.18153939177487,-0.0624479029859348,-0.157815753677046,0.0513492287676784,0.461527301762985,0.442192924473305,0.0358629640486277,0.174629546916714,-0.0982375219184235,-0.0414553096680939,0.143294217374397,-0.0773158141484514,0.23472249155088,0.361694435728738,0.13910889497294,0.0365784238733143,0.120074727703438,-0.00355009947685951,-0.14922888075563,-0.237489485375088,-0.299131143355055,-0.359617395862765,-0.217037235030707,-0.112219625636305,-0.161271397468431,-0.243184767370701,-0.0763049694375981,-0.252160837826026,-0.279182823701491,-0.357441369013883,-0.216087367373628,-0.297285008873506,-0.172916034725699,-0.247407371014722,-0.338118283357833,-0.278016596973322,-0.333252805038849,-0.441559593408384,-0.269532593166358,-0.287979476817848,-0.0969659598893058,-0.250627300885814,0.206016043626378,0.0152937699064603,-0.0942665649519814,-0.0338581194466839,0.270278826051981,0.0857629040628379,-0.0379808765556487,-0.143560200984474,-0.202620760706766,-0.321119595949049,0.370219164208371,0.244433084887775,0.193112811247089,0.0603966365290186,0.206153996134408,0.0638520692995666,0.0135609186961465,-0.164392695318156,-0.0441085234052441,-0.179073459251136,-0.183643121414409,-0.146723395877116,0.0281418216286827,-0.284153076632239,-0.0394068358361256,-0.0258585622082397,-0.141677045312401,-0.187207208068779,-0.0202396327062543,-0.157873010195398,-0.230764460327364,0.0861250038981381,0.23291967201823,0.361270163001384,-0.299708676813432,-0.441399646080544,-0.463461054640512,-0.486493515839084,-0.336246260232574,-0.29490363611821,0.0820408811293807,0.33041726931527,-0.0892718122372149,0.146848405844325,-0.247126709666464,-0.00547193103326622,-0.343747852663554,-0.0779527117403784,-0.0413945130827763,-0.298652325297193,-0.452793806885698,-0.356267604861863,-0.0813001363855486,0.0401653276315008,0.100820249229857,-0.128406317396432
"Frontal_Mid_R",-0.0219782713940863,-0.112594450516032,0.117688124270273,0.655514871270589,-0.0593021814440107,0.4598639802541,0.410500429805103,1,0.153146575710788,0.561682277392888,0.139963009046328,0.492766839178302,0.283588246612051,0.61580623613932,0.17647353558868,0.421474138856624,-0.150746748687974,-0.0486058303072737,0.117226077512173,0.0956701284232491,-0.223311643469459,0.0713835532247361,0.22086005644869,0.411720910908947,-0.011117613830775,0.260497257490078,-0.139004826856018,0.111631953401532,0.22566842466319,0.319204435353824,0.351030042014774,0.472376556158813,0.0313565688281135,0.175076289777362,-0.226313925788931,-0.160195789026013,-0.354574586187834,-0.224120254592824,-0.209658055287187,-0.191257979094343,-0.162951616728866,-0.0654263342341526,-0.049209867884213,-0.0767086937665482,0.0445568883388045,-0.0232722505644906,-0.0859298955578184,-0.175925637269445,-0.0899578591557017,-0.127596799463201,-0.300541236336435,-0.209017786257169,-0.233757585471388,-0.13783398064852,-0.159435161769751,-0.180003695238698,-0.248078384679353,-0.183160068414117,-0.267593575412293,-0.00320912180971026,0.0726852921332384,0.542868245148956,-0.0546220229649881,0.287906497570183,-0.0925164404441777,0.294719940889889,-0.354637727257624,-0.198425180787814,-0.134439479246653,-0.257207053810133,-0.0203470286080856,0.204601466758967,0.0552225329802141,0.230321667763894,-0.0277375036116746,0.222022962096887,-0.210071241594239,-0.026061906538251,-0.0187730269798099,-0.0235627691401607,-0.0336973601131858,-0.0161920673586003,0.13312271113672,-0.086107449508914,-0.222721628385628,0.0647250841038986,-0.194349228342425,-0.190538665940489,-0.356900137363382,-0.00173328291838626,-0.0424808015976772,-0.121178549545588,0.286674664188067,0.0157484419495048,-0.224651548396413,-0.233065192037946,-0.263318937230633,-0.091262627067592,0.026666146004818,-0.159128463698721,0.279839047377688,0.133881384379667,0.151167702993522,0.104618850940683,-0.155544049726748,-0.127349768633817,-0.0215768840184405,-0.11884862811068,-0.087846133001038,-0.265402949819454,-0.460301249166681,-0.151887988629398,0.0399304675258413,0.159475317642429,0.0873756599057842,-0.184782371146649
"Frontal_Mid_Orb_L",-0.125252793747862,-0.139879200471247,0.330483262250056,0.13730756741628,0.398386852662038,0.482897849054841,0.40033255358996,0.153146575710788,1,0.423117014994007,-0.0316393266447575,0.0119168236675507,0.188438740847004,0.17177944346923,0.320666377162802,0.241325836377601,-0.173469249822578,-0.0309144339008851,-0.0449306417438479,-0.191439953023424,-0.00685970653751672,0.134356152501111,0.255188840178626,0.268246158056473,0.107711116141365,0.259073279576397,0.132587072601567,0.358020520350001,0.0372192895673707,-0.015615933115416,0.0938281937551654,0.195086205114375,-0.0843348825341363,-0.198193152986623,-0.0180875464643548,-0.0530214976867969,-0.112439916082498,-0.0799089421321834,-0.0674269813468378,-0.137187506107289,-0.0873687030460179,0.128571875030266,0.0750741621979047,0.0960101751871985,0.1220992926566,-0.0365548496322704,-0.0275223213173871,-0.0119523094411136,0.00653115144046225,-0.0387925444014257,-0.0877780402580253,-0.00811704550056325,-0.16527411898707,-0.0666891512677015,-0.120651132740847,-0.0826333110760869,-0.234109299033162,-0.269828764135311,-0.145881474640536,-0.184356308940969,-0.0609785739848657,-0.057969349686715,-0.25934135167649,-0.171205009386968,0.19510410555097,0.133497277831205,-0.0818748563629394,-0.0827066085514563,-0.226724713596276,-0.287319181191708,0.0675698119539344,0.104491604745498,0.124735265047942,0.150142138267144,0.105799053907352,0.252393008677762,-0.107519069850574,-0.152194008294287,-0.140496597154006,-0.039547179038257,-0.178707497241098,-0.0947260473282785,0.0380018543381898,-0.174604988615152,-0.104805647053049,-0.0402610103552982,-0.114028377919985,-0.0584790072621611,-0.155511725570524,-0.161863350395691,-0.268091898225623,-0.184428492137699,-0.094406163982127,0.0688477210098034,-0.258761774640824,-0.237010008893009,-0.279233135366853,-0.232010392492098,-0.319684715351355,-0.219734868965199,-0.215836761453688,0.0160686388690112,-0.270373663671274,-0.150728537848278,-0.130377518897532,-0.200858840771317,-0.120879548251038,-0.184404049633214,-0.0400730203253317,-0.243485245890734,-0.20351199039955,-0.262922505312997,-0.0628465089266785,-0.0834992229869423,0.175100297872064,-0.000809567475947549
"Frontal_Mid_Orb_R",-0.287073132079929,-0.204491930050766,0.176580279987881,0.351456875976431,0.162203179783595,0.75614188323747,0.147327066252473,0.561682277392888,0.423117014994007,1,0.0609505294184808,0.209267427480769,0.268489781135845,0.441495967822954,0.462023817643602,0.511524534286826,-0.259922138688845,-0.126369911730117,-0.219971500427306,-0.210280054392412,-0.0637678795872885,0.0848901190715906,0.346624259712179,0.446915232327324,0.192492078451528,0.420060949933606,0.0521295855351699,0.312048247457689,0.015820482270601,0.192958076776144,0.26401569444588,0.445597542564658,-0.238430834868358,-0.227207414868733,-0.229188285415336,-0.228431368095484,-0.295096196808176,-0.0460124294985682,-0.000945850681524681,0.0552397739550643,-0.194540149420672,0.0799909419093841,0.0741543254013787,0.0705518913298924,0.065075396964254,-0.0322341694568685,0.0500183813852658,-0.010792841607651,-0.0980514040845458,-0.108816253288465,-0.250259639899484,-0.0425905075425907,-0.12927857821766,-0.0720101193848631,0.0382522827287218,0.0463726480008541,-0.34457585286319,-0.282811196662448,-0.403827305357693,-0.187439681611604,-0.174095304036434,0.251800343653059,-0.260854861990634,0.0220935390825879,0.0667495068697041,0.290454794674503,-0.463682385191334,-0.393167537603554,-0.193415222738545,-0.378335980828882,-0.0966008921478433,0.032465843028361,0.0183407794098558,0.200649515086463,-0.0628536143609817,0.278365096361762,-0.303027988840302,-0.188011822999216,-0.160004397584301,-0.0392692047449617,-0.0969790579774268,0.0537378472246024,0.191396752565217,0.0188830256137005,0.0230522229438773,0.180520720632878,0.0837050965157498,0.104977223092037,-0.222890980097231,0.0457154673453007,-0.179743112422182,-0.244228092991473,0.130111074032338,-0.0116569997622723,-0.206354498420332,-0.0715264583812177,-0.0820583151265267,-0.0165000945317449,-0.0443373309111573,-0.191851390427868,0.0834046548893803,0.0124510298772703,0.0316955260435567,-0.0996670631704307,-0.0679002054749809,-0.170780286096371,-0.0414720157190872,-0.272180123427157,-0.0471205955781746,-0.326176037901137,-0.282995604821467,-0.162887385177106,-0.0531169299328412,0.178053134342426,0.146332366175135,-0.19275866161411
"Frontal_Inf_Oper_L",0.360553177668497,0.158997846648024,0.07832937742087,-0.110980838348374,-0.1808333168179,0.0624579544965727,0.223969745938088,0.139963009046328,-0.0316393266447575,0.0609505294184808,1,0.291937632637447,0.728822828110349,0.256126595694003,0.332732974845019,0.0890461391253637,0.372122988951018,0.154841330055135,0.280831023322278,0.0569839216042219,-0.129260249667512,-0.0266994565154375,0.0616467154654923,-0.00185436580901486,-0.296842680654021,-0.222966873919951,-0.232056303397282,-0.0233811324530197,0.314676732110486,0.27519593222835,0.108756008998112,0.121419726350761,0.0419874975952927,0.076818923121481,-0.302247274757781,-0.340189859901647,0.0479786471779525,-0.0130857145015357,0.0644301442587598,-0.00705310691774809,0.00168743952987517,-0.0351427518371337,-0.242067698403213,-0.227713594090458,-0.278169919623932,-0.186362823305787,-0.20762498581373,-0.218549063159804,-0.253936860700181,-0.191386801591348,-0.14420685079624,-0.163951457191536,-0.0543729808770083,-0.0188557336754004,-0.0735441584735971,-0.116111345277944,0.0545911795014789,0.0763701731820309,-0.157293754004595,-0.188842555165718,0.31785572885522,-0.0449723548188904,0.304063037771716,0.152335643632246,-0.0248923457167947,-0.19624494707774,-0.381907837275713,-0.392750922233294,0.00948025203380339,-0.102959752376794,0.193195396085933,0.127536793457775,0.190527481409001,0.0815240873128374,0.160460580486355,0.10822164369671,0.0365239568990483,-0.0611727759887551,0.183516049287021,0.222421664570897,0.255680401378363,0.172530859292696,0.109024050485062,0.0571674920714455,0.114363224058807,-0.10115672235479,0.103582248303811,-0.0120285351509539,0.160057742240231,-0.0769142776718498,-0.165684571171853,-0.138877375940391,-0.144529351817364,-0.0152785653256338,0.0439066016236528,0.00486500482936432,-0.0846066338765873,-0.124488473773287,-0.0683389358645742,-0.225107067668238,-0.096765021546597,0.00848522405954174,-0.107279926348512,0.00167494642269283,-0.137739842049298,-0.0960178199071633,-0.166055363107091,-0.152896690539393,0.163223365854848,-0.062827954347516,-0.296162017559831,-0.0513693885686003,0.0646495743043567,0.101843352813863,0.0892545839682554,-0.012173969059188
"Frontal_Inf_Oper_R",0.253975133701659,0.263820101069266,-0.0829605010434142,0.199841962600978,-0.0868932852253469,0.204767096215331,0.0387614244237515,0.492766839178302,0.0119168236675507,0.209267427480769,0.291937632637447,1,0.272785841418251,0.679689056298169,0.107605039284833,0.401967420584683,0.239287696705546,0.309656132193916,0.26786027235013,0.256293761149471,-0.180012776630022,-0.0100850721304092,-0.0480239436675677,0.106794392067314,-0.200419681107158,-0.0548263026073494,-0.102213085453799,0.0664414042391246,0.394399958535501,0.559459008122287,0.147017680060635,0.2345680460763,-0.0751945055589258,0.0559000902608534,-0.446153297421366,-0.398594104166659,-0.236827596856513,-0.0931972922207613,-0.00888807698311788,-0.00712068825177443,0.057960665211185,0.178651850237375,-0.0463824195067411,-0.0576096571041985,-0.0889887361580815,-0.018529470911186,-0.0326451175405136,-0.0779137884526932,-0.0906283708885316,-0.0346226223853261,-0.245366267270827,-0.114651073558622,-0.0665671886842715,0.071785821303506,-0.00465677817146114,-0.00892658518614313,0.0913832597811088,0.218733272821903,-0.16527318039773,0.0427662111887624,0.152683564437619,0.390985947986516,0.214789287380283,0.530330397948705,-0.273865090051321,0.0252397581352942,-0.496983788739357,-0.294702291415977,-0.0132494273490602,-0.138628915942778,-0.102743665739452,0.116079440479278,0.228090387196901,0.397584987861498,0.0886302365319854,0.284042108926087,-0.20839590364107,0.00487052498520846,0.159218248950134,0.194819085000759,0.289153341613749,0.205276315920321,0.162286183917157,0.144113004486016,-0.193527725255625,-0.0116027941261714,-0.0891108754112349,-0.0903975673017621,-0.262706070665967,0.0279920299010958,-0.0525476921723322,-0.243969088725672,-0.0549335413712298,-0.292620589084572,0.0261185701328062,-0.125972702609917,-0.123316146876515,-0.0751179262000618,0.102251610852798,-0.0934513563739941,0.110518067277688,-0.160355620411201,0.102756880014118,-0.0213704843331203,-0.20561809955222,-0.14092198638031,-0.00699878166026607,0.0170975315796685,0.154562990709587,-0.0550635686437078,-0.318794734616049,-0.100063212630592,-0.0119979296635984,0.0424233493504517,0.0249157937496814,-0.0678587054951263
"Frontal_Inf_Tri_L",0.109189331357217,-0.125659139967433,0.235940000497971,0.0350302212559323,-0.0614672769914899,0.224160719654885,0.437900010296924,0.283588246612051,0.188438740847004,0.268489781135845,0.728822828110349,0.272785841418251,1,0.437214129098368,0.633451488456707,0.370070246767716,-0.00605915626424541,-0.132275862473147,0.145388260398364,-0.137611199506374,-0.151524490544458,-0.0512960522816592,0.229492120341571,0.223765329773301,-0.159088607107214,-0.0410974290297229,-0.131826686333314,0.000667245567571664,0.25450037015401,0.194884772653041,0.209835373454376,0.22095735063163,-0.0782777721040552,-0.0425986456620325,-0.271047892473708,-0.324126423929677,0.0450849728649079,0.0699698947815514,0.000444688869677602,-0.0166474899291129,-0.025345327905806,0.0164991815711222,-0.121942932709589,-0.0801616289060437,-0.147920449169686,-0.163948848600668,-0.179518318833124,-0.167815172262743,-0.248466733953063,-0.268506855075419,-0.205606243367808,-0.197570222171077,-0.147339067405063,-0.116188040735175,-0.0663846339060469,-0.134894689561738,-0.273478036725803,-0.195994277260129,-0.198692260678407,-0.220763362534192,0.225560099713178,-0.00128445201445983,0.0390185154196234,0.0650145902778437,0.0781290459132858,-0.117794220872595,-0.41160214777463,-0.398499682805484,-0.15475358878869,-0.292396842553561,0.178479889049654,0.0999788032110346,0.228755648654075,0.170444380262009,0.207925513649897,0.266682990645545,0.00691017632117304,-0.143962714858405,-0.0542308161934162,-0.0824465717679888,-0.0265024834342997,-0.0254744666376379,0.188987731199944,0.0296169070311106,0.112332879663792,-0.0239966611269514,0.163175526453913,0.0545022667478077,0.218101067752426,-0.082896077791382,-0.250794845796619,-0.0710096292865689,-0.0331202821015463,0.175884123735581,-0.0135604333590279,-0.0826186146755021,-0.21025550478324,-0.137188643997826,-0.244708964243275,-0.285702774583389,-0.0896554952982295,0.139357988539484,-0.114134016929606,0.0094310964495056,-0.184197639597353,-0.0122994809974978,-0.218566506931952,-0.220194676463309,0.0177246886513349,-0.190475427272355,-0.37909045174101,-0.168356517636849,0.0325006646752088,0.0798016487242678,0.155019280107172,-0.0730983296970525
"Frontal_Inf_Tri_R",0.0243197669788427,0.0871903776920331,0.0747120644761569,0.326929232440962,0.0950942363748417,0.445338264460701,0.210671490668588,0.61580623613932,0.17177944346923,0.441495967822954,0.256126595694003,0.679689056298169,0.437214129098368,1,0.36391894895322,0.686893817794151,0.00299221717455357,0.0837864306302583,0.0592422476325578,0.0452391744881725,-0.164667572089988,0.029630824042141,0.278597692985739,0.415814823825954,0.0526059728124193,0.260014388458451,0.0366404524494367,0.233510619522882,0.339392027970589,0.451279923041302,0.249615843045021,0.381841101633548,-0.208190790283551,-0.0349710009966407,-0.374904032667638,-0.338594707031064,-0.245908247597696,-0.0463389412636682,-0.000559228590415087,0.062877654720509,0.0572100911538838,0.220343346354996,0.00517560857474297,-0.013168914586226,-0.0387018004480395,-0.0802003110647994,-0.0407418723785784,-0.0806087996064277,-0.176609388766389,-0.215902714634407,-0.320787609275824,-0.178295708748702,-0.187309727440771,-0.117891519750552,0.0511805945337135,0.0285882391325432,-0.160600835358478,-0.0701505236804078,-0.348194524576332,-0.093360306333178,-0.0462232981168644,0.355211055528326,-0.108791294051884,0.245928966393227,-0.140186763903201,0.2479260272633,-0.500574454452611,-0.352508506841885,-0.067557128962818,-0.213816684929089,-0.100648050097566,0.103416556007423,0.191740327222744,0.385404565445375,0.111808052428547,0.401670261481616,-0.266803015533226,-0.0856304282911468,0.096761803398261,0.120841092478334,0.16830311496315,0.232397108298393,0.261904211394982,0.176915595858873,-0.0325673658382111,0.244576594280684,0.0424513428227822,0.0544640221360001,-0.21933038922068,-0.0115633328842505,-0.200392701553603,-0.368049569403949,-0.0198854377327553,-0.222319430267332,-0.0459755041062794,-0.151416947272665,-0.15589559958738,-0.0399004515198416,-0.094200832113749,-0.318785723270939,0.0567664537610561,-0.133039987762976,-0.00595398022339585,-0.142159241836159,-0.227678118736524,-0.207252620550101,-0.18433714669882,-0.223116549490779,0.0325175544672733,-0.174325239646684,-0.404692447540004,-0.286046556460644,-0.0715946950373918,0.117800672235519,0.130602562643105,-0.226539067155309
"Frontal_Inf_Orb_L",-0.00754644394852726,-0.118069127389693,0.391704421993731,-0.01337547836779,0.285404729113388,0.323988799348132,0.300982195986193,0.17647353558868,0.320666377162802,0.462023817643602,0.332732974845019,0.107605039284833,0.633451488456707,0.36391894895322,1,0.671591608462408,-0.0663848972054128,-0.0819734542174292,0.0156768281021439,-0.0509553887079863,0.0339745187596443,0.157439262782071,0.489167250160173,0.423309446545201,0.222880274218389,0.236633386304116,0.157458341185891,0.214236833544235,0.296836220192197,0.245028554505227,0.326449339886765,0.412761451347471,-0.0759784204292608,-0.188842495907514,-0.175157403701853,-0.335204512926218,-0.00477752426068457,0.0959844341411673,0.133707689196002,0.15720883229136,0.11188017963154,0.247917531039699,-0.116299932718824,-0.128110511038195,-0.139015252825399,-0.276623096206756,-0.188344118775131,-0.222079068611164,-0.396610531030345,-0.444578106885317,-0.451896808346457,-0.373836870144477,-0.339631878471276,-0.294869165073794,-0.0857061745568314,-0.169795658176015,-0.264261121444045,-0.25438710742133,-0.321726308466587,-0.329276625591885,-0.0179360948953741,-0.0236351607322711,-0.169329162933439,-0.0148869607956994,0.20481438767005,-0.0411974989250632,-0.45229511441414,-0.513457565114329,-0.102789116552025,-0.232688017687566,0.162793310254639,0.134797735745069,0.337699426279307,0.35735961878995,0.25455925278158,0.391575493333029,0.00752791561769341,-0.187633615876728,-0.0226740985897697,1.15398875699133e-05,-0.0271114556987326,0.0987012939631219,0.523774919732649,0.166142757853126,0.23140655554682,0.116574915973081,0.358140985460326,0.246329057196914,0.102152905564264,-0.236919684078991,-0.393568337331471,-0.26571256072201,-0.0944822143140102,0.0951020090205712,-0.0880737238773098,-0.131978963489673,-0.105784588157744,-0.115132893779237,-0.268748980792024,-0.311412242239399,-0.141398546954373,0.102140361639069,-0.0546461120689266,-0.124704883778459,-0.20127028767854,-0.0140504849614223,-0.19522742170514,-0.33815166535498,0.083977213322016,-0.122242488130995,-0.338518222023953,-0.238108518450846,-0.0687831531995398,0.0421489930646354,0.140101987356619,-0.124971331832643
"Frontal_Inf_Orb_R",-0.0265683290111091,-0.0317170556135299,0.201330875812495,0.198595089987849,0.311182657169091,0.413046418648336,0.144862921814388,0.421474138856624,0.241325836377601,0.511524534286826,0.0890461391253637,0.401967420584683,0.370070246767716,0.686893817794151,0.671591608462408,1,-0.0608742612981943,0.00221480941188533,-0.00343026365266147,0.0970874684338641,-0.134473652873013,0.0897739570053488,0.436834624245074,0.506256228462554,0.251636279554505,0.365003344255929,0.217675687696167,0.233582281012626,0.392244658458081,0.507650935190709,0.36501649222837,0.423354400511329,-0.148376191138508,-0.164090957934123,-0.352128228613403,-0.400976313178828,-0.170119629280366,-0.00302886472627135,0.159967896568735,0.226440712567658,0.139583964992461,0.390709468443084,0.0552520500362227,0.0172324149255011,-0.0210333619698514,-0.118584069271482,0.0480726763971361,-0.00896625418758347,-0.243592755242971,-0.30598765283073,-0.496668876765279,-0.35260925714484,-0.293880460991882,-0.251892529221284,0.127398477090764,0.0242204815304036,-0.240960126413924,-0.196197276259372,-0.310526886927521,-0.137413374092947,-0.122625466796098,0.232740437003701,-0.184568025686162,0.160351810511754,-0.0457243416494667,0.100309609164054,-0.544792159063048,-0.480255613850535,-0.0743529693920724,-0.261588264606602,-0.107914256835967,0.122106375971834,0.299740922221577,0.485307098771313,0.122518278926479,0.499372990176149,-0.199146852953282,-0.129391793624203,0.103201801595558,0.113130187108541,0.159945332843008,0.272995462237257,0.52528757083098,0.371184963346207,0.098207601578338,0.31178965387918,0.284172745493196,0.23943981352102,-0.156040852122393,-0.126969975049909,-0.299702588083697,-0.390156089410914,-0.0493477380938809,-0.141791154941876,-0.13150837646668,-0.193516472802265,-0.0538836586794362,0.0257816832983722,-0.15799000259076,-0.281165607606713,-0.0550860681870198,-0.0601258844924123,0.0364244639051865,-0.211000780656188,-0.33625895679486,-0.224320198278776,-0.159562579790189,-0.362578139354435,0.00484136162719534,-0.142206504145161,-0.316268068459135,-0.264593061303679,-0.131617734672137,0.082706961483709,0.120299259399739,-0.35988589034039
"Rolandic_Oper_L",0.425096714423055,0.572418619713609,-0.154800727922725,-0.266884402846503,-0.036544205715359,-0.288789658663605,-0.16664740650392,-0.150746748687974,-0.173469249822578,-0.259922138688845,0.372122988951018,0.239287696705546,-0.00605915626424541,0.00299221717455357,-0.0663848972054128,-0.0608742612981943,1,0.8304455714802,0.350108770826847,0.299302186800276,0.0523715717226558,-0.124004541860443,-0.199462753499394,-0.263879953204813,-0.145204360793547,-0.263144045354353,0.0558062275814484,0.00736933770648156,0.555525757236098,0.550197113200247,-0.102335314540765,-0.132078201721913,0.316780171571883,0.22092613810669,-0.292137736173759,-0.29443464602057,0.0817717056707486,-0.0297291889397661,0.276464078986727,0.200755072579443,0.268784906266824,0.2045574793926,-0.145931424363106,-0.175770922557081,-0.309626355801367,-0.176191840258073,-0.0999012467085402,-0.0852516133197848,-0.273884261654085,-0.219471975070525,-0.228054809092337,-0.176627212125308,-0.0166534823060611,0.0264883278261757,-0.0263062118803394,0.0615045780647089,0.615091374655017,0.474376858871333,-0.0261856743627884,-0.10523932156352,0.0400324501501415,-0.193974260389887,0.614900593880412,0.323791537855922,-0.244090539618728,-0.294079011978807,-0.161531057746343,-0.19013011312623,0.433080822580925,0.377339995953112,-0.169087365111277,-0.129368009597176,0.191420350493337,0.319442551863266,-0.0138086888445218,0.0025970122895222,-0.0487014515165562,-0.0211043606081676,0.73373524685754,0.68030205376529,0.796883273912444,0.557883134022511,0.155973100587428,0.3870440587494,0.0942736843652784,-0.0452423753106873,-0.0301483697871559,0.0637914130902128,-0.0530443347781334,-0.153074826432448,-0.132525392173062,-0.293790238450331,-0.437173128367881,-0.35987325656106,0.160312522275192,0.0448905237793542,0.165141710797114,0.0596056350248153,0.0637059270881567,-0.0263977032237768,-0.206163491843255,-0.310085168501292,0.0229864683355198,-0.180155116459902,-0.317699179585498,-0.208265927474877,-0.173096328330707,0.0197571621248005,0.172067056953964,0.10547571413134,-0.0538186532783012,-0.0746044179994999,-0.243525672614794,-0.0917642196492787,-0.131885671792028,-0.0491513694048901
