"","Precentral_L","Precentral_R","Frontal_Sup_L","Frontal_Sup_R","Frontal_Sup_Orb_L","Frontal_Sup_Orb_R","Frontal_Mid_L","Frontal_Mid_R","Frontal_Mid_Orb_L","Frontal_Mid_Orb_R","Frontal_Inf_Oper_L","Frontal_Inf_Oper_R","Frontal_Inf_Tri_L","Frontal_Inf_Tri_R","Frontal_Inf_Orb_L","Frontal_Inf_Orb_R","Rolandic_Oper_L","Rolandic_Oper_R","Supp_Motor_Area_L","Supp_Motor_Area_R","Olfactory_L","Olfactory_R","Frontal_Sup_Medial_L","Frontal_Sup_Medial_R","Frontal_Med_Orb_L","Frontal_Med_Orb_R","Rectus_L","Rectus_R","Insula_L","Insula_R","Cingulum_Ant_L","Cingulum_Ant_R","Cingulum_Mid_L","Cingulum_Mid_R","Cingulum_Post_L","Cingulum_Post_R","Hippocampus_L","Hippocampus_R","ParaHippocampal_L","ParaHippocampal_R","Amygdala_L","Amygdala_R","Calcarine_L","Calcarine_R","Cuneus_L","Cuneus_R","Lingual_L","Lingual_R","Occipital_Sup_L","Occipital_Sup_R","Occipital_Mid_L","Occipital_Mid_R","Occipital_Inf_L","Occipital_Inf_R","Fusiform_L","Fusiform_R","Postcentral_L","Postcentral_R","Parietal_Sup_L","Parietal_Sup_R","Parietal_Inf_L","Parietal_Inf_R","SupraMarginal_L","SupraMarginal_R","Angular_L","Angular_R","Precuneus_L","Precuneus_R","Paracentral_Lobule_L","Paracentral_Lobule_R","Caudate_L","Caudate_R","Putamen_L","Putamen_R","Pallidum_L","Pallidum_R","Thalamus_L","Thalamus_R","Heschl_L","Heschl_R","Temporal_Sup_L","Temporal_Sup_R","Temporal_Pole_Sup_L","Temporal_Pole_Sup_R","Temporal_Mid_L","Temporal_Mid_R","Temporal_Pole_Mid_L","Temporal_Pole_Mid_R","Temporal_Inf_L","Temporal_Inf_R","Cerebelum_Crus1_L","Cerebelum_Crus1_R","Cerebelum_Crus2_L","Cerebelum_Crus2_R","Cerebelum_3_L","Cerebelum_3_R","Cerebelum_4_5_L","Cerebelum_4_5_R","Cerebelum_6_L","Cerebelum_6_R","Cerebelum_7b_L","Cerebelum_7b_R","Cerebelum_8_L","Cerebelum_8_R","Cerebelum_9_L","Cerebelum_9_R","Cerebelum_10_L","Cerebelum_10_R","Vermis_1_2","Vermis_3","Vermis_4_5","Vermis_6","Vermis_7","Vermis_8","Vermis_9","Vermis_10"
"Precentral_L",1,0.518634751425014,-0.00533612023199914,-0.251579791312257,-0.261628818258734,-0.230529958312917,0.223466884813248,-0.00541519847742203,0.152857514020348,-0.146571153889067,0.459407934918286,0.377126066973978,0.351475579785136,0.048107905021676,0.0727169485724417,-0.14239793342376,0.488238840455643,0.383674658682585,0.540838883814228,0.388579009302223,-0.188571906768875,-0.0803112994099381,-0.238153747583524,-0.451090200002093,-0.38880411540655,-0.435300310459061,-0.20336018807908,-0.117243646044661,0.201237976214723,0.199039106098209,-0.190655542018926,-0.268280513004509,0.156116287648787,0.111946336463134,-0.109450621161516,-0.139088474805113,-0.0810700677667804,-0.131768728632458,-0.187670960540049,-0.117866701469067,0.124984579233911,0.0199491222041875,-0.0474659586954037,-0.0769341810421994,-0.215796912336386,-0.201170895876854,-0.0153952532978634,-0.0637906976134964,-0.228206576691787,-0.161311398520682,-0.0537166945451681,-0.183088136620726,0.0704085308752276,-0.106313344246266,-0.125654499514339,-0.150386030878217,0.648034713988614,0.409459410702871,0.192192539936792,-0.080496330174215,0.499430316012213,0.161546272753505,0.475109769903721,0.256665764088249,-0.0373861123546289,-0.0779328989199023,-0.182135504867322,-0.197436338516805,0.214834299270698,0.122035804100657,0.00628916171521696,0.0151584100420017,0.14466257223072,0.165417686584901,0.0600395977514237,0.168952743197697,0.163445630160306,0.0794667967642399,0.436114223703397,0.324536944954428,0.370540713240638,0.254660267096205,-0.00974563536276835,0.0233167495056675,0.0849094887704565,-0.0369259949561453,-0.153630151124201,-0.224062111682327,0.105697745454342,-0.00972170735399439,0.133477247866006,-0.0198654733781154,-0.243245556988521,-0.17018741403519,-0.168492582341404,-0.170240683735926,-0.098861054783098,0.0248238357070006,0.0549628227067185,0.144783015487613,-0.117554449873351,-0.0382550036895675,-0.00542723796043308,0.113136276372472,-0.273391967099264,-0.0712017864296274,-0.167795525799776,0.0402807219969464,-0.0761238035483484,-0.0652352872903781,-0.186484747870727,0.0128503940385058,-0.0808052019615459,0.10092290565414,-0.166081464440375,-0.19568638071513
"Precentral_R",0.518634751425014,1,-0.113164609276471,-0.0551044406619062,-0.231337309854277,-0.160174845101458,-0.175518510373574,-0.0685408235022359,-0.167602543393564,-0.215721884384982,0.108184338205189,0.246039489849025,-0.00663645596001072,-0.0353399765785294,-0.107355382313399,-0.083350330042961,0.421358376482762,0.587413313893111,0.461432401679677,0.551021338188583,-0.0917107880740142,-0.193773328763154,-0.139861174454139,-0.115036114112489,-0.271285072360178,-0.298134815631687,-0.128234671062361,-0.146479067905433,0.0873345258351912,0.252267985120721,-0.115071418043069,-0.139332703294692,0.190771627128659,0.200005814270339,-0.106843484789122,-0.126006813383057,-0.216571335920144,-0.100263330863552,-0.14074233035901,0.0952263920898817,0.121728495670737,0.184907258698346,-0.122944636465021,-0.00161262079933441,-0.211396433147616,-0.0541995086338815,-0.0876127910091921,-0.00358124385770521,-0.224652754181404,-0.0104556943920041,-0.174714225626245,-0.132268491769481,0.0406306750843704,0.0280229168513701,-0.108386645107771,0.0494388844491483,0.665850706210726,0.618788297665721,-0.0975685206619401,-0.0183853141930864,0.107728320074265,0.0353878331042188,0.285698295178614,0.297184622194569,-0.187364798526941,-0.121049299999149,-0.295259000447773,-0.196345667865766,0.340895997790404,0.271665465834139,-0.202381155823578,-0.111409834076338,-0.0311138471571232,0.226670006034157,-0.0330248880510413,0.173626547411242,-0.0686470108023224,-0.0791716307347268,0.280918080036032,0.427201564198493,0.412317931046795,0.289740870945446,0.0271796393569381,0.125432673296368,0.0685767658414898,-0.0048927342782153,0.0980878264178759,-0.000203287238631888,0.0724854286226835,0.0523824858611516,-0.134639968021112,-0.10749608890381,-0.281342935676376,-0.180233214629226,-0.110291219834953,-0.0681685973886334,-0.237680632241477,-0.100109018546404,-0.018862486237251,0.0182313300245651,-0.213769409435437,-0.088350822013535,-0.141402588033258,-0.0528817904371475,-0.241656732705228,-0.224628515506045,-0.280715297359093,-0.0273794492625628,-0.0834437074385733,-0.0529894791669423,-0.163914311961505,-0.0688004659797731,-0.179991437085487,-0.0459071925458711,-0.256992093728233,-0.147351612753007
"Frontal_Sup_L",-0.00533612023199914,-0.113164609276471,1,0.336977726393765,0.492123366048235,-0.000107082648247895,0.644100312099841,-0.0451858127903659,0.116053537961195,-0.167291271929422,-0.0837277105065656,-0.316003922354073,0.0693501149436952,-0.242920659732813,0.168156195888189,0.0482380015980664,-0.143946601370564,-0.206257336166287,0.117087833308765,0.0801657747900991,0.0411111627590544,0.0993047573926136,0.688217249383253,0.534933959054153,0.424186065753604,0.318400071185868,0.37773433804221,0.270127322621361,-0.0639541544882534,-0.212848934935882,0.383024103607098,0.442664645068052,0.265335632913131,0.105720917437797,0.293748413421813,0.125262450503765,-0.0856955420499791,-0.210585792422031,-0.110825609295694,-0.139148641130069,-0.0291163799420635,-0.107715280285187,-0.205365521307218,-0.241510186034866,-0.227298198067141,-0.287114561833321,-0.266262246786126,-0.254781140070986,-0.245885785732756,-0.346448910268759,-0.195421222536299,-0.234150448732006,-0.208194861853816,-0.155528649148172,-0.270714464840502,-0.299731469149685,-0.0735216736455674,-0.0634214283715935,-0.131485796580678,-0.382393572009359,0.0367824858160741,-0.21088126849552,-0.128267558657615,-0.246891518659542,0.462701123078516,0.068588358997464,0.0422512625545719,-0.208583412553098,0.105863955912075,-0.183594193990945,0.202530010121307,0.0583504012673056,0.151058404180499,-0.085544372599836,0.178736813924409,0.0668327267731218,0.125647718707622,-0.066777795022014,0.0269930287746315,-0.0991423353408268,-0.12172846041833,-0.108111884875674,0.116781782946488,-0.153046837078968,0.198064814667486,0.119134148529514,0.187164436984839,0.20508337969025,-0.0571232580808182,-0.0813437473310113,-0.428656025188758,-0.0549827484911876,-0.10049278828247,0.178995258880352,-0.166270234272271,-0.303314144068219,-0.166747038289496,-0.26146232448736,-0.419903237011552,-0.288307017731535,-0.264073343262971,0.065557533040313,-0.0840559421646441,-0.0623537415774951,-0.0529790624051992,0.0141270767958924,-0.0254214471548618,-0.106955730502839,-0.00416477511077049,-0.214876418668192,-0.154352186244034,-0.229586539325892,-0.272566922301733,0.0285314315607796,0.155212358523954,-0.0479709755348178
"Frontal_Sup_R",-0.251579791312257,-0.0551044406619062,0.336977726393765,1,0.0882280619598593,0.327326505039781,0.261099595707906,0.668073897710116,-0.0805423608314609,0.270858533697747,-0.3299057650291,-0.0570184158208667,-0.166440700820261,0.139180592363538,-0.136464884190631,0.11463547970145,-0.396816656024196,-0.299102319665135,-0.0860569847915778,0.13775743587949,-0.0132615751443606,0.0588828205399311,0.425701274249669,0.586546218890189,0.159687549461567,0.337319611244997,0.0773912672383622,0.176654224460679,-0.187299307725506,-0.252146815043872,0.216641474848827,0.522582996691367,0.267615450774463,0.350994436839133,0.199294007001734,0.230529031060592,-0.391668783619825,-0.259913337074861,-0.156248149382061,-0.179068670050676,-0.176236232443111,-0.185465803938813,-0.254951549470931,-0.198899564828093,-0.142448935921844,-0.115769937981671,-0.437030538738407,-0.285750639601987,-0.178460201743216,-0.136842101975258,-0.199720148621544,0.0109094021371787,-0.287545848143345,-0.190195858632383,-0.261101342486554,-0.215022837573312,-0.2769164319643,-0.0509256261630161,-0.132818375547793,0.0331371544090885,-0.0324233726291876,0.252400737155967,-0.219458107945667,0.0433881389492471,0.183892992030235,0.518278378640546,0.0773576021651019,0.150113334059421,0.0318810482157789,-0.0433135396659041,0.0276962124244422,0.209224424951497,0.00385046704104177,-0.0936566106479413,0.0274945681128948,0.0115384423951314,-0.0716703755910458,0.0383485976191527,-0.325127490412763,-0.18354095069112,-0.269695513698293,-0.143618896951411,-0.136893209320483,-0.226145759481014,-0.108416020621189,0.24828552547185,0.0813743017745311,0.102195685907998,-0.203697736539214,0.110033312306543,-0.307928546884046,-0.263526644452591,0.049401470833871,-0.152354529266646,-0.132396561951415,-0.218995170164956,-0.284008970817875,-0.352838769301753,-0.395667435619191,-0.383081074116569,-0.0686251929058544,-0.154146801358415,-0.158002540587539,-0.267355999910463,-0.158790690795048,-0.268368855426477,-0.159146434192344,-0.0676279148353418,0.0672012635972755,-0.162938756389027,-0.129774150042697,-0.378355485173481,-0.133830208090418,-0.111229262708221,-0.104527138190473,-0.142691200450677
"Frontal_Sup_Orb_L",-0.261628818258734,-0.231337309854277,0.492123366048235,0.0882280619598593,1,0.228329885115941,0.230732208660284,-0.200788842403493,0.413553047332719,-0.110332254012308,-0.24333045558845,-0.379745184043778,0.00456655083870674,-0.218251065916954,0.133925530623096,0.0591143473627378,-0.241543707016618,-0.177548848745193,-0.177701781725292,-0.146652983522544,0.454931374117997,0.293306208793438,0.364071867080196,0.34288336797318,0.791158663722528,0.738342308836353,0.822960509384472,0.632047711423349,-0.265249455040779,-0.257992049684945,0.229266134925584,0.299141148491821,-0.163011385956305,-0.18067176207656,0.250922421337995,0.130419213969402,0.137978217536797,-0.0446488153611124,0.184764108913667,0.117784464430963,0.0321454684827808,0.0022814783789291,-0.099400560571427,-0.16419541499591,-0.06944706894533,-0.112927664268267,-0.112905031836903,-0.0762423522432611,-0.150321664249495,-0.179435560390925,-0.13038076399513,-0.144498230244859,-0.0284129024387039,-0.00586592316125449,0.16389055523959,0.00126129638807556,-0.244721395021136,-0.159104624823922,-0.0790307110126212,-0.30945738951162,-0.193035638610686,-0.304790830441717,-0.398020952310144,-0.429946990411512,0.317998842369807,-8.86787543733469e-05,0.195033045391895,-0.0439305562784182,0.0701497140685462,-0.105403207427674,0.0809546966200637,-0.121976932571608,-0.118104258094606,-0.265978620041932,-0.11053849512512,-0.192743080446619,-0.164471228127815,-0.3193493483014,-0.0726865773411765,-0.21631811597043,-0.224364528207655,-0.088173838966626,0.0320216299407458,0.0249823689984974,0.240282672515624,0.128103390115854,0.207989467582522,0.332647656111002,0.176875383951065,0.00651105898725934,-0.128614534080492,0.0802261380830351,0.153599203213648,0.300679150034628,-0.0977892128307838,-0.127841382108139,0.0256471390560723,-0.0308231545878387,-0.0795425273309616,-0.180522795814591,-0.0113137361903458,0.185974958475389,-0.0087001433917951,0.0030968403653586,0.0528476522567228,0.0630043634995489,0.000973189234814909,-0.199167472491371,-0.126466458793237,-0.110402448403848,0.0958569316408105,-0.0337878722546237,-0.0238994946485844,-0.0084672945984761,0.163093330183469,-0.0348382204506468
"Frontal_Sup_Orb_R",-0.230529958312917,-0.160174845101458,-0.000107082648247895,0.327326505039781,0.228329885115941,1,0.0777693654185425,0.427316247746616,0.00266196103028617,0.706274188727163,0.0378789852660965,0.035520247161814,0.161222181911922,0.271967732233834,0.33850459901166,0.403387991070204,-0.196629579545498,-0.252978664892711,-0.305601966787888,-0.39221940114348,0.210579798872893,0.321225947567329,0.107531502213513,0.252440957185212,0.187240850496776,0.424989243316437,0.129395600948097,0.391312778156757,0.0174742776482403,0.0412243974137209,0.142648826875427,0.338629956779794,-0.23360527599973,-0.188103632792094,-0.0198389941258432,0.000444913278066322,-0.0923867467155947,-0.0982081074881415,0.0155295460749206,0.108241480617483,-0.00972324466174893,0.0672894202519631,-0.274615404503866,-0.175797594979698,-0.146163560652122,-0.148521509801327,-0.241380577359696,-0.181926793648749,-0.201140699468319,-0.150795866818303,-0.190698930423637,-0.0432688411177986,-0.0160443561486927,-0.074338794543544,0.0342081119237841,-0.027143754481891,-0.394441687607287,-0.232236428260632,-0.197380451037835,-0.163736111865787,0.071856239480604,0.243090749047178,-0.276647121013402,-0.180531339367374,0.0973958167324108,0.170612342114585,-0.128371404489355,-0.0724340221250215,-0.226945418834852,-0.297285571137953,0.0350234327626794,0.151961898467665,0.0371325222656883,0.0674611546142773,0.0111952630407697,0.0331751169146473,0.00102302422874329,0.100088400543922,-0.174996921984338,-0.225769935240503,-0.248200817114148,-0.235735491594424,0.0768659059022357,0.0353756488614752,-0.0426225279094178,-0.0528336675041517,0.134851171781734,0.0597297204416232,0.162036349891199,-0.018215128542756,-0.22314941214205,-0.215455346292995,0.129568547640593,-0.0998023112426475,-0.113579270312062,-0.144855545796462,-0.0996358253346917,-0.207834797544131,-0.189531173367143,-0.36354636255699,0.0333373721241572,-0.0435825231806695,-0.23913491659029,-0.255412120805273,-0.127783988789517,-0.283444374699365,-0.102312848929939,-0.416068042618307,-0.102674236304131,-0.132661169435045,-0.316576599151814,-0.246621845196653,0.0763520786535041,-0.0903430258682329,-0.104783434185597,-0.134765546119139
"Frontal_Mid_L",0.223466884813248,-0.175518510373574,0.644100312099841,0.261099595707906,0.230732208660284,0.0777693654185425,1,0.259992732025572,0.421506227240039,0.0243155367653778,0.208607761064152,-0.0226454993260464,0.323514112058165,-0.117875228239201,0.193759216963887,-0.0844795379343508,-0.155101848451903,-0.203143362026638,0.106726257124905,-0.0157237385483656,0.0483653247467449,0.19108252067813,0.371039379544107,0.105672740835994,0.199789746755536,0.191005093144396,0.124341604321864,0.265286969493259,-0.0464955494300634,-0.175241242787812,0.312105384458147,0.293786762428417,0.195349272458876,0.133819247056116,0.13514803412419,0.0570636129314209,-0.0357640169167566,-0.15261080540046,-0.136061067331585,-0.262572233097189,-0.103406469366083,-0.226593313371281,-0.153356894853599,-0.276264083010974,-0.183459874053109,-0.349049153371905,-0.285902543635185,-0.318483471816646,-0.234625287141107,-0.413677251232244,-0.11567046868841,-0.263699932466896,-0.220989563304191,-0.253518484601033,-0.266751239429979,-0.413592517539457,-0.117417330073139,-0.181933044731458,-0.0531309876872782,-0.315035066276622,0.351748392821595,0.130462001555368,-0.022805824807564,-0.098933142060037,0.535817247810142,0.181989269204909,0.135944545064655,-0.123544342033812,-0.105310260963482,-0.222074981180378,0.32105361601297,0.215443176458572,0.181474241282534,-0.15321514597915,0.198275534265382,0.0150305418509058,0.149031942337962,0.0814919122626394,-0.010457483348389,-0.130154183921064,-0.149335796869486,-0.0877838136882749,0.00799038913522019,-0.225127843828157,0.0745318696099337,0.012749861303786,-0.185616702213964,-0.189611761819884,0.00406573334202856,-0.112572263791449,-0.12626580038022,0.0253316054436184,-0.017895208418734,0.111584990357506,-0.136005861264013,-0.281539645230002,-0.150186118165787,-0.268191960961368,-0.290486062827764,-0.23098890843467,-0.03609913249097,0.196002247654138,-0.00230998078998713,-0.0445966955637668,-0.10470795534914,-0.0827673269606373,-0.0178814359580107,-0.112071976786567,0.046101283537466,-0.210684321911064,-0.276474286162713,-0.108000413121891,-0.025080839450165,0.0846539259474917,0.0426185292070763,-0.0969471454315965
"Frontal_Mid_R",-0.00541519847742203,-0.0685408235022359,-0.0451858127903659,0.668073897710116,-0.200788842403493,0.427316247746616,0.259992732025572,1,0.0932956381627428,0.529371808540608,-0.00206522744411842,0.42872393906199,0.135699306626819,0.454886496739125,-0.0708345131635311,0.151125509847236,-0.245697812496741,-0.185252423695012,-0.0127969048779572,0.0230294110909908,-0.0736043792049173,0.189262666000981,0.0970444969207757,0.199728088804853,-0.153557112937327,0.109815925233156,-0.183056637194146,0.146246845826404,5.52366021238868e-05,0.0245145371241558,0.131389918149587,0.344706640211041,0.0606217354922221,0.236879988676235,-0.132373022909846,-0.0622088254917681,-0.349407613354019,-0.232229091950786,-0.238972672952589,-0.240594799439378,-0.143809189294165,-0.186870040997317,-0.0877640054215361,-0.0739890055338326,-0.120382719850212,-0.124060513050143,-0.266596775391068,-0.207919338856548,-0.151796481248379,-0.123939023420266,-0.155497647533618,0.0153340184019756,-0.207840071719706,-0.11720346808235,-0.27470213491207,-0.231224502513807,-0.206336175668695,-0.0735141849194924,-0.113457526869644,0.0624385926557138,0.263487380261678,0.527023568985226,-0.0637444650366248,0.248218965363845,0.00787392488572329,0.398779757121843,-0.0850691996480496,0.0895215100966042,-0.222162051313608,-0.166972360830554,0.0462736126863996,0.359752751668925,0.13503494578572,0.0607425241257887,0.0431614969337511,0.0929670305101529,0.0125044381368329,0.238642123877382,-0.223380367929374,-0.13159008772437,-0.173846619556813,-0.069086531830224,-0.121588084963852,-0.158923847612036,-0.228298906802063,0.0849870995087729,-0.224594289332014,-0.241667558949799,-0.25195083671525,0.068898815782727,-0.0586645997148608,-0.323337471779851,0.0935915725377604,-0.33151034803055,-0.206124722961989,-0.214571115054628,-0.260959544786339,-0.340590021490311,-0.174119663328207,-0.250761568601232,0.117669724570989,-0.245196255748311,-0.0814352781117356,-0.332036814279858,-0.191105302320665,-0.322014958646016,-0.149694721779944,-0.142127449190055,0.0219896937710909,-0.182831457508883,-0.27326975677877,-0.264190759947568,0.0443929502252886,-0.0391863065169753,-0.192741894564781,-0.192433045209448
"Frontal_Mid_Orb_L",0.152857514020348,-0.167602543393564,0.116053537961195,-0.0805423608314609,0.413553047332719,0.00266196103028617,0.421506227240039,0.0932956381627428,1,0.0336753807688542,0.0918988970273664,0.0222759723084475,0.217963826045973,-0.0930483525727616,0.0255665445167798,-0.187274000291744,-0.0997561377401058,-0.0747600922837294,0.0161234773791002,-0.00838294259000922,0.251982339208968,0.232006801398495,-0.0490898647352469,-0.286082127364325,0.243439127680158,0.293503435521553,0.324047574089151,0.392005207877796,-0.150283753249246,-0.162811205418157,0.0734618422531569,0.00434128005848763,-0.109110483268656,-0.0506091577168387,0.0345752973590681,-0.0173964751697015,0.0891522410779519,-0.0658541208845816,0.0458372347264332,-0.159084556308367,-0.0839922117975028,-0.219306800754796,0.150029686414288,0.0389637177016198,0.0944116666149911,-0.0137873645422847,0.0766049634565501,0.0278298332721816,0.012999724508403,-0.063236657419513,0.0686515947785208,0.00660896442558391,-0.0526435067472257,0.0540408535911676,0.0775327075053195,-0.100850935996368,-0.0607210141625673,-0.105451950898645,0.0834889208966625,-0.151641033626425,0.152367287392123,0.141467910556795,-0.0768471536675864,-0.101184191591954,0.184077695031257,0.0791475966338097,0.172865730221299,0.0315242292129609,-0.0956930670860374,-0.0959846497637208,0.0897010924793761,-0.0470383359788749,-0.0255555408509137,-0.283171401553523,-0.12876086541327,-0.160422656685117,-0.067820754780278,-0.0813072432493031,-0.00800007844353256,-0.150331468812404,-0.11215905795929,0.0644174409675052,-0.0820018259844121,-0.0893475112663749,-0.00174419893046517,0.0262422892867445,-0.359379010633515,-0.245675668700659,-0.0522087631057416,0.0158154168443534,0.239667843885459,0.0168879135207469,0.0845055003593366,-0.00458758823284499,-0.138926674538077,-0.123502407451091,-0.0190024332338483,-0.0584964619379822,0.155014864622379,0.0214402120703918,-0.00346338948556727,0.0772865196407035,-0.0827754674739833,-0.0313112070851827,0.00566355795148519,0.000397913809493981,0.0968067823959417,-0.117749977937741,-0.0360903534588532,-0.169055142199683,0.0185166285413704,0.134965955772537,0.216963762524459,0.0429108743438099,0.101692383125101,0.0146145101564786
"Frontal_Mid_Orb_R",-0.146571153889067,-0.215721884384982,-0.167291271929422,0.270858533697747,-0.110332254012308,0.706274188727163,0.0243155367653778,0.529371808540608,0.0336753807688542,1,0.178231161260847,0.25524730309599,0.237920363295321,0.38062262812473,0.334645516148838,0.407675433456836,-0.0994386536965985,-0.179202418304682,-0.377443514658553,-0.366446134985216,-0.0319895102889308,0.244321499451874,0.0501498753593653,0.123836566358366,-0.0708685485624454,0.0827885260109588,-0.156880216695352,0.0449484379556274,0.180998266738568,0.149488181373215,0.0752127527489219,0.211997549041515,-0.196754888818712,-0.113695373112556,-0.115075800505138,-0.101974862896404,-0.0297794779210424,-0.0670751899268306,-0.0368777604700523,-0.0175777119575519,0.0226450770838298,0.0321042781799193,-0.225229236708909,-0.172696163330571,-0.131621985719205,-0.185033976168969,-0.192149002778476,-0.205987285813858,-0.202998731704133,-0.155557303874811,-0.18213717466537,-0.0454499325609536,-0.0210018804907838,-0.0579215769270144,-0.040278922234583,-0.130414700521822,-0.302152846427863,-0.148011286330946,-0.106255476863186,0.0374790756629001,0.249023002327922,0.544235581364336,-0.0914922961985388,0.0609706532171924,0.0294180081187511,0.279546263985622,-0.192627192428236,-0.110754773633155,-0.26447858860553,-0.226200384397088,-0.00900156138012046,0.211935419037953,0.211922536575795,0.18678642776637,0.123990328553251,0.139664023923335,0.0937977887670704,0.251937943398465,-0.0364035648145275,-0.0752449788958585,-0.111532450288771,-0.132898853056977,0.118774590128842,0.0107600121646257,-0.0471338998029523,-0.00706743744573793,0.0221468481898166,-0.0867654160732468,0.052695280778952,0.153716461861689,-0.0990703521005508,-0.261010568478039,0.185302288704567,-0.180529889276138,-0.0711149746937333,-0.0769863867902154,-0.0618858216136569,-0.17398694885813,-0.113828205283505,-0.293083637325246,0.0260831270882598,-0.110015257913202,-0.233236192264272,-0.270398262201861,-0.0531053277566142,-0.260408197646528,0.032949777218419,-0.218311851376768,0.011173820145049,0.00686579684660367,-0.331422902840864,-0.228111335042712,0.0142355062554429,-0.112802857541317,-0.0616259403859298,-0.201090399138486
"Frontal_Inf_Oper_L",0.459407934918286,0.108184338205189,-0.0837277105065656,-0.3299057650291,-0.24333045558845,0.0378789852660965,0.208607761064152,-0.00206522744411842,0.0918988970273664,0.178231161260847,1,0.476743125245467,0.817153925008824,0.370080530963637,0.506313345180921,0.302513326854791,0.500731137877371,0.327713017087907,0.0689195786700521,-0.0794320895053561,-0.113065148882625,-0.00745486868854493,-0.0505734625498818,-0.210317344230264,-0.3088130262027,-0.253645767308806,-0.245545140694627,-0.0830960515270241,0.419047280595701,0.425455451947617,0.0222215050212502,-0.116046756679762,-0.16923070008388,-0.17770296155314,-0.29731005915745,-0.358872953366969,0.234331247489851,0.156622537822868,-0.071471716028596,-0.0233937988118447,0.14510156560838,0.192953331476174,-0.181738080359768,-0.191022623880476,-0.293507221237971,-0.400867873479227,-0.164941833659915,-0.22641162253631,-0.310493781616407,-0.346989411821441,-0.223389024446731,-0.226548419165277,-0.0788661164852044,-0.165665789987243,-0.0192027273106407,-0.0937196148522908,0.0990853783672833,0.0910174543581306,0.0138358337395083,-0.151770503900575,0.507165583601858,0.229740051560073,0.432288608191514,0.255064356121382,0.06780687413527,-0.137662026491842,-0.30284668155889,-0.395476857566963,-0.314610290791361,-0.293695001544798,0.0962203572077757,0.122387510839565,0.276262936859959,0.338377819758825,0.252290466198051,0.348845244642124,0.298175939127348,0.285600955027547,0.3530028112238,0.235526709918272,0.261092936854606,0.229804609033015,0.306086907739586,0.209774818201849,0.247519181417992,0.00091714829461444,0.0462389198580528,-0.0917072224132986,0.346597760401424,0.122449202296676,0.00803143041343034,-0.0374244203923543,-0.10464711423644,0.0192182511089695,-0.0895695181763374,-0.171293672881212,-0.0627034854027308,-0.161054161567363,0.0365681203179957,-0.0526996957745145,-0.0244730505293063,0.221317872464905,0.00699658015401701,0.169476788412905,-0.255250608272349,-0.0884277150003733,-0.0273043885635553,-0.156674206590907,-0.126110113658648,-0.02449179408344,-0.31026209583863,-0.106775296376349,-0.0524742970499662,-0.0291371996485984,-0.129588533564477,-0.105345479852001
"Frontal_Inf_Oper_R",0.377126066973978,0.246039489849025,-0.316003922354073,-0.0570184158208667,-0.379745184043778,0.035520247161814,-0.0226454993260464,0.42872393906199,0.0222759723084475,0.25524730309599,0.476743125245467,1,0.424964728947663,0.595994407425672,0.143635662356331,0.302424655562367,0.331041792801087,0.433982726459661,0.146813105603203,0.17154994112121,-0.169640165630929,0.134635587188443,-0.225437940666736,-0.192894647475389,-0.408778352451926,-0.305258085221943,-0.321181296712207,-0.0515906100203362,0.421399152130654,0.603655872603808,0.00647647754307316,-0.0680468717397352,-0.0446798862145222,0.0865553672820278,-0.494660191563298,-0.501808471125359,-0.0544424034453483,0.000383812519420379,-0.084843833470673,0.0420768273634482,0.216041889786749,0.250854663899468,-0.136524458750075,-0.13333817183095,-0.33501210864501,-0.312684162130567,-0.144725837831063,-0.155522023721486,-0.28491510674104,-0.105646224189963,-0.15297258191019,0.0425199742561071,0.0240208036395737,0.0407328373681176,0.00334034895663775,0.00456636158121896,0.114425381575013,0.317427958583354,0.0386650753841679,0.141522144127192,0.457558600389691,0.471839312247074,0.466693563212164,0.629491360486446,-0.297667503655332,-0.0747638183502473,-0.332901886822678,-0.205294896800663,-0.204164541138383,-0.154694049806364,0.00336515773645229,0.357132248643751,0.317155092829553,0.480462959650517,0.159688062075429,0.36986926274489,0.122179724905352,0.338924821973883,0.156584706712554,0.246176555218989,0.325269930794373,0.332447009921173,0.207273417470833,0.32828612662812,-0.0343694916319575,0.0508683777831756,-0.149178182224659,-0.212792515071467,0.0812679954860431,0.205833596368165,0.111788853411014,-0.269605334783643,-0.0641996149720288,-0.364535455482329,-0.199370390789445,-0.115629687455534,-0.210122318983117,-0.157798004238604,0.113789242262484,-0.0252536810267946,0.15494018555667,-0.191280193684875,0.0834562800696442,-0.0716934299010421,-0.300181842484205,-0.286474475983828,-0.213306489891127,-0.0506377928896379,-0.0755008364000847,-0.103971733640866,-0.364219563169703,-0.162918562968496,-0.0180487416913322,-0.0981200423615195,-0.32764524668696,-0.301244393452169
"Frontal_Inf_Tri_L",0.351475579785136,-0.00663645596001072,0.0693501149436952,-0.166440700820261,0.00456655083870674,0.161222181911922,0.323514112058165,0.135699306626819,0.217963826045973,0.237920363295321,0.817153925008824,0.424964728947663,1,0.383729814036741,0.598633893827268,0.298032723348398,0.294643732021326,0.158119020895522,0.0116441902252572,-0.139352167470415,-0.00499323792595881,0.147841542147241,0.0123284037788231,-0.0841533238959804,-0.125336490709115,-0.0685908564925785,-0.0543513573746076,0.134001428613456,0.329940201892831,0.357126191709173,0.0956487713577208,0.00779716155701466,-0.239274554711076,-0.216750898787601,-0.256825186415978,-0.35143095989476,0.19088100296654,0.0460463153385474,0.0205497128547675,0.0279033843243805,0.147619460946711,0.176482246793785,-0.170529499449046,-0.191339097371431,-0.285840846928272,-0.388466154140901,-0.187722621791177,-0.237206711209452,-0.269146699208976,-0.347891558614178,-0.180904682066121,-0.228890551085942,-0.121952765909154,-0.276007709771984,0.0548696967454854,-0.10354026071056,-0.0694719357988471,0.0525747889185931,0.0544420812571139,-0.22280661426172,0.565732509788232,0.177753340040906,0.280960996840457,0.183606618112794,0.174656318739333,-0.0959847739265911,-0.231515609996748,-0.391692148507478,-0.299439345585266,-0.305604657387939,0.113728554127254,0.154002212563882,0.253537633687892,0.241486793301211,0.26853065742713,0.247388972097232,0.222593762811251,0.180171775390107,0.258042349171139,0.136057582013118,0.174140666837109,0.116142908688398,0.317269486743543,0.215079375694669,0.274211769215901,-0.0461903817565593,0.129163284447152,-0.0750458621244677,0.411855601444626,0.0390989814669533,-0.0974147511523046,-0.124963307776006,-0.0379296035592823,0.0650910233113511,-0.0865633912245069,-0.192316684226352,-0.0363559237430128,-0.174663884859312,-0.041958123793814,-0.219455776994129,0.0673591276200391,0.259979315425982,0.0273928225854636,0.0870001973411033,-0.331942059847161,-0.153713341561528,-0.116623444205288,-0.162706421914197,-0.13495618568757,-0.124359857877783,-0.292908981112106,-0.238842608070017,-0.0387811726911659,-0.0712562458158831,-0.183104852744105,-0.232727081081252
"Frontal_Inf_Tri_R",0.048107905021676,-0.0353399765785294,-0.242920659732813,0.139180592363538,-0.218251065916954,0.271967732233834,-0.117875228239201,0.454886496739125,-0.0930483525727616,0.38062262812473,0.370080530963637,0.595994407425672,0.383729814036741,1,0.306093342033558,0.643244435122229,0.0265420162245653,0.0185430739885951,-0.0332122338275202,0.00723088907018794,-0.0362060488610159,0.094862310606957,-0.00190995803959582,0.215405480724606,-0.205673550475263,-0.0382884671737392,-0.127610064548095,0.0473491821707863,0.193731833955344,0.337350146464087,0.0514420369670947,0.0895231577007562,-0.16705016013571,-0.0664939452696033,-0.43016115839191,-0.324594863420218,-0.107495493098793,0.12664418200277,-0.0548909567005424,0.106854301465322,0.0162577162443639,0.203683943024484,-0.111401117814322,-0.0806185626059536,-0.246010049862849,-0.223605007246387,-0.160651792049588,-0.0781525455454299,-0.157960268273069,-0.154915627692814,-0.218853238459409,-0.00570674256341355,0.0592534234508638,-0.0514418239366982,0.0440493784296025,0.0413183615738923,-0.143648526644588,-0.00453050085040659,-0.143411157093842,0.00838210930258047,0.185167405907055,0.377764930539406,0.13515208537502,0.351886396080176,-0.248953993370421,0.0948912094544655,-0.336103951618115,-0.156010201000263,-0.212525280286688,-0.168373554427787,-0.102854644894474,0.267124729562185,0.107521137133361,0.33285275381859,0.122264536104897,0.314556820464919,0.0253833865633415,0.353674060200775,-0.00471276896324595,-0.0446095370788223,0.039201544045804,0.17898285328642,0.247056309432316,0.270084076905813,-0.0372378200770799,0.296694634514972,-0.0288248088894861,0.0941112015017096,-0.0323886577911581,0.188769793665648,-0.016551487532688,-0.280794942666738,0.114022887048924,-0.207388547234141,-0.166118793277239,-0.169884783084517,-0.10995883029904,-0.109510108215342,0.068958114123451,-0.114830864630879,0.117233318395658,-0.174314141030927,0.0226146915279384,-0.0720146342174851,-0.181964549135525,-0.205675173469498,-0.0578284991922252,-0.0723442300739492,-0.0589348439420065,-0.102470097441733,-0.2108009483094,-0.182790999488017,-0.0641639714908419,-0.11539546803517,-0.194287507247118,-0.217660164333946
"Frontal_Inf_Orb_L",0.0727169485724417,-0.107355382313399,0.168156195888189,-0.136464884190631,0.133925530623096,0.33850459901166,0.193759216963887,-0.0708345131635311,0.0255665445167798,0.334645516148838,0.506313345180921,0.143635662356331,0.598633893827268,0.306093342033558,1,0.579391716636602,0.303210475632057,0.0890132750230845,-0.0700979136669065,-0.211587979930785,-0.0560255826286185,0.106671035432479,0.143673164059044,0.114710775687895,0.0639645647856529,0.0880779038679386,-0.0497390672295814,0.0839602857226506,0.407925931790526,0.39219815288554,0.25904260155239,0.192076867567788,-0.177407720660505,-0.246211486148214,-0.183237412674069,-0.300058505906202,0.218258644741131,0.0670139233959703,0.0312570369818627,0.169864861346535,0.17434826188366,0.300788816196636,-0.299787476101166,-0.247078233079231,-0.238113921690094,-0.384302292194458,-0.173458413485387,-0.182289880407438,-0.264067287382096,-0.384996624269876,-0.213690592098053,-0.267594746594839,0.00144746407808839,-0.172739137395275,0.0765194116530789,-0.0919746743467372,-0.145958186594253,-0.0629406263108288,-0.239069183407969,-0.432265352352005,0.215043319782864,0.0367843430805812,0.202849581233148,0.0334978171295693,0.0807993186338512,-0.146682234323498,-0.376326047858062,-0.515492657985405,-0.225737281483303,-0.389189317157791,0.0909712512043722,0.0791104400011293,0.285109798758823,0.296827018923271,0.234103845956682,0.302553258807189,0.191504179730876,0.0749447656412956,0.268181322851066,0.0116994211554993,0.176093548815426,0.0772808876453077,0.647357441075701,0.390595075530681,0.332160892857176,0.0331143271888901,0.332248034329952,0.113505025793633,0.287137909915512,-0.108921897377185,-0.257783864079477,-0.139129556306316,-0.0962657564482141,0.114233750764686,-0.0444236207750576,-0.186895052569069,-0.00251719468182315,-0.109074614033293,-0.070866713640558,-0.231778033123602,-0.0682339789039197,0.198742565041129,-0.0506630361391474,0.0499592068965048,-0.203663658053085,-0.0927168632067271,-0.00936406914855563,-0.240639961586792,0.00485431160350788,-0.0829800775236108,-0.293154962907766,-0.217553723951718,-0.0515092807463196,-0.115729849295675,-0.0425584148262538,-0.222584572290732
"Frontal_Inf_Orb_R",-0.14239793342376,-0.083350330042961,0.0482380015980664,0.11463547970145,0.0591143473627378,0.403387991070204,-0.0844795379343508,0.151125509847236,-0.187274000291744,0.407675433456836,0.302513326854791,0.302424655562367,0.298032723348398,0.643244435122229,0.579391716636602,1,0.0713734895050766,0.00599351110922469,-0.144916019073143,-0.117024450633771,0.0268847104812358,0.114802258864603,0.265591417034032,0.448043231715939,0.0789479790799381,0.159800884941556,0.0740476994783518,0.113733126512403,0.282664109390734,0.441163652406328,0.285236981445915,0.302147503503837,-0.0997509999382956,-0.0759480479252178,-0.243529070220796,-0.240322939238617,0.0235597394301232,0.155437850802938,0.12785428808587,0.314672009540023,0.157408433928867,0.362824440200203,-0.300787035288838,-0.235409867740202,-0.340550480650658,-0.362721284142277,-0.228229622293971,-0.167500003728226,-0.335611978289141,-0.340184537507784,-0.294360201641979,-0.174424358210254,0.0867761912881195,0.00812421514977297,0.114949992135955,0.0244321289055092,-0.198559919721418,0.00264868362460589,-0.226938505242921,-0.152553652550957,0.0627903235411869,0.168723765167147,0.102610292659289,0.168795508873375,-0.0975301010311683,0.00585967062375701,-0.313075713134158,-0.280360827509908,-0.233765553846216,-0.352522300913294,-0.10889665015532,0.170610831456543,0.115297041774867,0.257398449142735,0.153364727870428,0.302200095460489,0.0797153552896299,0.229425022526793,0.0622268642789774,-0.00726688858739948,-0.000462116495992136,0.143103312766688,0.555762288955012,0.419722534183697,0.154033895112063,0.355427400716826,0.245968459174502,0.314268440188298,0.0882049047133898,0.126640456712951,-0.196020963221671,-0.282460857752376,0.0660616738244198,-0.0426850800769071,-0.0850627259530472,-0.142501624090248,-0.0655216569780312,-0.192738622559871,-0.116009398164068,-0.315889641756853,-0.0732584885674356,-0.0116716345551165,-0.120143192771297,-0.0551883934625819,-0.276168996793432,-0.188846563863259,-0.118812684038976,-0.225674256092757,-0.0518859284835761,-0.101969977369439,-0.32450490388952,-0.351129349105073,-0.253652841030068,-0.177697086522924,-0.129306509765492,-0.336143026569516
"Rolandic_Oper_L",0.488238840455643,0.421358376482762,-0.143946601370564,-0.396816656024196,-0.241543707016618,-0.196629579545498,-0.155101848451903,-0.245697812496741,-0.0997561377401058,-0.0994386536965985,0.500731137877371,0.331041792801087,0.294643732021326,0.0265420162245653,0.303210475632057,0.0713734895050766,1,0.700736093032448,0.337410674282299,0.324040235652357,-0.246689009000198,-0.197032167141764,-0.25961517806398,-0.302562423688098,-0.291240044403961,-0.343404640072003,-0.330607421782791,-0.31783784225154,0.622595953440618,0.617258589253188,-0.0197288759995179,-0.228542249296475,0.107707003425543,0.00835802405380969,-0.250395360752787,-0.38125911533829,0.113398471406774,0.00568234384127851,-0.0824259284311876,0.0946060195020302,0.235362413827115,0.305547242716734,-0.154013381086554,-0.0983936255260463,-0.264286937712278,-0.201928356551432,0.0478809965669374,-0.03025678933589,-0.26685155169084,-0.16390425629671,-0.196036717318074,-0.240262949722393,0.00281170418279083,-0.124398182159211,0.0620586348016885,0.0238933762741333,0.549597006575779,0.347915791640167,-0.0998514515720938,-0.215203732504437,0.189143594750119,0.0200601154986315,0.572593508910929,0.296151275028184,-0.218780572675632,-0.30086880809901,-0.380492852449179,-0.415192992564703,0.0738136468038352,-0.00932427970657243,-0.135749990523583,-0.119025576899031,0.266213945239127,0.473307510667691,0.154845256040015,0.282645094064777,0.173696805835838,-0.00510531661908052,0.645107765941242,0.515517100710321,0.66718510073515,0.429524290604143,0.34330129201929,0.418413547054384,0.246877117328674,-0.040984173369655,0.181936343317159,-0.0529166393151255,0.191995339781391,-0.0624702065941362,-0.0582393542943731,-0.127567907011772,-0.368195988151166,-0.192752605399928,-0.0231255444490199,-0.0431001976308223,-0.0853921813029958,0.071860270568086,0.137087281470159,0.121948970741869,-0.199956237067683,-0.138443860906843,-0.0787517646167605,0.0728906451196694,-0.304703837585648,-0.102029976223031,-0.221984045668577,-0.203089764524121,-0.0706457153886662,0.0042441384766948,-0.14390885317752,0.0103481430055769,-0.126914216083217,-0.0439643859721719,-0.118753774511424,-0.100457131951732
