"","Precentral_L","Precentral_R","Frontal_Sup_L","Frontal_Sup_R","Frontal_Sup_Orb_L","Frontal_Sup_Orb_R","Frontal_Mid_L","Frontal_Mid_R","Frontal_Mid_Orb_L","Frontal_Mid_Orb_R","Frontal_Inf_Oper_L","Frontal_Inf_Oper_R","Frontal_Inf_Tri_L","Frontal_Inf_Tri_R","Frontal_Inf_Orb_L","Frontal_Inf_Orb_R","Rolandic_Oper_L","Rolandic_Oper_R","Supp_Motor_Area_L","Supp_Motor_Area_R","Olfactory_L","Olfactory_R","Frontal_Sup_Medial_L","Frontal_Sup_Medial_R","Frontal_Med_Orb_L","Frontal_Med_Orb_R","Rectus_L","Rectus_R","Insula_L","Insula_R","Cingulum_Ant_L","Cingulum_Ant_R","Cingulum_Mid_L","Cingulum_Mid_R","Cingulum_Post_L","Cingulum_Post_R","Hippocampus_L","Hippocampus_R","ParaHippocampal_L","ParaHippocampal_R","Amygdala_L","Amygdala_R","Calcarine_L","Calcarine_R","Cuneus_L","Cuneus_R","Lingual_L","Lingual_R","Occipital_Sup_L","Occipital_Sup_R","Occipital_Mid_L","Occipital_Mid_R","Occipital_Inf_L","Occipital_Inf_R","Fusiform_L","Fusiform_R","Postcentral_L","Postcentral_R","Parietal_Sup_L","Parietal_Sup_R","Parietal_Inf_L","Parietal_Inf_R","SupraMarginal_L","SupraMarginal_R","Angular_L","Angular_R","Precuneus_L","Precuneus_R","Paracentral_Lobule_L","Paracentral_Lobule_R","Caudate_L","Caudate_R","Putamen_L","Putamen_R","Pallidum_L","Pallidum_R","Thalamus_L","Thalamus_R","Heschl_L","Heschl_R","Temporal_Sup_L","Temporal_Sup_R","Temporal_Pole_Sup_L","Temporal_Pole_Sup_R","Temporal_Mid_L","Temporal_Mid_R","Temporal_Pole_Mid_L","Temporal_Pole_Mid_R","Temporal_Inf_L","Temporal_Inf_R","Cerebelum_Crus1_L","Cerebelum_Crus1_R","Cerebelum_Crus2_L","Cerebelum_Crus2_R","Cerebelum_3_L","Cerebelum_3_R","Cerebelum_4_5_L","Cerebelum_4_5_R","Cerebelum_6_L","Cerebelum_6_R","Cerebelum_7b_L","Cerebelum_7b_R","Cerebelum_8_L","Cerebelum_8_R","Cerebelum_9_L","Cerebelum_9_R","Cerebelum_10_L","Cerebelum_10_R","Vermis_1_2","Vermis_3","Vermis_4_5","Vermis_6","Vermis_7","Vermis_8","Vermis_9","Vermis_10"
"Precentral_L",1,0.460158101960918,0.0755296897736877,-0.115128442463822,-0.0380615718172481,0.0165035463970455,0.0929494617415415,-0.0304876095141987,0.143431378920112,-0.028179072476276,0.348639931790038,0.28330892045857,0.164168450899455,0.0966119520751733,-0.0373816012828435,-0.181240316192088,0.298722537406808,0.221945515701948,0.548158044092641,0.407596278786921,-0.18352676484309,-0.246477331225162,-0.299432872744822,-0.319170800854986,-0.321847056017674,-0.267847697311409,-0.0727057323628466,0.0195782652911121,0.0538072325762176,0.120003971536691,-0.254977020088707,-0.234198390537584,0.0359116449846745,-0.00552935295817143,-0.221234529245,-0.244831497847464,-0.0696125268167853,-0.201681873869907,-0.0321288125872937,-0.148202831661811,-0.00118613605019678,-0.0789575839242456,0.0760341447294724,0.0325712447242741,-0.0996341615981029,-0.169716947437275,0.138935435267876,0.0376184406742571,-0.0124160865821336,-0.00809564359176198,0.0552981257208124,-0.0626904898779866,0.159263897446001,-0.000217498224985678,0.00409636426945832,-0.0390570258212925,0.59928836462856,0.308097937480602,0.191237673827281,0.136272268440937,0.326604384248449,-0.0215790088725892,0.202870244706426,-0.0117204064949849,-0.156189860987546,-0.227260552317268,-0.182831030307947,-0.209146567193271,0.372151522469085,0.298800527261034,-0.166683271509403,-0.328011951245143,-0.050510784912469,0.00232601240333722,-0.0817551076731903,-0.0498822979752808,-0.122663670338048,-0.125171347825285,0.183077874305111,0.13839656337183,0.175597872504044,0.0100521448002126,-0.142991809341594,-0.144162634019957,-0.131202767125029,-0.288260134325763,-0.275824439961795,-0.29854632881416,0.0894769245199487,0.0442675070387138,0.0311568095946915,0.125770526355664,-0.0937945269196159,0.103794188996315,0.0139368086872661,-0.0608503862515234,0.240206306556977,0.179504520773552,0.212253964546471,0.288704531936857,0.0246684004738941,0.216782532134887,0.0761569706848761,0.272144526250624,-0.0707600212647978,-0.0212189249166151,0.0382385994884458,0.0305143221150509,-0.00640879253901401,-0.0246728854425476,0.0759147675451153,0.12764530693123,0.202709533201015,0.207998160716985,-0.0575437030868787,-0.0168173814682809
"Precentral_R",0.460158101960918,1,-0.0443881376127431,-0.219094098236632,0.0120992019418384,-0.132909516805968,-0.278254957267467,-0.212651292780316,-0.0387866826853188,-0.07104627836918,-0.0453923109893911,0.167825447922016,-0.240966181004051,-0.179260560043621,-0.121964633847574,-0.2060925213925,0.379159215401564,0.548692576268051,0.300094966503211,0.329065579062395,-0.080454123599915,-0.180601479812498,-0.244756388986669,-0.358385730806884,-0.141227415552075,-0.283328047510357,-0.0376950075689728,-0.0682950422225597,0.0329115191674677,0.118429639011021,-0.264019288250643,-0.404220752241567,-0.203285321901167,-0.162402534471161,-0.160940469133859,-0.147482036796509,0.0479663699312145,-0.198644123856373,0.0316012309175067,-0.0619024542414352,0.083901716261212,0.10970218460495,-0.0206837353981765,-0.0441002051832797,-0.151412267876385,-0.24551272461009,0.0695425362113525,0.0117997188102132,-0.0344261173459986,0.0298480422484856,0.0125169126848026,0.00822650927549444,0.127290280850134,-0.00606771025839214,-0.0176467141945476,0.0198390273241757,0.691941736511471,0.625347563631585,-0.0898751400315891,0.0343835046379244,-0.0812826799671548,-0.121034353104713,0.178718348075621,-0.0315177880285734,-0.155593992699642,-0.286011532384434,-0.321655025916844,-0.328645931778255,0.333440118224659,0.293672175601625,-0.124203934971803,-0.242578937235259,-0.0341700283917369,0.156078203772306,-0.0685890187764727,0.106333390399008,0.0122427378024108,0.113840187268102,0.276182390835391,0.373781290517772,0.436507918654326,0.251451525903456,-0.0570211448576972,-0.0962453528691658,0.0719579449276475,-0.260210887330878,-0.069509750880786,-0.153389952945184,-0.128116721286415,-0.0870224962264637,-0.0554499712910945,-0.138741537739411,-0.257813844936258,-0.172129954358824,0.214438248432411,0.101138909464468,0.395046120990374,0.213570989717314,0.342080677797512,0.0957203856376405,-0.0314082157173033,-0.0479149204003549,0.121996319056009,0.105439876693858,-0.106166056581183,-0.0136292704417123,0.0705779834906077,0.0382979217193257,0.263419055326365,0.18575162183992,0.0612681880549069,0.217834900669812,-0.0436828985368006,0.174178065814532,0.0351533896320325,0.0339104351030645
"Frontal_Sup_L",0.0755296897736877,-0.0443881376127431,1,0.182564550408849,0.50027134570261,-0.0686483433984058,0.557918406327567,-0.20610440104328,0.449751124640067,0.0892389863271387,0.133215823052514,-0.295972936819004,0.381286397960427,-0.101805060726381,0.350417912447148,0.139681944895599,-0.025917382137224,-0.0515651195795856,0.0889028202010375,0.0311398664412386,-0.0386588179658946,-0.13171902183248,0.644896181976078,0.527289792140846,0.42034543617998,0.113474340498653,0.227143371881574,-0.0769069584759667,0.0171907412220443,-0.179595145360946,0.204523830434584,0.230601418806063,0.0175719046125867,-0.175234945054971,0.181467691681843,-0.0764808949436778,0.224873904513006,-0.160365111963147,0.0960850254150701,0.0882666049839799,0.171284144924967,0.134105112161883,0.0127045696383887,-0.123054007994322,-0.15309810159313,-0.278269692413025,-0.199468526887343,-0.291831275259152,-0.175505249113128,-0.257904892473111,-0.107096830059201,-0.179199844492042,-0.194137823477223,-0.0597157648700898,-0.110139946236891,-0.141522156785359,0.0621755246593034,-0.139661267953901,-0.128588875105491,-0.412345920635266,0.0797243875480766,-0.316069924616954,-0.0841440492337044,-0.289983503033227,0.430466632387121,0.0112861191333569,-0.000270982866596644,-0.32292131628974,-0.0683609132201396,-0.125209197709252,0.194497332094006,-0.080689145481275,0.152229296685154,-0.0308695282165295,0.189278867754974,-0.00447525333716706,0.0568585558918203,-0.146581229403848,0.208396705784996,0.151217503788169,0.0456172944813709,0.10071848712476,0.24342893293039,0.120346645047708,0.329845266877025,0.229450996207868,0.348692263528413,0.332874979566862,0.303004673541745,0.122602410358116,-0.176199841541007,0.196519161754762,-0.0994009804165184,0.356993576041153,-0.278965727739229,-0.295946232452632,-0.161396296650503,-0.16763123257048,-0.265118551843372,-0.0454444647632405,-0.271861475414837,0.215277692395825,-0.202400444190904,-0.0591677602135263,-0.364419350217903,-0.0107089870425815,-0.231526961593829,-0.0771186127797295,-0.155699181269595,-0.217243987389473,-0.212460007686355,-0.279524290512665,-0.123920078189163,-0.267136199006041,-0.164846494473138,-0.230339472520391
"Frontal_Sup_R",-0.115128442463822,-0.219094098236632,0.182564550408849,1,0.0526151954791575,0.450126587102081,0.314146425363225,0.572867664447636,0.265640458482209,0.438526289733317,-0.0661929445847365,0.0989045150560247,0.0941602464756777,0.167724261229529,0.105211284366066,0.265777082160506,-0.21700459596271,-0.203360734598096,-0.186205482874106,0.065251632166818,0.0270933813134676,0.263095196134486,0.237143791360892,0.451031559054576,0.150880955597366,0.384203476842627,0.050888988780099,0.210481024685812,0.0527760337425556,0.00680638009751563,0.280271222640741,0.466355851702696,0.0376992734937154,0.220084485762871,-0.023030945837662,-0.0137949691774881,-0.236229480621396,-0.0547451681876556,-0.137706152360266,-0.0211828612797051,-0.0163833005477335,0.0629537833431798,-0.241472647124183,-0.272468874345738,-0.24575367070872,-0.177575083275739,-0.218249518290522,-0.308942087413164,-0.269252972484044,-0.266280605987286,-0.197700465158913,-0.158319369799008,-0.198758520274477,-0.171888409386528,-0.163544142671473,-0.196845906553991,-0.200845023913502,-0.0970595669707118,-0.0342444112484158,0.084736021358052,0.125389596381281,0.33651178753239,-0.111459027677939,0.073693411590197,0.0922373216697169,0.303155516246676,0.00811483239547174,0.0831418126819264,-0.0272179711116564,0.0116308575761382,0.155212090919429,0.333242325734138,0.0795223925855729,0.0444306624084371,0.209546327961222,0.141721773672267,-0.0653466394021448,0.0466279054952614,-0.11247352120231,-0.0213835814234042,-0.269875431938133,-0.146845717307136,-0.00507766326812011,0.0102010855321713,-0.119334304011738,0.17044955950483,0.0939325450930763,0.143157985428253,-0.22031282579723,0.132766225141837,-0.083555755243775,-0.0633101779847169,0.0948756344877553,-0.0117653940171428,-0.286888677923145,-0.31011982121674,-0.406360544758519,-0.30240953580585,-0.294182317391783,-0.301367986661465,-0.00439139955609564,-0.079381272631493,-0.0917113811234399,-0.253139747288066,-0.0970501160181225,-0.180987435610878,0.00120041605080804,-0.243104524615388,-0.0703734295673502,-0.171190371505779,-0.232591324694331,-0.281530952380326,-0.165446405307488,-0.222393055331251,-0.161573276083664,-0.139372953925152
"Frontal_Sup_Orb_L",-0.0380615718172481,0.0120992019418384,0.50027134570261,0.0526151954791575,1,0.053392137895889,0.208177540595023,-0.269263155453423,0.511597912061318,0.0539692987031012,-0.277471294786109,-0.482296563986798,-0.0123723845456319,-0.223580060489985,0.133992545057818,-0.0825561355602434,-0.284234052280177,-0.322845394387408,-0.125749436352291,0.0247123070244732,0.340927359969878,0.189899870058011,0.413028946058514,0.407168888702355,0.758477545614787,0.402028191860297,0.789417883667083,0.345696054692128,-0.367128996375403,-0.43321653398243,0.052454133316434,0.0340164852013553,0.0300347117955384,-0.143731301670321,0.459068368208445,0.354768055113727,0.077675894021004,-0.0671690068543285,0.0632807069333534,0.108343602196419,-0.0728738801651328,-0.0628587830662283,0.266694742961831,0.0901512535521619,0.263485510827733,0.0635336427954929,0.070266030093901,0.0259279115110936,0.117448725912899,-0.0716512719310757,0.0928983010190557,-0.0367429721790211,-0.0233922146746803,-0.0231743731468961,0.0523868985674766,0.0144864753647585,-0.0418706424410034,-0.194710031589921,-0.109815507117924,-0.245989389988331,-0.17325420698752,-0.385827203856451,-0.305894703775303,-0.491863580183665,0.447735879972071,0.150875151753413,0.28630779760317,0.0175278907169438,0.156564217186403,0.0902586111997824,0.151128911451426,-0.1957899061866,-0.144880132445273,-0.242204714720949,-0.185703686312004,-0.28361755993745,-0.0327367529761781,-0.262899119116958,-0.019194535806217,0.00872897641322906,-0.138140684743958,-0.104832772580389,-0.0274494889021761,-0.155895863141902,0.295233932956478,0.210280376881728,0.257621224392893,0.279522455973447,0.205344480017239,-0.0327457749983027,-0.0487093330114052,0.0422523918857888,0.0713633810092931,0.273925905496596,-0.168847321293918,-0.19236219839256,-0.0220663471457253,-0.0712988190399694,-0.154076630107627,-0.119843045805216,-0.201312109875167,0.0822321139759369,-0.199015342156271,-0.185309820372945,-0.180106461635045,-0.00482575065395307,-0.131528429509075,-0.0658361859866276,-0.177872206092135,-0.257255407875229,0.197253907436006,-0.0602504639520386,-0.188887916541141,-0.209221192355135,-0.137414434398972,-0.123764514614016
"Frontal_Sup_Orb_R",0.0165035463970455,-0.132909516805968,-0.0686483433984058,0.450126587102081,0.053392137895889,1,0.197199495503518,0.488158408686433,0.399705289188434,0.746159479148933,0.0246077948764954,0.164177843900755,0.147199545152784,0.22843123544741,0.197259410327937,0.240928278953529,-0.0917471670732631,-0.294233548783063,-0.11347439398744,-0.03370522970802,0.0933421035736986,0.322396420956968,-0.082999543057738,0.0950423563067388,0.0164841742766572,0.535575716734423,0.0663172744092725,0.540085295650843,0.096183200574809,0.112462198457555,0.164604063639051,0.323743906578566,-0.12013252349191,0.127106375295591,-0.13338637001381,-0.0866659537334832,-0.272420004296593,-0.0127379238730939,-0.0342724913399173,0.0038577486363609,-0.155080316720676,-0.0532720187749198,-0.121681954041936,-0.124027220240204,-0.0155595126885614,-0.0100471384357435,-0.0725716576165564,-0.196890440312816,0.018571567814914,-0.049984347532182,0.0342833443733937,-0.0454757680975982,-0.0353570178419155,-0.0237501379183173,0.00889079190710528,-0.130485617056001,-0.207468550204818,-0.188446263655067,0.00704334836120792,0.0427863320002288,0.188470734257653,0.339313234393382,-0.0718939992155907,0.0120130061480335,-0.151726981631874,0.135833030227109,-0.0902444646003195,0.00856379067912897,0.00436288814722086,-0.0190145236645188,0.0109537301870913,0.132094554304684,-0.0830489260690195,-0.0903839291270401,-0.0989851333692841,-0.106485728210621,-0.292883209251813,-0.185749014953396,-0.211965233853204,-0.169928921576096,-0.176342468694311,-0.202108463940421,0.0448875146683253,-0.0269595599639049,-0.189115404813873,-0.0715242209069501,-0.0459650927881768,-0.0841907150184995,-0.00324475756484932,0.0864043994237289,-0.0428162928363481,-0.0793920108006569,0.0196645884459466,-0.115091018121527,-0.183790453362493,-0.279635783248256,-0.317090174361919,-0.152537967810858,-0.070652627798549,-0.12301277652161,-0.0411434014035679,-0.0576025485551998,-0.0937612089610357,-0.0800515279432995,-0.00849609619971835,-0.153279836994548,0.00505629316085773,-0.159143360477615,-0.0699508666627045,-0.201393377882642,-0.207139198958816,-0.232484401209421,-0.0854834826964001,-0.156846977008559,-0.0255548861169924,-0.0399823388003879
"Frontal_Mid_L",0.0929494617415415,-0.278254957267467,0.557918406327567,0.314146425363225,0.208177540595023,0.197199495503518,1,0.291464207050672,0.542998146708101,0.258653838618532,0.251003725641952,0.000373183172756599,0.521103665183327,0.0552194352155378,0.283779855376922,0.175289155573499,-0.138161330659375,-0.208236893937652,-0.0154654401746387,-0.017748551580196,-0.0604587408053429,0.0498633198460127,0.324597475637014,0.246494919466528,0.0700275300127421,0.126772202885096,-0.0579480058016031,0.0488947333646032,0.130808496535236,-0.0240855848204628,0.219892102698173,0.342694007456624,0.0366795735875933,-0.0279602834554247,0.0132403416177398,-0.171408992690755,-0.137667594409992,-0.178489695999646,-0.0850411369580881,-0.111557650494824,-0.0224634697753616,0.0669194856341765,-0.113530233522017,-0.228687642934431,-0.131408345812355,-0.20010433562619,-0.23871939678367,-0.384764729125008,-0.123679931216348,-0.265578625519205,-0.127733230986352,-0.2551119945107,-0.205818886833603,-0.256373142683321,-0.250427509181706,-0.321228722061208,-0.171862564256547,-0.243112010958415,0.0875781863935845,-0.194204445540297,0.363505002995988,0.031219893621337,-0.0179213057211574,0.0273589317383694,0.249058082050689,0.00786598268117529,0.05699845907795,-0.133975042895799,-0.171299589110155,-0.143235670952733,0.207310817265591,0.187655315680496,0.0710598467728358,-0.0401799727274366,0.0417654849182439,-0.03952770584749,-0.0747538282904737,-0.178008853477967,-0.036963460308931,-0.159181670472515,-0.22033976539881,-0.176463148808988,0.0842213395248396,0.0917609756603815,-0.000730890884283044,0.148371101159166,0.0166003173964411,0.14347418941636,0.236830354555315,0.127925326672878,-0.0510368453817406,0.260510634364903,0.0779874795977398,0.393293544115461,-0.153711515938932,-0.283514582816063,-0.341868544802462,-0.264667210860434,-0.256567272728929,-0.0239482875828149,-0.0713528922396897,0.281042536903893,-0.0534944092789215,0.0230003689478476,-0.178612526538124,-0.0117587835684342,-0.126669085034142,-0.108648763386443,-0.0980067785471466,-0.220303317308657,-0.433531032150273,-0.230879521781912,0.115517637237575,-0.0578380989960415,-0.222643468655876,-0.148878078834326
"Frontal_Mid_R",-0.0304876095141987,-0.212651292780316,-0.20610440104328,0.572867664447636,-0.269263155453423,0.488158408686433,0.291464207050672,1,0.140682899005978,0.503982303349145,0.125958215369924,0.461586859360102,0.177047446367314,0.432191725337789,0.0692053540961081,0.244195767810322,-0.0536093990521864,-0.111397230474973,-0.0471888426519428,0.0628492650356181,-0.206406725089935,0.18157834131988,-0.0945600995505321,0.0972176503772803,-0.282913031444779,0.116332822753731,-0.253208686144036,0.117516017082108,0.302634154134981,0.31303225372444,0.194637663107635,0.367187486635444,0.105403376849784,0.41489234408159,-0.146272430596078,-0.0910126919597183,-0.502129817586141,-0.240527537503578,-0.32207956093659,-0.236614834249872,-0.101551468730438,-0.0665983212947654,-0.181391207561286,-0.150656318450835,-0.185149117217649,-0.0906784383267899,-0.101332250991091,-0.163270513915111,-0.183365453275037,-0.152098532782909,-0.18975855974229,-0.125915107719383,-0.079335111738214,-0.0565473592075202,-0.184327447585399,-0.235695459287261,-0.264062919950552,-0.14936759739333,-0.0308472104768933,0.227474501269535,0.308293276998817,0.661339519829089,0.0654556004027591,0.460453407008583,-0.142697106616708,0.225590168917408,-0.118887335079808,0.0490811382804333,-0.0903570373594401,-0.0279324523069459,-0.0346268918473197,0.332778852391715,0.0703023783947055,0.151837499627925,-0.0216023401266934,0.149811667037132,-0.0881017960720257,0.0306044192128141,-0.127081904704555,-0.19301822988681,-0.200824687310188,-0.171697915842739,-0.0264334550178219,0.071987417015756,-0.327761108507933,-0.0192430751999672,-0.18114420039966,-0.188660079313503,-0.202293347606381,0.0318840790248929,0.0527970909840724,-0.0832667003564237,0.14296632292827,-0.0948892325667167,-0.21941127445017,-0.24091702408912,-0.426606804473642,-0.249421714271835,-0.1872588973823,-0.190953869835816,0.202055028119026,-0.0508052309601335,-0.0242407897404702,-0.0641270870694345,-0.0637431318090151,-0.218275470586655,-0.0235547481262344,-0.189579376518157,-0.0721229062218976,-0.20152542634963,-0.289632383838754,-0.193811558759718,-0.0165968235361579,-0.0649966591056148,-0.0894135842820948,-0.0583497506675169
"Frontal_Mid_Orb_L",0.143431378920112,-0.0387866826853188,0.449751124640067,0.265640458482209,0.511597912061318,0.399705289188434,0.542998146708101,0.140682899005978,1,0.486387611378715,0.0587682225449292,-0.0715490639098957,0.286885423049547,-0.0765055005921939,0.229904043689089,-0.0201689358725578,-0.128282355527866,-0.276360148583024,0.0676442718194586,0.0730217738248423,0.00208629876335905,0.0821654661321009,0.171734066880178,0.166802129497371,0.219891505935753,0.217867825955497,0.281057913284525,0.3017375566394,-0.0933323979181841,-0.179298551491652,0.0211530860956281,0.0778839173478926,-0.190221902563364,-0.197100178847185,-0.044041838188364,-0.132029423335653,-0.16143098922575,-0.0768057184365494,-0.145980454124593,-0.117491056868211,-0.237000294904412,-0.0897182184275149,0.0438439967402083,-0.0481835557334454,0.0209121369849805,-0.128045700138079,-0.0295701881326679,-0.142911774796464,0.0756340950753901,-0.0784391732517773,0.093039517558925,-0.0698955428913726,0.000502669363297413,-0.0812534874066274,-0.11232796392805,-0.159228780301025,-0.00939327075151608,-0.10293270453336,0.126433376301173,-0.0454216220520478,0.255113011928316,0.0510493563725112,-0.166595498046544,-0.186669878621879,0.219608565683927,0.0414972652861748,0.0876261950302436,-0.0606744579881896,0.0794997285515227,0.0487206232883696,0.0490480928134926,-0.0617257159424011,-0.122226201471931,-0.194922630927765,-0.183037317326203,-0.229154481893872,-0.208787321883411,-0.275758367643388,-0.00797677896128322,-0.052423048201085,-0.141534549650176,-0.18224386960429,-0.0498651989948386,-0.0408587262191135,0.00775229831036523,-0.030171964364482,-0.10445837361054,0.0184864218587921,0.206212361975291,0.0807861353622977,0.152858155422281,0.293006808123279,0.129980105712643,0.348444236471012,-0.229732609288496,-0.309746806792531,-0.265252205159395,-0.132757628585407,-0.0525619818555741,0.111611291632712,0.0459396744212936,0.317282146090873,0.0784737798191456,0.145362921786277,-0.119483757216214,-0.00961653071751355,-0.126759073710976,-0.0462337734525086,-0.176926742136428,-0.312246583023675,-0.251921771917864,-0.106163306328464,0.0664583419311132,-0.0457199170792345,-0.176643969256061,-0.059436125544506
"Frontal_Mid_Orb_R",-0.028179072476276,-0.07104627836918,0.0892389863271387,0.438526289733317,0.0539692987031012,0.746159479148933,0.258653838618532,0.503982303349145,0.486387611378715,1,0.0763198622675516,0.224691543650975,0.229632598285503,0.342891870512884,0.337076544941596,0.329166459658524,0.0236318246211584,-0.233789451620199,-0.0806738512327599,0.0281962201013755,-0.08353589131056,0.142656388834017,0.0334591032401225,0.162181884256451,-0.0366761208575528,0.225438629598672,-0.0504651903942052,0.239481701291916,0.137304126172618,0.0191598907354689,0.02747602030013,0.190902319064424,-0.291559688051754,-0.022756332986764,-0.144071982607911,-0.152958028823953,-0.244694005488116,-0.0709530642538104,-0.0860272316947124,-0.0305222363030151,-0.137558513225071,-0.088140866831004,-0.120131659394518,-0.093650994111127,-0.0806144644347954,-0.0765144849180898,-0.0761504973836714,-0.208054219537035,-0.0140351740489648,-0.0851519715453085,-0.0236980236119915,-0.117465077963055,-0.00944309982246709,0.00949156582051997,-0.103409115565914,-0.220591197266754,-0.157135249221691,-0.187114150471599,-0.0947587199128095,0.0517007087953107,0.175296002161214,0.463368326337236,-0.176128653261266,0.0492517237303899,-0.0752473169620831,0.144717515720003,-0.26429863085758,-0.223395187484635,0.0523514773593668,0.0510272102826333,0.0551073798478807,0.129193910365181,0.0571366158817455,-0.0293353473397317,-0.0300365627899291,-0.0501475514365142,-0.188390080428528,-0.140264525433177,0.0029709571780979,-0.088703748913255,-0.0668216083231549,-0.120864693450999,0.0916689591057889,-0.0539712574298285,-0.0544493065049917,-0.0163774447303847,0.0715218079754524,-0.077149141809232,0.00562427441046371,0.129127467111784,-0.115218492602585,-0.0793588483101942,-0.0127645770016165,-0.0444580511816792,-0.166929407284749,-0.175228074868633,-0.41655526486177,-0.182682348002076,-0.250333052502031,-0.175061912588695,-0.053554813728241,0.0340923923017521,-0.177543070535593,-0.0224603798211712,-0.179314417318457,-0.153604404065799,-0.110745761951057,-0.129363427388444,0.0120272007982454,-0.247297894781978,-0.398871771339488,-0.26976742114388,-0.116863387391177,-0.0957742028862748,-0.0333804120528009,-0.0368920408964144
"Frontal_Inf_Oper_L",0.348639931790038,-0.0453923109893911,0.133215823052514,-0.0661929445847365,-0.277471294786109,0.0246077948764954,0.251003725641952,0.125958215369924,0.0587682225449292,0.0763198622675516,1,0.445619591492449,0.710616931422621,0.536318670600497,0.389656430534802,0.177368645812169,0.397854557698802,0.132766570185585,0.245695497111295,-0.0213158840717205,-0.156299149147917,-0.144105649318805,-0.010143884361869,-0.0798870946327485,-0.314632460727901,-0.206014827736287,-0.271668053666051,0.00496149989708455,0.298125934265212,0.289085111309347,0.0673600525602771,0.0773810301605426,0.00879385359593633,0.0215510886054489,-0.276702360086648,-0.396152861055672,-0.157835427437784,-0.260228227265199,-0.0958479453568128,-0.0825366929360523,0.0214790439215226,-0.00482696182920774,-0.159638020315462,-0.175462083364987,-0.258042864698117,-0.1973258525967,-0.124261680452732,-0.115494594689864,-0.106737096784749,-0.0172934360345042,-0.0826298001322178,-0.0992689814685681,-0.00545973107709419,0.0342484361783427,0.0157690172300178,-0.0393556732835455,0.0926664674314619,-0.00528482489436641,0.0798472268633477,-0.0276515633072927,0.426529879041647,0.12738642857369,0.337614892253569,0.128829540934397,-0.0577324022407974,-0.103441212830858,-0.195399182955202,-0.279284129498032,-0.166737699198813,-0.073387918484162,0.0132245180093434,0.0350576059848073,0.243422814676394,0.158770965020493,0.155663731729626,0.135012576782239,-0.0587727671351165,-0.134439656609686,0.158621023764601,0.110364668313512,0.174157943749678,0.0907491186727315,0.233826045780511,0.17963581875072,0.052665681233311,-0.00749108917447377,0.0569588135604055,-0.00795867101687468,0.280190021942862,0.119905233614873,-0.0259881152021117,0.13134069860976,-0.129315218695213,0.137830222362852,-0.0457625209751844,-0.244045442937591,-0.0766512088182919,-0.0669537302639996,0.0231446951145505,0.201038218720856,-0.0955351466537038,0.241491899119955,-0.0820243301342287,0.104084132900621,-0.236078349141908,-0.119643576812131,-0.106929365478568,0.0336375071281656,0.041136966904895,-0.000114825240834165,-0.30661378913056,-0.23453816946478,0.0340373655142538,0.0244217451535877,-0.0999186839165864,-0.218939288511677
"Frontal_Inf_Oper_R",0.28330892045857,0.167825447922016,-0.295972936819004,0.0989045150560247,-0.482296563986798,0.164177843900755,0.000373183172756599,0.461586859360102,-0.0715490639098957,0.224691543650975,0.445619591492449,1,0.180109770972952,0.524205878589911,0.0161246546080092,0.114860587139287,0.444991753741538,0.3246175140816,0.262633302258413,0.169769706938642,-0.212362264881549,-0.0422706808243708,-0.33012963407478,-0.320375075037914,-0.51745099054256,-0.290548943213027,-0.368933167119883,0.0140379993086867,0.419883571578181,0.50369999441953,0.0739432841497577,0.0526948901976578,-0.041805645811351,0.184465175416603,-0.442626925334062,-0.414454301318902,-0.265707900421558,-0.213269098474336,-0.0296931816848042,-0.0810447338134408,0.0383369599979367,-0.0460433786967538,-0.23854551380393,-0.191382803967447,-0.366563609795066,-0.266782919854485,-0.0328181749927222,-0.00372714432789358,-0.190140541617861,0.0652953779832561,-0.105767201393215,0.0358237477564346,0.0989624035057285,0.0678614943400941,0.0632008081000951,0.0302190292061051,0.117236407171953,0.245964136365105,0.0616260222381271,0.295236104117079,0.327648404799951,0.463349116508201,0.421268992871725,0.549536857747351,-0.31714056451379,-0.151176054119097,-0.346802545498509,-0.130114392750396,-0.119274600628944,-0.00840339578579312,-0.12277915053583,0.125000826879061,0.135052296467067,0.305633931827205,0.0509674293481821,0.224622017104619,-0.0212792236759165,0.119801776521662,0.115198608618842,0.0742887865799206,0.222860284079066,-0.0240850146621693,0.0201590115683346,0.0120123549114956,-0.394121022148346,-0.329705051158812,-0.313396124966529,-0.42148236571976,-0.111358178073624,0.0833767138117161,0.164656248785142,0.0745046295673729,-0.0414648786029825,-0.183577233224201,0.105264684191074,0.0393814278221326,0.047291758444521,0.162918374855043,0.133450004453381,0.204607754191544,0.299365561093585,0.116046674814558,0.148187313598256,0.142778280161767,-0.0690560755646914,-0.0983732018451909,0.05722939262137,0.0654683863012176,0.184284191876962,0.122507650998709,-0.198309423015436,-0.107605392695676,0.118384159739286,0.106691272669495,0.0144286559395082,-0.0503957371029871
"Frontal_Inf_Tri_L",0.164168450899455,-0.240966181004051,0.381286397960427,0.0941602464756777,-0.0123723845456319,0.147199545152784,0.521103665183327,0.177047446367314,0.286885423049547,0.229632598285503,0.710616931422621,0.180109770972952,1,0.513908367718368,0.580128531465506,0.296496953556128,-0.0080116165355008,-0.177015007536066,0.114665522826626,-0.101448463940399,-0.118664015214883,-0.0554215243905423,0.289944219324434,0.237347565528372,-0.0350140451780307,0.0064728218140071,-0.105551331739408,0.0371734001806472,0.140207836707035,0.0309772217274888,0.107224541954412,0.17784071366713,-0.111803826874724,-0.157000396344683,-0.0777750684825869,-0.270053031632248,-0.0385464181909933,-0.197349602146887,0.0248437700985795,-0.0110992940326471,0.0909122002447377,0.0955346013951393,-0.0834669100046222,-0.123456732814977,-0.121385329360486,-0.148458625091841,-0.159694522772335,-0.244684822575795,-0.0904378813368808,-0.125883909081642,-0.0838381898668367,-0.126868054167675,-0.0897728447832508,0.0184671931029014,0.0461970858857818,-0.0983590276024087,-0.141612938616912,-0.287918495422308,-0.028609248467275,-0.259775680551608,0.364243817870025,0.0745912880817713,0.0787244121968609,-0.0890552985942017,0.228665423378075,0.113272296224179,-0.0912750058215939,-0.293513770185149,-0.152842239713051,-0.0997145628538586,0.145165202778494,0.0362429130933638,0.204652396775439,0.0234118911650681,0.155992245831175,0.0332237163786427,-0.142173194159666,-0.326673347353013,0.052987845861883,0.0233708019265638,0.00670877679721938,0.158291221827463,0.278079670947347,0.175963168730825,0.222578896712505,0.303868511479683,0.160346538776012,0.19045241265956,0.391549571314661,0.218399648362935,-0.0273050526792391,0.236243201385922,-0.0369161343873599,0.294062486255838,-0.0659788523995046,-0.275746669733525,-0.186926353188132,-0.177091757466941,-0.161002448320804,0.0811895413842428,-0.176784707424988,0.327399313226471,-0.193939016252742,0.0278424226735372,-0.23969474276836,-0.0914820691258974,-0.0971857597456148,-0.0139561551138077,-0.0244877211139385,-0.117052492939994,-0.397525652765569,-0.353044130671529,0.0919362496087351,-0.0703754456413554,-0.134962113127795,-0.193274115305404
"Frontal_Inf_Tri_R",0.0966119520751733,-0.179260560043621,-0.101805060726381,0.167724261229529,-0.223580060489985,0.22843123544741,0.0552194352155378,0.432191725337789,-0.0765055005921939,0.342891870512884,0.536318670600497,0.524205878589911,0.513908367718368,1,0.394823455113384,0.345340054820957,0.117526985655108,-0.0913899662347335,0.100359720559123,-0.0323403321964963,-0.198355264229444,-0.0539389818489634,0.05566500022568,0.163887522822777,-0.185089065392456,-0.0571842204151676,-0.148851294475622,0.0919749498310546,0.159718743513312,0.193621811917076,0.0796610492367158,0.151527047069664,0.0788094297887967,0.172842438934658,-0.0907614079656692,-0.116984976420196,-0.327071146682743,-0.282946725190372,-0.156412476745957,-0.140010129542473,-0.00879796246003617,-0.141813011524865,-0.0995071282463548,-0.0958170292917127,-0.14971195201054,-0.108441597995249,-0.0839440766871618,-0.0609225566715286,-0.0620776581948237,-0.0615672343543553,-0.0492610712867965,-0.0510879881026857,-0.0400423136872785,0.0812520768861488,0.0709623701649814,-0.046057829928953,-0.124840842581619,-0.21925044636885,-0.0589195572198905,0.0719578231944725,0.269081028916729,0.456249580085292,0.084505481472264,0.209633379796346,0.0754433174838108,0.319026030659608,-0.124433069190609,-0.07860788021744,-0.129788041735483,-0.0969971208702435,-0.0844241087223606,-0.00666731882888308,0.131576860399823,0.157557576944969,0.0135353039575764,0.121206349500273,-0.0721947492746175,-0.0758221788271077,0.0178167781094647,0.0797808697940497,0.0458945248764825,0.10635057930455,0.195104526473572,-0.0113948549714708,-0.0148361156372978,0.126292420936334,0.0768424151986452,-0.12303370090477,0.0834334340118176,0.0967534709288825,-0.0520558921614598,-0.0481059819951497,-0.0424767413891461,-0.175396944104788,-0.101650997765536,-0.155565193867762,-0.17188088810792,-0.0981815320829225,-0.190095051763395,-0.00873119472424933,-0.0256640418422062,0.0641996330464991,-0.190282453279497,-0.11754839141116,-0.0857003431144234,-0.0754514443700083,0.0243487351126297,0.0433053795946506,0.0137742183550184,-0.181412317171529,-0.192804167389467,-0.335321878782368,-0.192223676432202,-0.0391125665285361,0.0585414515137708,-0.124372133895847
"Frontal_Inf_Orb_L",-0.0373816012828435,-0.121964633847574,0.350417912447148,0.105211284366066,0.133992545057818,0.197259410327937,0.283779855376922,0.0692053540961081,0.229904043689089,0.337076544941596,0.389656430534802,0.0161246546080092,0.580128531465506,0.394823455113384,1,0.604866674803716,-0.0175615917634408,-0.253457541226632,-0.070828158716283,-0.0623274111172064,0.132492608926794,0.206927902749213,0.495512234744728,0.418765387232614,0.27568337564134,0.147378988474921,0.0881413278588866,0.132880564508464,0.288432567922117,0.0876626607480798,0.342732812796207,0.32299124045357,-0.0559990310918831,-0.0976992800297971,0.029737113982453,-0.106208049321728,0.02631508755439,-0.083560812058331,0.182878479191815,0.176816905589977,0.244667474235346,0.223357626923455,-0.203425228597476,-0.238104403521194,-0.182255391996412,-0.231145996359747,-0.187902259180484,-0.267593559755468,-0.22995638486669,-0.294588082844737,-0.311522841064206,-0.30352031423928,-0.124163817614427,-0.0699763216296509,0.139999688122267,-0.0115036089736144,-0.192370626876181,-0.294008212174987,-0.339464147857528,-0.287868154101629,0.072953173226867,0.0544427549944808,-0.17808761039347,-0.195495208761849,0.166107840110787,0.0677146200961283,-0.230564531792749,-0.370751313823616,-0.160641461050874,-0.0676758864161244,0.227364278996143,0.17292688906799,0.378149097646071,0.184012904657199,0.221662704519107,0.0937656109946863,-0.00228744343592169,-0.141100670733956,0.081511493353407,0.0757100206315524,0.0827316068719025,0.219309645268224,0.649919983422436,0.328800229863634,0.363617867726769,0.343092178494621,0.444372541964667,0.356461341073759,0.291338592838607,0.0373516063684704,-0.334080009765188,-0.0942080590863832,-0.278337170018543,0.0601355964087946,-0.129064239679669,-0.219755495000716,-0.171163682856908,-0.0965321947745278,-0.281573606466754,-0.137105706140839,-0.416114277231495,0.0161099008083997,-0.381162716069095,-0.180506807859913,-0.289125377448374,-0.198722486265424,-0.206878922521053,-0.156225611298116,-0.109782128884933,-0.145758616457886,-0.311551136374231,-0.372767968382287,-0.190992735728711,-0.0498953353307868,-0.0659902635083393,-0.197094287044551
"Frontal_Inf_Orb_R",-0.181240316192088,-0.2060925213925,0.139681944895599,0.265777082160506,-0.0825561355602434,0.240928278953529,0.175289155573499,0.244195767810322,-0.0201689358725578,0.329166459658524,0.177368645812169,0.114860587139287,0.296496953556128,0.345340054820957,0.604866674803716,1,-0.0211369997372678,-0.136375096907902,-0.075433476521929,0.0369463983590484,-0.017666632557317,0.278360750149605,0.465207712991949,0.517402283286906,0.142449885803046,0.214567861567443,-0.052831402812042,0.142431023337867,0.384881459877824,0.299100370236724,0.428972806862495,0.492987917075735,-0.0118204759059142,0.0810057374054753,0.0333864779286706,-0.0857675450676137,-0.113489011123039,-0.0759072307726386,0.0541947333932516,0.203093166079909,0.236431575906839,0.276312591756646,-0.356854130818415,-0.322807138059158,-0.188287323838724,-0.181938920633787,-0.2294950696411,-0.285466560757745,-0.220999494986186,-0.302663315668664,-0.307022497374171,-0.305544926858824,-0.109951069248391,-0.0022019450360551,0.109135724535556,-0.00535455005365955,-0.221781949884502,-0.244683414668133,-0.403834993071341,-0.332148788781313,-0.0371470563062505,0.115949296183364,-0.0370523976506129,0.0541068488981607,0.0550408511649548,0.000516991324258511,-0.304202711603369,-0.32585768006198,-0.206641689105393,-0.24191504068881,0.112240620002456,0.259317486792163,0.374596447786345,0.282424558553913,0.229527413044178,0.22667730466696,0.0240302783663164,-0.00946207546968341,0.042688488933519,0.0965185592103389,0.0520660340379445,0.236258100845496,0.589422262939128,0.535312759052891,0.22497679539018,0.297457534938127,0.34333108186463,0.489888274525854,-0.0469246779390446,-0.00307377802142568,-0.301652839970065,-0.250277397369106,-0.150189285332041,-0.151922320177762,-0.179043654592179,-0.228734173507725,-0.328350489988877,-0.0397335177707069,-0.220960886488766,-0.208053138096451,-0.223705145563572,-0.194274574571409,-0.324339577901389,-0.228195427243229,-0.261575555651514,-0.302229619661393,-0.194887039036454,-0.171780711668533,-0.123127924523966,-0.133225992701137,-0.279929876073865,-0.352857696386726,-0.154466285357803,-0.0413703592680966,-0.0892644129538331,-0.241895016965547
"Rolandic_Oper_L",0.298722537406808,0.379159215401564,-0.025917382137224,-0.21700459596271,-0.284234052280177,-0.0917471670732631,-0.138161330659375,-0.0536093990521864,-0.128282355527866,0.0236318246211584,0.397854557698802,0.444991753741538,-0.0080116165355008,0.117526985655108,-0.0175615917634408,-0.0211369997372678,1,0.758173127564677,0.392699098872068,0.227664572800478,-0.235248060478301,-0.286768533807933,-0.184007419324392,-0.251702566608092,-0.300526450364674,-0.306940057587498,-0.293122012131638,-0.199605808795909,0.480922446506783,0.544164426807671,-0.0237574492290511,-0.136993587618213,0.06635511286504,0.148305723104837,-0.326101564560902,-0.324250451085422,-0.0433297846716382,-0.106600521625945,0.0285252525793788,0.0338930771116299,0.093400038083553,0.0528613030278604,-0.221035372723961,-0.202986589405135,-0.286133512202264,-0.235682036473118,-0.0343027576805739,-0.00134697484433365,-0.145654700792364,-0.00434640407381524,-0.150159701572121,-0.0864148304427178,0.160026757020877,0.084085337978999,0.068762818527057,0.035357942625081,0.498797269650772,0.352932615046637,-0.0568364445204054,-0.0684185026269686,0.0837540322368237,0.0160374294981777,0.534803853610528,0.277904965236617,-0.194003475928687,-0.27797496863578,-0.312650599696972,-0.315493969579873,0.046485881585635,0.0888781390242043,-0.218209908717627,-0.0996729763803039,0.209235738134867,0.409685290160799,0.0946365860849228,0.282972123890213,0.0677158311656243,0.210377579990152,0.647092681703273,0.469442998941197,0.680488704359176,0.355717052805287,0.163219160012668,0.16246136340013,0.0892019627888373,-0.203336818460144,0.066394546061433,-0.155252420291936,0.0743054050042334,0.0240140857604242,-0.150531316153202,-0.112524751613056,-0.308699195811978,-0.23951962697317,0.04026773014728,-0.0818281299566138,0.103013509977987,0.110332723368541,0.162834622514201,0.105699140072255,-0.0296343830267733,-0.0996138708965726,-0.00359869047049369,0.0817053823080135,-0.318354283496765,-0.165864026185003,-0.122810823366955,-0.00257150711757688,-0.0368048757175731,0.0242200359214334,-0.259308586565748,-0.0763059309467697,-0.0978663403304271,0.0356636594221862,-0.0466987174566916,-0.0794387396370324
