"","Precentral_L","Precentral_R","Frontal_Sup_L","Frontal_Sup_R","Frontal_Sup_Orb_L","Frontal_Sup_Orb_R","Frontal_Mid_L","Frontal_Mid_R","Frontal_Mid_Orb_L","Frontal_Mid_Orb_R","Frontal_Inf_Oper_L","Frontal_Inf_Oper_R","Frontal_Inf_Tri_L","Frontal_Inf_Tri_R","Frontal_Inf_Orb_L","Frontal_Inf_Orb_R","Rolandic_Oper_L","Rolandic_Oper_R","Supp_Motor_Area_L","Supp_Motor_Area_R","Olfactory_L","Olfactory_R","Frontal_Sup_Medial_L","Frontal_Sup_Medial_R","Frontal_Med_Orb_L","Frontal_Med_Orb_R","Rectus_L","Rectus_R","Insula_L","Insula_R","Cingulum_Ant_L","Cingulum_Ant_R","Cingulum_Mid_L","Cingulum_Mid_R","Cingulum_Post_L","Cingulum_Post_R","Hippocampus_L","Hippocampus_R","ParaHippocampal_L","ParaHippocampal_R","Amygdala_L","Amygdala_R","Calcarine_L","Calcarine_R","Cuneus_L","Cuneus_R","Lingual_L","Lingual_R","Occipital_Sup_L","Occipital_Sup_R","Occipital_Mid_L","Occipital_Mid_R","Occipital_Inf_L","Occipital_Inf_R","Fusiform_L","Fusiform_R","Postcentral_L","Postcentral_R","Parietal_Sup_L","Parietal_Sup_R","Parietal_Inf_L","Parietal_Inf_R","SupraMarginal_L","SupraMarginal_R","Angular_L","Angular_R","Precuneus_L","Precuneus_R","Paracentral_Lobule_L","Paracentral_Lobule_R","Caudate_L","Caudate_R","Putamen_L","Putamen_R","Pallidum_L","Pallidum_R","Thalamus_L","Thalamus_R","Heschl_L","Heschl_R","Temporal_Sup_L","Temporal_Sup_R","Temporal_Pole_Sup_L","Temporal_Pole_Sup_R","Temporal_Mid_L","Temporal_Mid_R","Temporal_Pole_Mid_L","Temporal_Pole_Mid_R","Temporal_Inf_L","Temporal_Inf_R","Cerebelum_Crus1_L","Cerebelum_Crus1_R","Cerebelum_Crus2_L","Cerebelum_Crus2_R","Cerebelum_3_L","Cerebelum_3_R","Cerebelum_4_5_L","Cerebelum_4_5_R","Cerebelum_6_L","Cerebelum_6_R","Cerebelum_7b_L","Cerebelum_7b_R","Cerebelum_8_L","Cerebelum_8_R","Cerebelum_9_L","Cerebelum_9_R","Cerebelum_10_L","Cerebelum_10_R","Vermis_1_2","Vermis_3","Vermis_4_5","Vermis_6","Vermis_7","Vermis_8","Vermis_9","Vermis_10"
"Precentral_L",1,0.705136395153806,0.0134173732521914,-0.263661138397349,-0.180183013735443,-0.137417245138309,-0.0544512146207586,-0.145913120975494,0.0353126297609924,0.00593109398275423,0.375806573239364,0.322854151329554,0.311730361907184,0.137593251776212,0.213332876152111,0.0828123263602941,0.523544163247661,0.508688306589018,0.412534558261115,0.454590545714462,-0.338551406451582,-0.307164204061211,-0.272595624132232,-0.285239615764198,-0.33691717479665,-0.348916552825986,-0.268184538653159,-0.290222295468412,0.384914885106807,0.417890338415487,-0.15242348414815,-0.234829777841771,0.200729442992294,0.147432375601979,-0.311264866856864,-0.345934294263331,-0.00894137771392841,-0.156860929062828,-0.0124539168356146,0.0562653042515392,0.267838545304485,0.209653064299282,-0.214483013698341,-0.177219782514629,-0.171378031710977,-0.0471349141342304,-0.117104697881097,-0.0483391983013306,-0.141228514044476,-0.0699908729116534,-0.10836862037736,-0.0938478630824288,-0.0100400343457908,-0.0131925766894489,-0.000127389017784227,0.128841367730597,0.685379775289107,0.556884786716414,0.181334708877302,-0.102127947112708,0.310154163667289,-0.147670066437807,0.508871785901973,0.267794511947904,-0.11355255827652,-0.331087281740064,-0.166220475566724,-0.208560915096225,0.248594645711845,0.205496036208679,-0.33799573544761,-0.413207394811021,0.146519508047581,0.37628637384259,0.0711675971112738,0.262625597398272,-0.108864729540179,-0.126425248062433,0.497918687796987,0.50613493708212,0.549068120927255,0.439562110213429,0.258208948566601,0.156628867077567,0.238539437765408,0.106864094680196,-0.0332069606547826,-0.00474716746030341,0.0933378930775235,-0.00296297528292273,-0.30332998051363,-0.201452241279161,-0.464960225885577,-0.262155183528371,-0.00188988004090364,-0.037098583911638,-0.0319063919524373,0.187467036664722,-0.129451150198791,0.105520378537779,-0.316170615250518,-0.299215932541482,-0.126843893297115,-0.111897924614602,-0.379751992073002,-0.2367245980346,-0.0783744383803599,0.0848796099887855,-0.13719261658241,-0.0130150709909948,-0.0695655734864142,-0.0391761080942011,-0.0986959455059011,-0.0190760269721491,-0.222581526001275,-0.197774413595403
"Precentral_R",0.705136395153806,1,-0.138987634897872,-0.192488241950091,-0.267334117755704,-0.221030799906616,-0.266725121603406,-0.0430180647818056,-0.0847451132692197,-0.0702673646251912,0.323726904080298,0.370639759035781,0.179413659910822,0.185296361414705,0.0691586757339905,0.0339045710707897,0.526121078477596,0.669864021616485,0.464914403070912,0.490185698232837,-0.25209833447386,-0.337512699538864,-0.213989035112941,-0.145042942230484,-0.26085646738684,-0.287294854094018,-0.217330830987627,-0.284668274904181,0.182959555603157,0.303688057760573,-0.175310424873646,-0.190030688663141,0.110943515889177,0.0954303451593951,-0.2849760882754,-0.293700347667507,-0.0442537023174654,-0.167896249136479,-0.0305750167970269,0.0122277286864517,0.21714964086361,0.156635394947306,-0.188238558200225,-0.124741930704744,-0.207337768457374,-0.0561730696968364,-0.0862673995246201,-0.00189253976864067,-0.187558550588553,-0.0132942607873774,-0.147743642569194,-0.0595707911898832,0.0585272413005702,0.0408499253388857,-0.037910357018412,0.0632994447885492,0.791115665619964,0.709491579067419,-0.00510810578913351,-0.0684014836258025,0.204350208152757,0.0109896500479191,0.409764200585532,0.25253769439603,-0.283490956893127,-0.246229035472299,-0.220077836823448,-0.163299489154304,0.411353965851915,0.444322894433496,-0.350678459381103,-0.411383577574633,0.00386654609131401,0.284147739126397,0.000639709344666957,0.22789725638174,-0.0742680707500671,-0.001948955644826,0.492552848068719,0.56160063363407,0.521846128660633,0.443428312726132,0.101934323589963,0.137903960577672,0.117088684223403,0.146709694366995,0.0420697011229079,0.0160266065782995,-0.00982000946978513,0.043357883446709,-0.269454673941601,-0.251346353364058,-0.342924163200169,-0.241633563495784,-0.0144092143454582,0.0135531923983232,-0.0175881793951534,-0.0607720323788605,-0.174511905077508,-0.0296917823864233,-0.233545298723256,-0.236215276693492,-0.197302003701501,-0.114454013390672,-0.304565268596402,-0.344146100151829,-0.050568936609113,-0.121739081574287,-0.0304674944635045,-0.0203737054883299,-0.0398552139835495,-0.0479461094735838,-0.0889020200516294,-0.0875188414586864,-0.187607505057559,-0.11921902357209
"Frontal_Sup_L",0.0134173732521914,-0.138987634897872,1,0.160277982446551,0.292555909227087,-0.11978844410651,0.58645893506837,-0.0779252568127983,0.180687639092849,-0.147236307883946,0.15682004490927,-0.247728633000889,0.176594186141992,-0.0504508220997201,0.214570366223659,0.0945054126289011,-0.102720622794864,-0.134886352662817,0.170056634715052,0.0308378194776672,0.01973878383787,-0.0497151666908053,0.5755043397589,0.411076461438508,0.200443637645158,0.135575196371094,0.201140670950108,0.11942384664727,-0.0599484294125077,-0.0470033514300024,0.21201021958278,0.101193681984252,0.271175333952424,0.0874186645578878,0.301283181901652,0.223757270167934,-0.0547407710285097,-0.219873762432287,-0.107714993538613,-0.102958384079935,-0.00101238113541647,-0.133213003922296,0.0656875609801643,0.0581361332431348,0.0325035888308931,0.00430691076788808,0.086832914405722,0.125676299426942,-0.102574705861269,-0.169396322069029,0.0215385823728717,-0.118114986651784,-0.0866384278084191,0.03765835986152,-0.0579587692192808,-0.00224083859961667,-0.153460085406672,-0.140034696422468,0.0165684600132023,-0.311655710121566,0.109832845517416,-0.250017136605772,-0.130980959157421,-0.12922242215295,0.467213031542823,0.0278111505841686,0.178820372478422,-0.0511600271285666,-0.0536085486675646,-0.071813213262139,0.0252335397490825,-0.159470252066706,0.0868201843670438,-0.116875560835813,0.0869092582168186,-0.0546990400881033,-0.0322238692771303,-0.138815008267451,0.00222815119834832,0.0993501006185956,-0.0359549835384407,0.0170879507037495,0.130689854859282,-0.053485089218705,0.256074381565883,0.264142749083392,0.179388714630681,0.247424486124754,0.142585130598099,0.132196664328029,-0.102662907544762,0.171351051270076,-0.0156167027249706,0.226994178812131,-0.22535876399817,-0.264420670714815,-0.0856770323307863,0.0125809400589615,-0.0727787093659908,0.129872130289428,-0.191299042537765,0.119098480937149,-0.227621141153612,0.0170149364116417,-0.216958636608085,0.0786110381618948,-0.082794397717757,-0.00435153043356236,0.00449030303707594,-0.145665538292677,-0.00422343887384901,-0.0476837562264456,-0.1073018035588,0.0604031224823501,0.0822578976819951,-0.071007281277713
"Frontal_Sup_R",-0.263661138397349,-0.192488241950091,0.160277982446551,1,0.0602070368409961,0.479666293052927,0.190002332092325,0.699670512549864,-0.0021230285780007,0.383631108750059,-0.0797445913352408,0.0321081212141396,-0.138022935333692,0.189649856797581,-0.154497328295889,0.201771944024675,-0.200931285661612,-0.236788886218455,-0.122387392039721,0.0987672873409008,-0.0923270432171419,0.145376139500255,0.250782935253089,0.570471339897825,0.217576143181289,0.480290685199824,0.11826879649443,0.208361135976049,-0.159161995580249,-0.134056933302133,0.108362517506748,0.307804075170631,-0.0834186790081398,0.118191098473915,-0.0317848187920155,0.151529029158992,-0.294082729768654,-0.251322648764399,-0.30283050515316,-0.245384181614709,-0.243528981886518,-0.141641250345782,0.0160724002671504,0.032356523335241,-0.162290318463633,-0.0489659533098253,-0.0626683970634848,0.0196837390787316,-0.12953098424456,0.0424878711869206,0.0806793489069517,0.180970132804542,0.0321940767692507,0.019976428782304,-0.0403825633601952,-0.000308635845089188,-0.224377133115218,-0.065183581195559,-0.070700222648331,0.256623613502262,-0.0451315655110129,0.40771403821152,-0.124477707596009,0.0660260873925086,-0.0125403987833104,0.507180934375576,0.00719289408696892,0.214246597965422,-0.238031161400303,-0.185806638529398,0.0207376132628875,0.127909776798035,0.0554848792820063,-0.00340187225945352,-0.0376388121835769,0.072049442073611,-0.0427136953496757,0.202667181532855,-0.0797784370139408,-0.169422057930727,-0.237014302366936,-0.177647607799364,-0.341165809637195,-0.222749569522271,-0.197843074669153,0.17194884221458,-0.25003460244049,-0.0907052055433931,-0.192084136884918,0.287027122500997,0.217664836324755,-0.0344752080209276,0.444605625624535,0.0366242066901435,-0.219539631448308,-0.103986034329353,-0.149635514417726,-0.0680587923251482,0.0215434385265341,-0.00919768464730251,0.322374444775219,0.103079265010765,0.0114421225313184,-0.0507918006547078,0.00942809734753372,0.00256582650586129,0.0902010243497615,-0.0655768060160844,-0.0379418946088613,-0.0923498588319951,-0.0548904155519591,-0.114794630697813,0.00702164740986618,-0.00198193042588941,0.215374211530392,-0.208682707303345
"Frontal_Sup_Orb_L",-0.180183013735443,-0.267334117755704,0.292555909227087,0.0602070368409961,1,0.124414391244339,0.102356079081702,-0.180844107816337,0.473661371850966,0.132715519251972,-0.27919927544316,-0.397208005675455,-0.168461605339847,-0.10908389107655,0.135817289171366,0.0130391813555506,-0.291116194523602,-0.296704936919308,-0.314066045039121,-0.351036914346821,0.374826926731627,0.273961813500057,0.205648809903268,0.230368131203232,0.581000224222768,0.371098110337258,0.759010682377571,0.541439623389941,-0.304824230782763,-0.321237268707548,0.00773259711736302,-0.0180091851134564,-0.206939505823004,-0.307472191002712,0.358697745290048,0.288534272553739,0.0635724764306127,0.115601616489724,0.166561385707542,0.160586060465934,-0.100937711693147,-0.0585021256834787,0.132066859426156,0.0591747303812107,0.144781465781618,-0.0811937654386625,-0.0350561811981505,-0.0110737557337658,-0.00926566006476499,-0.0701756145504708,-0.00486039951718443,0.0231810852630017,-0.053412035620752,-0.0867828430706447,0.157678957914874,0.0627693099115833,-0.242205325940345,-0.312237989312888,0.0832718252866594,-0.0715553446599659,-0.23625756860448,-0.25505517967713,-0.336079231560001,-0.41803406924607,0.396249088635351,0.287455594771957,0.338468159403611,0.19403770806309,-0.148952344380157,-0.144610107025184,0.0746655320274158,0.0157820229597423,-0.127399110256753,-0.252308251277908,-0.110880207191329,-0.168869211484664,-0.000104551971353797,-0.0540943724209318,-0.242943069430955,-0.108666883689415,-0.226393728202488,-0.185434239672072,0.00599257271558933,-0.184975102889298,0.152993081569128,0.192231752762832,0.172149272736862,0.15522599876644,0.139288781550305,0.0595559980608801,-0.236031997148352,-0.177525507033182,-0.0570349745998169,0.0150581351194434,-0.0872058238575851,-0.0223753695338375,-0.00725286976184966,0.0261864813220593,-0.172481836235683,-0.218808680613743,-0.16336895767282,-0.0947197076015568,-0.160984379917037,-0.180765757470415,0.12733061969041,0.266685878674635,-0.0105472961457844,0.0129469850505937,-0.055055787247623,-0.137083133439374,0.0997267304854865,-0.190303577934566,-0.1228887558073,-0.109987773587291,-0.085198394230545,-0.0508242042659416
"Frontal_Sup_Orb_R",-0.137417245138309,-0.221030799906616,-0.11978844410651,0.479666293052927,0.124414391244339,1,0.0469952404806223,0.563816658367564,0.352840331039193,0.854654511026535,0.0207245490460759,0.191681142762572,0.102932076837664,0.415916404419261,0.167351475557726,0.345214061437806,-0.0394937169698269,-0.172214312474001,-0.314336628614403,-0.134618059550775,-0.0538022351898737,0.248323122986891,-0.0432262270895442,0.157294254822601,-0.0441300787230831,0.31500266711597,0.0314084308649507,0.403186391158814,0.014410646529269,0.117639005339562,0.0475136594741464,0.236577283939269,-0.246185321512277,-0.00605381055262749,-0.254891448273185,-0.0902162147042851,-0.125739203172637,-0.0608001301367039,-0.0591000274972534,-0.0417877323355951,-0.0863857606742324,0.0693534400947168,-0.0682157229182871,-0.0347407131711342,-0.0631829082573062,-0.0436358814165147,-0.118136566760161,-0.0662400821722573,0.0491614251486682,0.0895118341906204,0.0970971599096413,0.12511744917804,0.0965167468597302,0.101852119066483,0.089787842238485,0.0450548250725454,-0.168894064626849,-0.0149650548528358,0.0213329875958603,0.333662182490093,0.132175433665802,0.443176050136064,0.0287710756731053,0.122583229721764,-0.0528204634960852,0.270971972001162,-0.16504494329042,0.0202883138017368,-0.273568834245286,-0.192315945270007,-0.0113946207160794,0.160571808085589,0.176069616049257,0.153319352850989,0.0690700177714136,0.128452181628873,-0.0155286815518348,0.156750801142179,-0.0656260485728738,-0.160243188146443,-0.112123931223974,-0.176001664593316,-0.105601217463084,-0.0936461428557829,-0.0497596315129934,-0.0573277393101001,-0.0975140715210467,-0.169174726645739,-0.0182233418794067,0.0967746778753821,0.083989467900262,-0.0553105005824076,0.185994881683666,-0.0833592221636744,-0.158715031609232,-0.157587716256614,-0.251898065703392,-0.0854874752016394,-0.013638520458822,0.0190107965332892,0.182603528895877,-0.0297429892474774,0.0449830952617269,-0.217413980423965,-0.157407293723509,-0.167529763519185,0.0988047868815961,-0.217525282162105,-0.109547921571216,-0.272733045675621,-0.29027856563371,-0.235231244839778,-0.00259677567287566,-0.133211909922474,0.0182428979717305,-0.218159272388016
"Frontal_Mid_L",-0.0544512146207586,-0.266725121603406,0.58645893506837,0.190002332092325,0.102356079081702,0.0469952404806223,1,0.250369658447881,0.230845296769171,-0.0194056388355118,0.267707935745807,-0.0561490449680623,0.324726961987141,0.0939777990102725,0.11357528436513,-0.0300689165560477,-0.0402938564870546,-0.101440124792977,0.169080012421146,-0.0211960388914422,-0.0854671901100952,0.00374691006572072,0.210429643904471,0.127161574198167,-0.0685079315393343,0.0609032141744205,-0.071497902238866,0.0897882655567191,0.057037511792601,0.0549958577948316,0.0959549301387446,0.0809396189885258,0.227737401580902,0.120698916388033,0.083628789660857,0.0706936171200818,-0.24631379015665,-0.200132590037012,-0.300624405127885,-0.317813330122032,-0.133026735248597,-0.222979990343448,-0.030012037106169,-0.0521493894673912,-0.00475808177885825,-0.0384482388596446,-0.030989449597886,-0.00251320331466121,-0.0429609262606107,-0.121740991447208,0.113918680415412,-0.05407557012104,0.00661741929526687,0.0741397574952837,-0.063851448287375,-0.0758862368927834,-0.30798082451316,-0.297385420809377,0.13259511714212,-0.0590959203665726,0.314923754995539,0.0606494577425226,-0.0330036194371053,0.137456701767427,0.271697115177866,0.0868648034205332,0.167474163667547,-0.0333171372497376,-0.233040965973799,-0.18030580254103,0.18013899219686,0.0202108735732516,0.133783717350588,-0.0007789993590662,0.156950322951363,0.0868649222234,-0.090100738094961,-0.0742423063928079,-0.0475551957701176,-0.108699070163616,-0.0355299297620811,-0.0301295278603824,-0.08976940412514,-0.18171186851796,0.0862166187030872,-0.0120763933265328,-0.172306815208171,-0.142439441473546,0.0155158522878598,-0.135094861752751,0.0657066537124911,0.287085137588223,0.115042557409405,0.268347970710742,-0.186656287389563,-0.287446692221951,-0.22460564059042,-0.129159355574641,-0.0790681054313494,0.0667343902864024,0.0371293750550576,0.291746862863922,-0.108993671052256,0.0457875738778775,-0.146124658830461,0.0652463908052606,-0.104738168636354,0.0492939623719139,-0.0791743646255392,-0.0933036106705857,-0.178200860406549,-0.137257377260088,0.0799669007203191,0.0380190854508763,0.0381070160976574,-0.0388324894209418
"Frontal_Mid_R",-0.145913120975494,-0.0430180647818056,-0.0779252568127983,0.699670512549864,-0.180844107816337,0.563816658367564,0.250369658447881,1,0.108075067510372,0.552681910684421,0.104055590402325,0.403207772669353,0.115924930524293,0.474432394854012,-0.00733930167667033,0.212799544210355,0.035028913101818,0.000529134124347147,0.0234344723648969,0.0954191005371088,-0.27431215003016,0.0789843243173174,0.0275589900700564,0.232305283968286,-0.100945470732499,0.217663799716902,-0.153982522825276,0.107838518462395,0.0491744533319246,0.150221737665436,0.0735208163471682,0.269568179401172,0.0269363019358927,0.175409718626799,-0.257421932127767,-0.110404946600043,-0.311666869853349,-0.292334238192894,-0.284826598429031,-0.306959832762984,-0.185986018075879,-0.159864757451542,-0.0716587638204603,-0.0674199170282526,-0.163223799998635,-0.0532836918454978,-0.133096080766952,-0.0265726294952,-0.0855769881488692,0.0881279830352601,0.011581537925623,0.154238927808893,0.11992328146314,0.0389150608380101,-0.0545132933909437,-0.066704402948742,-0.110282700296732,0.0366823042793115,-0.068089512079889,0.411288294464871,0.192335355485673,0.748068981637025,0.0860596703986792,0.341491245708828,-0.16174348069601,0.365299851156698,-0.240735255385798,-0.0284215881257284,-0.28293265594445,-0.228229164880245,0.00481246770487133,0.184051785784827,0.0943532367141453,0.177096864732619,0.0206257691253258,0.18517332694671,-0.0467053310402912,0.27580650127554,-0.0144488053567584,-0.113196787410751,-0.0958936360336895,-0.151051032421868,-0.274854897116345,-0.155666262169227,-0.224732446622871,-0.0496773440519813,-0.322564727270397,-0.363751376398967,-0.161044464596744,0.195735457364041,0.145904187158751,-0.0490283661182544,0.275209888621889,-0.066925862490184,-0.274433855152576,-0.179674428134282,-0.33750964511044,-0.208583875595475,-0.0479219502134568,-0.0298930327616041,0.269740799190718,0.101264452626621,-0.0030949899382619,-0.173932353622314,-0.107339489358788,-0.187435306254073,0.0472366664611265,-0.212325960164871,-0.148932907581111,-0.162097893578724,-0.20961215880295,-0.102341961001412,0.133095083169614,0.0219380043685058,0.138906578647048,-0.179698982515317
"Frontal_Mid_Orb_L",0.0353126297609924,-0.0847451132692197,0.180687639092849,-0.0021230285780007,0.473661371850966,0.352840331039193,0.230845296769171,0.108075067510372,1,0.494747234836956,-0.0287500039214263,-0.0574630045457094,0.164113656698538,0.0217443561586795,0.527294935501061,0.103192026482728,-0.0848956924113882,-0.0673983220215323,-0.212180454199769,-0.26210128809246,0.216785749645354,0.267490161947616,-0.00426967199688897,-0.00168897206001123,0.0346347588627951,0.0286049253332201,0.228975128328614,0.429638585289795,0.0336232596822526,0.0768752384927898,0.0244093204520917,0.0545834533108087,-0.143693767877413,-0.115384721554559,-0.0647599181180925,-0.105893324196761,-0.051848093985364,0.0711610262765492,-0.0147206229382285,-0.0850198946302339,-0.126419280353361,0.0575999705441807,-0.133357410775883,-0.0707235557776376,0.087203074985097,0.0330455196325783,-0.163577716464449,-0.111031460006362,0.0476611785620518,0.0316183264091374,0.0811355009797163,0.00494899634141879,0.0114920535382248,-0.00335143712860923,-0.0882134559142048,-0.0690694828562011,-0.10291469032756,-0.0500420446303453,0.0885254177340785,0.0741471677960057,0.22020700918021,0.119984004082356,0.0263949520594283,0.00487216793870556,0.150496724060779,0.0519075434680082,-0.00364809234886829,-0.0419405149908065,-0.242063156541809,-0.241605154442597,0.0348565401759222,0.0225131949077874,-0.0168470151064709,0.0441902320020222,-0.0307128975947228,0.0394445809684877,-0.0593103617826843,-0.0472338554643878,-0.108395856032519,-0.0872132517568879,-0.0595073891803446,-0.0778677308000401,-0.000656808429930776,-0.0856140136371775,0.097144444682367,-0.00282819032694492,-0.110594008392331,-0.113974511080208,0.0227698326651572,-0.090831613065483,-0.247574523790142,-0.036830321945774,-0.107512610634889,0.00738048592961896,-0.112485836189976,-0.217559839772736,-0.293035337620246,-0.15025203231529,-0.250458864305595,-0.0442542674429988,-0.147660729216354,-0.108180590949619,-0.1295760755066,-0.180194893494499,-0.202800778970295,-0.0991206069010711,-0.162777202965233,-0.0600393435380873,-0.170705334859762,-0.253465508587879,-0.3086900712481,-0.254952062528847,0.0194741632184016,-0.177875549344901,-0.136004392287945,-0.114116964071905
"Frontal_Mid_Orb_R",0.00593109398275423,-0.0702673646251912,-0.147236307883946,0.383631108750059,0.132715519251972,0.854654511026535,-0.0194056388355118,0.552681910684421,0.494747234836956,1,0.0262009327109844,0.290944668829875,0.142023482586464,0.452708822863812,0.346981283698353,0.435889679484036,0.0548226150661622,-0.0869232282886657,-0.324477743518119,-0.17993932885195,-0.126269868236545,0.199893177509202,-0.0543069668995729,0.173938161770712,-0.0856598602914842,0.202183811493615,0.00581330834952446,0.331941836469203,0.080327067031604,0.172670558055649,-0.0212872738531374,0.181974500990083,-0.251218871632727,-0.0388067409321257,-0.287921799419813,-0.177621046732708,-0.162310628905254,-0.0247404000200158,-0.0340311695416402,-0.0392882891423798,-0.0195249858907209,0.148487727188118,-0.117834912162996,-0.0619849538197533,-0.0481459180771739,-0.00795298389501777,-0.142998284306414,-0.0673492809500571,0.0219262791840209,0.0539166015410237,-0.0128390957714461,0.0451937159383185,0.0192606149112933,0.0258950222142458,0.0194349221633095,0.00404525317911406,-0.0393933019402879,0.0952771096620917,-0.0484828662429983,0.309334223038601,0.153757706663989,0.508615246029088,0.0607998254684896,0.140560153919318,-0.0310342980768477,0.257591115904056,-0.228576122024889,-0.0816573848033875,-0.260786884991156,-0.18776558163262,-0.105626632062119,0.0779124285965733,0.143082147660451,0.226966418961476,0.0841404123342511,0.218135039204638,-0.096962877168141,0.112389384536285,0.0513012081189148,-0.0761728219194503,-0.0145052911981912,-0.083422261395362,-0.00868099428052116,-0.0519328027918711,0.07095509344037,0.00208267220960103,-0.04629532428039,-0.149598471052666,-0.0783671922881222,0.0668331888661113,-0.0702046921796967,-0.200654844572656,0.122181922396966,-0.122729220981468,-0.196260763646508,-0.265017756111044,-0.318627446486968,-0.0871068622037645,-0.138971838486982,-0.0719190026111801,0.0826555939025259,-0.109630795247016,-0.051115291636575,-0.252026357119514,-0.168497554721991,-0.259439694386975,-0.0247443424946751,-0.221550000604414,-0.133445115016285,-0.328843651554487,-0.341044059383527,-0.222659453635418,0.0304272138139372,-0.110531087345317,-0.0136939407515239,-0.274730345048749
"Frontal_Inf_Oper_L",0.375806573239364,0.323726904080298,0.15682004490927,-0.0797445913352408,-0.27919927544316,0.0207245490460759,0.267707935745807,0.104055590402325,-0.0287500039214263,0.0262009327109844,1,0.568337606185908,0.753805546591613,0.518097538906488,0.406321712113788,0.267474753282813,0.310346699357387,0.29956368353504,0.32172589854462,0.295695284581951,-0.252404024555992,-0.0386308141471683,-0.0113803796679287,-0.0696251874471101,-0.406548307820516,-0.32233431253908,-0.371993062719006,-0.136129874322847,0.301647355819612,0.38831912876951,0.000136999570937272,-0.0316024110551492,-0.00161374603291901,0.0668533830057018,-0.39646084365578,-0.43992742761715,-0.029964722928113,-0.193997876340359,-0.1270771704781,-0.0542967321660634,0.290440011590557,0.218561478790431,-0.159086619370829,-0.169333912350648,-0.319094903390963,-0.214646664420208,-0.0168371035396053,0.0283609611935312,-0.173630977907527,-0.123596482168843,0.139552422421572,-0.0538097120902165,0.391209933890159,0.294208178700051,0.163911511997543,0.0881270478628695,0.0708277589832273,0.267630366018084,0.0510299272228173,-0.00636004620718598,0.476965184334084,0.172593556574518,0.347102270398299,0.329833200765026,-0.0229011461268002,-0.251348891634005,-0.404873709704624,-0.474729742265394,0.0108963022337569,0.0653488259150129,0.0440072488742142,-0.0671537012937281,0.375373554230087,0.408654627777555,0.218081091885532,0.308574514473433,-0.14042948451018,-0.0913404582007759,0.222655073202257,0.145817369970157,0.277909206066832,0.281461926518307,0.29631601376628,0.105988123696359,0.361473521760039,-0.0874486256927595,0.142293086667654,-0.013029615309873,0.308589203065251,0.0957788397285612,-0.027053583789328,0.0130025106785746,-0.130481266099205,-0.02740730689711,-0.150686720026581,-0.270879969828507,-0.210046518002732,-0.176207153317295,-0.0909184159451676,0.0352306398989043,-0.10074908013145,0.176587113075838,-0.202058126786566,-0.163072615951556,-0.509394603925888,-0.367187266778732,-0.149442129709303,-0.124166676151292,-0.156442218501161,-0.239425531626792,-0.375701948852298,-0.287495083419412,0.0210324690845288,-0.0842389083170051,-0.159331109439004,-0.189173531281469
"Frontal_Inf_Oper_R",0.322854151329554,0.370639759035781,-0.247728633000889,0.0321081212141396,-0.397208005675455,0.191681142762572,-0.0561490449680623,0.403207772669353,-0.0574630045457094,0.290944668829875,0.568337606185908,1,0.449888742677488,0.693486594150242,0.270852996281914,0.42363295475199,0.412386073123995,0.439143047960161,0.297441554536539,0.340231945355909,-0.275353060912195,0.0152416485300594,-0.138782296257928,-0.118614967244577,-0.358581779267672,-0.239383646626866,-0.34469071532678,-0.0883253837601791,0.393224349335888,0.555477569306991,0.038867735466276,0.066733127710722,-0.0689342202545605,-0.0142218272555514,-0.545449145546061,-0.526629384256215,-0.100079364665886,-0.133342078559589,-0.0850411321350118,-0.0419245044546842,0.262966342739768,0.27339568888596,-0.31411844219719,-0.309316142960212,-0.397375149229028,-0.265240177049666,-0.187172094738224,-0.0966640042752334,-0.186521150484105,-0.0876524933275705,-0.0651856415002208,-0.0810792300006742,0.232532484272939,0.0940651339923808,0.0177649708911628,0.0544563070063669,0.22916700282867,0.474557262373168,-0.0980738149889637,0.201183236433811,0.279526200942838,0.482834431010363,0.43123741469464,0.545225072771512,-0.380162863391747,-0.208215847872389,-0.597812479582979,-0.527132727052319,0.0368884476635109,-0.0215715800486469,-0.0790705941817676,0.0925628860174746,0.274532504405822,0.522472007130128,0.133175558279287,0.356987653351686,-0.171076978226629,0.0233794566286394,0.274591213259733,0.12984179513623,0.333405872709304,0.239748504212744,0.248793923335193,0.174798390324977,0.144547578057082,-0.0357326537617335,-0.00586608885916033,-0.196150495108899,0.100578483017577,0.242739245498385,-0.076444073710405,-0.148778655436732,-0.148598773712267,-0.254469572272697,-0.162568424806074,-0.215318316461163,-0.305275851113523,-0.157815087844749,-0.166965798147884,-0.06842274356654,-0.0131749921625346,-0.0530076172411241,-0.159753746987272,-0.257632425747925,-0.409999153612004,-0.407614838782168,-0.0720457227289265,-0.132111694088562,-0.200526702742866,-0.186084101952718,-0.347305172828312,-0.187716505449011,-0.0408356771456096,-0.138559668698322,-0.111541698051739,-0.176862824376625
"Frontal_Inf_Tri_L",0.311730361907184,0.179413659910822,0.176594186141992,-0.138022935333692,-0.168461605339847,0.102932076837664,0.324726961987141,0.115924930524293,0.164113656698538,0.142023482586464,0.753805546591613,0.449888742677488,1,0.538485055064368,0.547603072969053,0.19468748491876,0.112580166044222,0.0513225547986911,0.175243550595334,0.0776434545222057,-0.328454860593744,-0.0293359017330237,-0.0613870655813283,-0.119445303344157,-0.401889871193332,-0.333956465607173,-0.315122104000777,-0.114351702546577,0.260577348005171,0.242610013386186,-0.0937933486966972,-0.0455733986917859,0.0448052074352466,0.0656540889282166,-0.243979707440855,-0.276587178432549,-0.0175284878157762,-0.0778093128411094,-0.173659927700729,-0.0805150631897304,0.191190912369027,0.118889005146709,-0.012710187259588,-0.0427262564523064,-0.132209643395463,-0.120104793676725,-0.0136422043838012,0.0467230323422194,-0.1244257055843,-0.122427021147261,-0.00145815126431878,-0.133569136107064,0.171644907051987,0.197955010743871,0.0909580664146864,0.0720324825012701,-0.00103058938445826,0.173393052108888,-0.038168454955987,0.00415842053318387,0.535629136388809,0.207730423198504,0.25301978072151,0.223897302041832,0.0807511402657552,-0.189792963112698,-0.346172377971118,-0.378564686758135,0.0178762384334218,-0.0269248770447012,0.0440041801440923,0.00555870459327884,0.239791661308139,0.211337094813067,0.237486260269547,0.177855595308235,-0.0742380023125534,-0.0915138564921427,0.0684109335397049,0.0250658064108531,0.137653164889064,0.0620755457870705,0.20972851725613,-0.0159614085812993,0.328973596868933,-0.0648497387863127,-0.0195457413489141,-0.083955039083877,0.322238828307054,-0.0183466024816555,-0.0607166643882243,0.0987032177074034,-0.133367012084921,0.0177850041986715,-0.125247221263774,-0.262375967873246,-0.244013741589605,-0.123499147881768,-0.135007896622764,0.0876381660605372,-0.205568430487749,0.101352355515489,-0.224525466066386,-0.144117954462032,-0.365673552669405,-0.186612741573163,-0.0658946408499068,-0.00623248357642683,-0.13948801796388,-0.220603978569247,-0.299356865038926,-0.190457044874728,-0.026453032668196,-0.0787914610097263,-0.0529326165800913,-0.0499130094530373
"Frontal_Inf_Tri_R",0.137593251776212,0.185296361414705,-0.0504508220997201,0.189649856797581,-0.10908389107655,0.415916404419261,0.0939777990102725,0.474432394854012,0.0217443561586795,0.452708822863812,0.518097538906488,0.693486594150242,0.538485055064368,1,0.334487519288055,0.53792488824129,0.203038275109511,0.165066336162937,0.099834998975362,0.140740828473159,-0.247306538709356,0.0832470613017122,0.0765123422697401,0.164488461018272,-0.133874840886998,-0.0121965159682368,-0.102647710050049,0.126074020306267,0.180530511844554,0.362941661658661,0.0179079651961731,0.128247950129639,-0.0301736149394607,-0.00249359664017097,-0.275427477375659,-0.246663994373037,-0.128907936555661,-0.09901896770925,-0.033642746270038,0.0670502732574716,0.167464825599603,0.161814116304252,-0.0948369432199963,-0.140390583250784,-0.213861824748829,-0.150871498985774,-0.0906171823072287,0.0276480711303096,-0.146319879186822,-0.0869885211723814,-0.0620536777443954,-0.0482111242705687,0.116158467930763,0.0783467524982876,0.165917802625389,0.13663526389359,0.079521599332535,0.1982366430459,-0.141190866958941,0.116730957637931,0.244941899021002,0.439400130513121,0.176330252800683,0.276006192625095,-0.0959697243476473,0.115808770106661,-0.351444569357257,-0.284318719394309,0.00236315949613162,-0.0733790159603113,-0.0649024001108239,0.0869026892527182,0.156502078486055,0.306839063504989,0.0693040459832137,0.182586080373459,-0.207245287765305,0.051573563963519,0.206220975510618,0.117356056384749,0.18960993611047,0.113064754704299,0.143070640488028,0.0666529381661221,0.24316189208525,0.161126695600938,0.0966993200198632,-0.0451643158707007,0.161170482736216,0.278749745006454,-0.0312050097513643,-0.118721271375161,0.00254130117957656,-0.158529872861732,-0.30537322620436,-0.279919102535691,-0.313178314637132,-0.089704013672953,-0.11967801176134,-0.109114800891929,-0.0176402571723833,-0.0182889257153628,-0.207085084482132,-0.307443900680727,-0.339811184121213,-0.298162693591536,-0.115274209554188,-0.230613903577901,-0.225919625011189,-0.289707192592174,-0.23542724895651,-0.207396053412044,-0.0584998079083813,-0.0718776028167106,0.0250517212779425,-0.221303731313647
"Frontal_Inf_Orb_L",0.213332876152111,0.0691586757339905,0.214570366223659,-0.154497328295889,0.135817289171366,0.167351475557726,0.11357528436513,-0.00733930167667033,0.527294935501061,0.346981283698353,0.406321712113788,0.270852996281914,0.547603072969053,0.334487519288055,1,0.507628836039291,0.0937053651047625,-0.0257259446063025,-0.0465063596829481,-0.0865041366089876,0.152100885675075,0.301488402419458,0.17209778644849,0.0525986759051624,-0.00924936880820957,-0.112475770516769,0.0396012635157973,0.163051686039208,0.362600954945408,0.314208128313362,0.216997603495163,0.167106619416894,-0.0696520973265236,-0.0583617399190855,-0.22518186494144,-0.336292399280696,0.0950325982173614,0.00718549722530647,0.121280849116512,0.0695807514275343,0.242068525645248,0.326852137108294,-0.24570831954256,-0.199998481431898,-0.15565539735403,-0.133976207478143,-0.144699092961916,-0.0863639923844372,-0.20213289821063,-0.149772004702161,-0.171944329305814,-0.217413530832743,-0.0229869376494023,0.041752880835486,0.02871882992903,-0.0150100014386577,-0.022271866626941,0.135255868159265,-0.164711996710496,-0.0772397263583517,0.317936311162703,0.0810356548686545,0.170695075981879,0.105724816205677,0.117557352187803,-0.204769628893083,-0.345274514535078,-0.399689835370635,-0.115130042354834,-0.154992160050379,0.0829610406162211,0.0616491775908532,0.334672867357885,0.274233783579391,0.256779791533943,0.252154998921447,-0.0689229154547353,-0.0823705955649648,0.106246916659815,0.114741913198746,0.16028419691482,0.0761671522923489,0.545775637819126,0.202830001208468,0.416691883551564,0.0342725727079785,0.277364112150401,0.0621421805372243,0.181962954785935,-0.070548633461877,-0.424376861768558,-0.252627190235237,-0.296726575660896,-0.113704051869776,-0.102323284856654,-0.178910552903628,-0.197626446336916,-0.0978694224691897,-0.292046432270086,-0.158513521487853,-0.311049110772522,-0.133929717436772,-0.298641422713778,-0.248854995731264,-0.374461296233011,-0.272506023015513,-0.173776193329772,-0.165976437471532,-0.160491531860624,-0.335510032852477,-0.398465241231145,-0.366582244872494,-0.203396776565376,-0.13404080087452,-0.0631702344709723,-0.117050458629794
"Frontal_Inf_Orb_R",0.0828123263602941,0.0339045710707897,0.0945054126289011,0.201771944024675,0.0130391813555506,0.345214061437806,-0.0300689165560477,0.212799544210355,0.103192026482728,0.435889679484036,0.267474753282813,0.42363295475199,0.19468748491876,0.53792488824129,0.507628836039291,1,0.249946538568129,0.0940900513709003,0.111597384848055,0.208522388078723,0.0760609553941398,0.262427137918669,0.319646229226975,0.312628409987639,0.0806838622246694,0.114083745218223,0.035727942544694,0.147906665015784,0.373966426284326,0.482341793683225,0.408829854568006,0.369574087333371,0.0472576078498141,0.0950012198140051,-0.223595021804659,-0.208522966645047,-0.061980120170531,-0.00640417836517119,0.0722709066558015,0.165288311111521,0.288882932652934,0.416040235652618,-0.255863518378529,-0.211592021680134,-0.229116967945807,-0.135828852274713,-0.118651142735594,-0.020861335641163,-0.250803055000413,-0.26812170143503,-0.302158797316781,-0.262507932507069,-0.0793701644194155,-0.0815510966857687,0.0387630012552865,0.0782004686966506,0.0335813155435971,0.225423722092104,-0.280528815341238,-0.120403378158121,0.0225143137699182,0.140094648707168,0.284045274553563,0.307287421835109,-0.135820163886712,-0.0689972672026593,-0.32577323081892,-0.305581911618292,-0.04792488228289,-0.174502958424772,-0.0182127310435764,0.108259886094937,0.368450666751905,0.419465242401079,0.161410301374265,0.302757940438747,-0.107775555024578,0.0380120359909977,0.290237948737835,0.227339987169602,0.24793952445483,0.223891510117361,0.486019757965331,0.390749024908,0.280300765583083,0.225469648699871,0.28202839268651,0.202941918975185,0.0183532835680306,0.163180718661382,-0.271691501286664,-0.338226842722546,-0.145368980806047,-0.270482673284641,-0.279272262678559,-0.219492470092471,-0.225984825433244,0.0564663265543563,-0.173239093211329,-0.134636655456172,-0.0768442120479212,-0.161713192593074,-0.202270118574726,-0.20292069209067,-0.475353627155905,-0.377752062424589,-0.240883129767114,-0.286621154041264,-0.251765872478001,-0.296626331870128,-0.309182326043816,-0.247546616968267,-0.20132976284113,-0.138769833202264,-0.0692172919091115,-0.339514330807177
"Rolandic_Oper_L",0.523544163247661,0.526121078477596,-0.102720622794864,-0.200931285661612,-0.291116194523602,-0.0394937169698269,-0.0402938564870546,0.035028913101818,-0.0848956924113882,0.0548226150661622,0.310346699357387,0.412386073123995,0.112580166044222,0.203038275109511,0.0937053651047625,0.249946538568129,1,0.75157244408929,0.445792826668383,0.468852187696672,-0.175368466702505,-0.139226654351857,-0.241909147425785,-0.217652962145894,-0.360937841614233,-0.207247342137684,-0.31757841363093,-0.22173765515209,0.587839033021121,0.666444049824158,0.0461677382127056,-0.00602261845530666,0.223207551849843,0.204542976124971,-0.418994962022793,-0.464394916788249,-0.0145776939090268,-0.0335609061718535,0.013126555966635,0.0265946253970531,0.3159167052021,0.279881083362164,-0.356542439111089,-0.358242069016587,-0.311536319337966,-0.215698848848651,-0.132744789699754,-0.193148898922739,-0.249985285242653,-0.224281675875112,-0.266501142380457,-0.281409229918082,-0.0644591703017731,-0.145936003802528,-0.154355629505151,-0.0724950284628659,0.617119881709993,0.50067965344213,-0.0703512525680056,-0.130212244921836,0.141287570942128,0.0190913991126022,0.610781174382132,0.455135175134195,-0.355225328418899,-0.323452688602665,-0.292347165900658,-0.311737759639146,0.16446229920785,0.140961214251657,-0.154657177694065,-0.175453110528135,0.312468940460464,0.549563396020025,0.191680952336053,0.378739092951373,-0.0822500673635865,-0.0544836630538628,0.820271785282027,0.506659709667145,0.820341981616291,0.609719000438147,0.254148766460031,0.28738810569829,0.277939362923159,0.129464353070385,0.0805880281425093,0.004711421672792,-0.0433699070112553,-0.0628805479230864,-0.30905901022903,-0.303010852162821,-0.381882802041053,-0.324644588810902,-0.0488822469997803,-0.108608117518946,-0.182636891264641,-0.110917980373267,-0.191598630315322,-0.113917211571095,-0.276616935519022,-0.163661066614047,-0.168935507791446,-0.101786453439459,-0.391752988058289,-0.366013026177377,-0.264133234597105,-0.138759616474901,-0.0656809458553053,-0.153229643596604,-0.336512791348675,-0.0963989386880235,-0.146455482550635,-0.0419095053498909,-0.219240385920552,-0.0656721892874357
