"","Precentral_L","Precentral_R","Frontal_Sup_L","Frontal_Sup_R","Frontal_Sup_Orb_L","Frontal_Sup_Orb_R","Frontal_Mid_L","Frontal_Mid_R","Frontal_Mid_Orb_L","Frontal_Mid_Orb_R","Frontal_Inf_Oper_L","Frontal_Inf_Oper_R","Frontal_Inf_Tri_L","Frontal_Inf_Tri_R","Frontal_Inf_Orb_L","Frontal_Inf_Orb_R","Rolandic_Oper_L","Rolandic_Oper_R","Supp_Motor_Area_L","Supp_Motor_Area_R","Olfactory_L","Olfactory_R","Frontal_Sup_Medial_L","Frontal_Sup_Medial_R","Frontal_Med_Orb_L","Frontal_Med_Orb_R","Rectus_L","Rectus_R","Insula_L","Insula_R","Cingulum_Ant_L","Cingulum_Ant_R","Cingulum_Mid_L","Cingulum_Mid_R","Cingulum_Post_L","Cingulum_Post_R","Hippocampus_L","Hippocampus_R","ParaHippocampal_L","ParaHippocampal_R","Amygdala_L","Amygdala_R","Calcarine_L","Calcarine_R","Cuneus_L","Cuneus_R","Lingual_L","Lingual_R","Occipital_Sup_L","Occipital_Sup_R","Occipital_Mid_L","Occipital_Mid_R","Occipital_Inf_L","Occipital_Inf_R","Fusiform_L","Fusiform_R","Postcentral_L","Postcentral_R","Parietal_Sup_L","Parietal_Sup_R","Parietal_Inf_L","Parietal_Inf_R","SupraMarginal_L","SupraMarginal_R","Angular_L","Angular_R","Precuneus_L","Precuneus_R","Paracentral_Lobule_L","Paracentral_Lobule_R","Caudate_L","Caudate_R","Putamen_L","Putamen_R","Pallidum_L","Pallidum_R","Thalamus_L","Thalamus_R","Heschl_L","Heschl_R","Temporal_Sup_L","Temporal_Sup_R","Temporal_Pole_Sup_L","Temporal_Pole_Sup_R","Temporal_Mid_L","Temporal_Mid_R","Temporal_Pole_Mid_L","Temporal_Pole_Mid_R","Temporal_Inf_L","Temporal_Inf_R","Cerebelum_Crus1_L","Cerebelum_Crus1_R","Cerebelum_Crus2_L","Cerebelum_Crus2_R","Cerebelum_3_L","Cerebelum_3_R","Cerebelum_4_5_L","Cerebelum_4_5_R","Cerebelum_6_L","Cerebelum_6_R","Cerebelum_7b_L","Cerebelum_7b_R","Cerebelum_8_L","Cerebelum_8_R","Cerebelum_9_L","Cerebelum_9_R","Cerebelum_10_L","Cerebelum_10_R","Vermis_1_2","Vermis_3","Vermis_4_5","Vermis_6","Vermis_7","Vermis_8","Vermis_9","Vermis_10"
"Precentral_L",1,0.399370188765495,0.226147791102671,-0.0477029512821015,0.11056712055825,0.0117727978905842,0.136763284274188,-0.0769499824741991,0.248999580614955,0.0744494560432681,0.378616789527837,0.150974455764166,0.37463086238933,0.119350116834146,0.349847280411173,0.0413425055738789,0.343283231027764,0.226703105620194,0.419606526548062,0.363049167010888,-0.177671388832871,-0.2320830619541,-0.0835696557959978,-0.146285432631782,-0.123035787751449,-0.12016671480975,0.0548278349821182,0.0398773778238081,0.329130760198387,0.107914889188177,-0.168679375771351,-0.221357820160231,0.155512697662409,0.0773520706318269,-0.134826738504739,-0.269258027953772,-0.0871214658887012,-0.281149581938954,0.0549526786533911,-0.00685681306018639,0.249469885664698,0.0214839645278193,-0.0654139476684677,-0.0283730261684043,-0.0173370601886458,-0.11555695613918,-0.0777094169562582,-0.0267625028443898,-0.0705597936352778,-0.112492384508631,-0.0263940812832484,-0.136391030274704,0.00856446322732356,0.13251088465259,0.0589926820376519,0.0853889773736146,0.508184567432362,0.364953995111804,0.034674420325495,-0.184404366061177,0.383608377970204,0.0068209627385782,0.432231170973021,0.207044557723564,0.0586946397867637,-0.223744164604079,-0.240457263431784,-0.304617892280276,0.25821221780084,0.108119737951985,-0.115497968095669,-0.267231292806484,0.29497769484406,0.145899864531686,0.133383653041936,0.0535505299117262,0.02752900475938,-0.154833844450985,0.258764205950549,0.191466841692736,0.319667987635559,0.275761293743169,0.26332905802163,0.107784656053794,0.325941572355656,0.112293594800008,0.0538382454000893,0.0647238315319901,0.150926493896717,0.00533541364372486,-0.355007658684348,-0.21340367232132,-0.302016063235991,-0.257896302992603,-0.0638108792035397,-0.210262247078579,-0.147451620672536,0.144300391210856,-0.147984528436226,-0.0250106543808964,-0.125363365346647,-0.159870602206198,-0.0686895952174632,0.02008146662298,-0.276109778311772,-0.0600043587772938,-0.107070296706985,0.0812977279789719,-0.0303912566994871,-0.208579226270273,-0.0774947162416293,-0.116196418010087,-0.135987786216734,0.083494608719255,-0.0669881216156948,-0.32002184911898
"Precentral_R",0.399370188765495,1,0.086907305890046,-0.155494121564521,0.109719573326873,-0.161233377092129,-0.245590179478601,-0.251750325210549,-0.00304911234498454,-0.092991991087791,0.0332072878553193,0.0862820325502811,-0.105781694206832,-0.114391392242625,-0.0488657823281413,-0.0220600082917926,0.320874621829003,0.579939191982651,0.216949487109219,0.368498646437959,0.0101441792140486,-0.219991779057415,-0.107586071624684,-0.0835804879955667,0.00524219176922575,-0.0257631075972235,0.0758444202371394,-0.0739303123259033,-0.101653615607516,0.0695899199798351,-0.307506197713541,-0.30004437704467,0.0516292262683985,0.0936574541600821,-0.0287217711407775,-0.108700628078294,-0.0368486615194503,-0.206310743566437,0.09946701818833,0.130427311983297,0.109813054674547,0.112886135774005,-0.084868395685422,0.0447773131987689,-0.0157628119311281,-0.00552458929737958,-0.0275271643206682,0.0762285678830159,-0.0821842139118408,-0.158896692096613,-0.216089788132318,-0.259687830860459,-0.00403374174450526,0.0494731196681393,0.00182480184332395,0.193473410729401,0.640391386650763,0.742236621076103,0.00440167393589901,0.188711619407683,0.0242006041954146,-0.0221614049670487,0.247675878479933,0.137353007303347,0.00584322877599022,-0.0787016535685601,-0.100563385800957,-0.077433906493569,0.349754974458366,0.407548870751806,-0.35527089501943,-0.363393991281722,-0.0775897266262236,0.0649055574562714,-0.251213298799579,-0.0241698805729563,-0.2825325499631,-0.300190032985506,0.320541586781351,0.464985001733621,0.372510528576112,0.491784475797424,0.0905868564528178,0.207016575102285,0.321713050100009,0.202765373607793,0.160858428866852,0.265064300434498,0.0891282996649922,-0.0690262447498048,-0.294310415357501,-0.251473189151673,-0.305381005282256,-0.208347689089986,0.0333574953622672,-0.0293037999421334,0.0360434012477071,0.144581504773916,-0.11895097291615,0.0437386606291925,-0.153291011109299,-0.212794262899081,-0.113016998348724,-0.0728313221109323,-0.260191802097683,-0.173212683049271,-0.150394914549278,-0.14736612561515,-0.0440989269044061,-0.0769305324590837,0.100661250276602,-0.0598382645845892,-0.248296069077629,0.0184537313097452,-0.128260912083952,-0.242593650023242
"Frontal_Sup_L",0.226147791102671,0.086907305890046,1,0.312800166156298,0.572102740527792,0.135841762060381,0.559606406827382,-0.100343679835876,0.298480815021299,0.0367981045521326,0.00514904922322219,-0.349360964818848,0.173738491159369,-0.160110558737983,0.269796343059513,-0.0910540068208255,-0.202745364203268,-0.243227645840863,-0.0160587412520475,-0.0757058109697334,0.0565595120076234,-0.232967506061736,0.634492370676881,0.468498842085546,0.482215503685986,0.412428566053887,0.35139895881678,0.13764513297889,-0.205407087976893,-0.412691748899977,0.255274470999479,0.155570100410326,0.0369842227493789,-0.0474591309783245,0.252243623290986,0.111833715517351,0.00164059375334327,-0.228009288211853,-0.0719771070005253,-0.0342245995652116,-0.0328760551103511,-0.137157495427759,-0.0108602538418326,-0.0426471476899011,-0.0152699859420184,-0.0823934798496219,-0.0728805524447083,-0.0853845624928116,-0.133123155055727,-0.145944428426412,0.0470967658921359,-0.106107938544066,-0.102393683124172,-0.00185572594362109,-0.166788075379645,-0.113609818475548,-0.0337536072993872,-0.0664680085182796,-0.0618611557219766,-0.191236243675155,0.0126627313033441,-0.231486008941692,-0.12719408176904,-0.367027446857219,0.436677273444905,0.0603837767305924,0.0355897996667116,-0.111703769730716,0.154151575557502,0.0127093918704448,0.0271541466408953,-0.196706371655181,0.0183114948743927,-0.197212083800752,0.11673631496598,0.00657411978956291,-0.0203290294945569,-0.0891554135565572,-0.0926006715916144,-0.060521197925066,-0.173763816364115,0.0097466359575521,0.0461685439337433,-0.209119103008385,0.393522698912761,0.243945200537468,0.217152920690091,0.259081744014298,0.212947030991105,-0.0366139889856155,-0.346390796969657,0.0938246132012392,-0.209905238892197,0.307571194585582,-0.145875323542388,-0.426776961362257,-0.244079120539663,-0.206991842933441,-0.327354138551269,-0.0658869597455967,-0.268915289287851,0.159807705509889,-0.216177920022126,-0.0151770065207969,-0.301150703654204,0.0148448518656245,-0.162680188080447,-0.136452637865753,-0.102566483009489,-0.326835842319563,-0.164181469203202,-0.140111114534104,-0.200848683837682,-0.0537706199753023,-0.0441877923010203,-0.16695131404451
"Frontal_Sup_R",-0.0477029512821015,-0.155494121564521,0.312800166156298,1,-0.0889438875411785,0.371336868256658,0.478600429131515,0.632864634541022,-0.0623199784478992,0.309222439605584,-0.0048378651930489,0.0786489324534409,0.0697404707177725,0.209017109652488,-0.04049199544359,0.122350236721102,-0.178795074950277,-0.31587218147894,-0.101462123616322,0.101821782546325,-0.0433012209059023,-0.0988205786111445,0.185489643160886,0.547034447319839,0.0475108092352187,0.253550482812501,-0.0468932476461051,0.0555975456559847,-0.0962724946509593,-0.176869962953163,0.301667262104543,0.534082157684685,0.0650691144574207,0.294965116253257,-0.0916447038048264,-0.0163410070318792,-0.180702539745113,-0.0534286880669153,-0.161218510179579,-0.0450228264884165,-0.249511512512766,-0.152267592078411,-0.302794532993104,-0.310272685573909,-0.252319773397709,-0.191797239971866,-0.248406872127652,-0.251077870944253,-0.22867339165375,-0.136417780856053,-0.000609057704398689,-0.0227083586067996,-0.0563499281389293,-0.169874849807726,-0.165054325350423,-0.249497859479173,-0.317283190145006,-0.223069969220024,-0.0291884382514943,-0.0101313098729999,-0.00915315746504892,0.359655032984594,-0.244663704001024,-0.00388877183767537,0.0486202769982311,0.364168215030756,-0.181989151102758,0.0440496024472054,-0.00728738821130568,0.0213994197484652,0.138814048447479,0.0596649341116743,-0.147080936428923,-0.121804723804016,-0.000371146845209233,-0.121140978472752,-0.128222877074615,-0.0529954058904259,-0.266708563260247,-0.380118607239112,-0.318602684742943,-0.304134610522819,-0.135039969514762,-0.163835264419479,-0.213515705808259,0.0231192880195385,-0.171973770696941,-0.0943603107140633,0.0278722108464705,0.118386873410301,-0.0435162996330783,-0.103653117002628,0.0766192881975564,0.00360833186039113,-0.146438546424974,-0.174944836847104,-0.286743864131944,-0.215118180550913,-0.244174726338134,-0.30770305780695,0.0504289289764697,0.0865327178377972,-0.0213889065221583,-0.112075345949507,-0.147558459675403,-0.15681280626781,-0.210872531193977,-0.0458606254997303,-0.0676646777381883,-0.338313359863814,-0.420508024944813,-0.325456426412279,-0.00112919826250131,-0.193119987271623,-0.12749079218366,-0.19007342960885
"Frontal_Sup_Orb_L",0.11056712055825,0.109719573326873,0.572102740527792,-0.0889438875411785,1,-0.0322747473889932,-0.00374901386328256,-0.423323857368951,0.315119116777274,-0.0980621160199833,-0.0580083504397739,-0.36889623004072,-0.0457400667104069,-0.250554687997773,0.128850060006537,-0.0778087687394661,-0.0143211116480674,0.0034652638088383,-0.084497724062276,-0.128150236488745,0.478668821554412,0.0901029617661007,0.537646131342254,0.271298648418823,0.769026787833338,0.526713914135122,0.828063164805668,0.448530897606666,-0.246372764410808,-0.286310954765201,0.0772691371049776,-0.167211519569219,-0.0172800598756853,-0.130596054564507,0.451963897349498,0.314219790962316,0.183263307193973,0.0299172888127203,0.233131557153557,0.342885127057309,0.147120946793973,0.107553084868661,0.0748248992912821,0.0098797950621328,-0.0132230737746476,-0.111524920593038,-0.0052876388862603,-0.0374098029022046,-0.0677453570596576,-0.0745976065094499,0.106816941465312,0.0612458598297956,-0.0200988030390485,0.0643323952262318,0.143629574839149,0.161564007666244,0.0613720495174282,-0.0473253404316663,-0.0459880238615995,-0.080342039647333,-0.119517577284643,-0.353245323059794,-0.069161643660509,-0.438626483085749,0.475045036643308,0.169756121532743,0.248596820920519,0.117009397558891,0.0841157591329197,0.00113004255214755,-0.0153205997452401,-0.164202023889643,0.0495655725202747,-0.0478516475500717,0.033935505670991,0.0568337668070421,-0.0158163212841633,-0.154578167465307,0.111437807063321,0.0860651902074924,0.025454565985424,0.050652354025567,0.0293965616756295,0.029959065763128,0.47242578921564,0.35911390716255,0.457307337698475,0.464390549115309,0.308848508279907,-0.0179069928928194,-0.225001431243534,-0.0491453839674433,-0.112903384116101,0.171515205574368,-0.0714144262364683,-0.325598202231947,0.0424155306055116,0.0542956071257316,-0.143288316658602,-0.0610818250678202,-0.206135302784691,0.0330288897018453,-0.132615775819512,-0.0473163132140154,-0.147341585996793,0.0293487955120499,0.0853305453849349,-0.268040238905857,-0.064035235338215,-0.0434729098310671,0.216559168066908,-0.0167548874560327,-0.19915876119396,-0.148790872933141,-0.0153406066883118,-0.110238007353754
"Frontal_Sup_Orb_R",0.0117727978905842,-0.161233377092129,0.135841762060381,0.371336868256658,-0.0322747473889932,1,0.382927454006912,0.546059446253608,0.339775316054657,0.729777853140959,0.295469263885643,0.224155487805804,0.278013420168889,0.268912128317203,0.192208836895556,0.191977018770245,-0.151908969047413,-0.212798443187296,-0.258728043548884,-0.0599434127118356,-0.114908915813487,0.267488194726288,0.0721221751392733,0.160852076568226,0.00646862217384242,0.377699739470276,-0.132401553895325,0.366674393171119,0.238955965833795,-0.0341066621577357,0.231983712872573,0.437461627156407,-0.191513275597755,0.0691740063088453,-0.181897612024032,-0.186212723838296,-0.0507415966966194,-0.0371865101399651,-0.126974017785818,-0.0869191926939762,0.0064384503637642,-0.00112615157255493,-0.228091790447157,-0.226566506276058,-0.139046930118733,-0.186416826405172,-0.146782748215077,-0.183684110299299,-0.10041181588531,-0.119507839128851,0.0024899345697222,-0.0767095480180149,0.058493921509054,-0.0654396127001978,-0.117633057322845,-0.127547746313514,-0.329239074263106,-0.253704038800596,-0.133576548472963,-0.223622420705564,0.267324642096234,0.418457037561759,-0.0978358670832532,0.0991965466198075,0.0250833105193521,0.0953407186763182,-0.279617867167404,-0.22636536419458,-0.132566986627659,-0.204581560279363,0.235130613400255,0.334092227158787,0.278790294676109,0.174572799845324,0.230155972378156,0.188674212617997,0.0505269901184881,0.158654695459,-0.211718160616591,-0.296823842965467,-0.266047247358859,-0.267410164050574,-0.112463104647671,-0.150006299086064,-0.188120990826121,-0.202670984853321,-0.191029332505923,-0.306830757914385,-0.00445906707329552,-0.083099276145712,0.0196557881345113,-0.00740994481794811,0.104912524295242,0.00222846735343063,-0.284154707223184,-0.270790412321931,-0.354401591469915,-0.207736651232349,-0.120351010340507,-0.151709327402678,0.120526017958849,0.0325881888538996,-0.0460371106327484,-0.158845542252994,-0.173645534579245,-0.221395486613341,-0.184282254100139,-0.0527020146967084,-0.205800482644443,-0.198632856568899,-0.412599099083741,-0.238438672973652,0.0328536439803951,-0.149024766139173,-0.0626346460390505,-0.136623479795668
"Frontal_Mid_L",0.136763284274188,-0.245590179478601,0.559606406827382,0.478600429131515,-0.00374901386328256,0.382927454006912,1,0.493398736553945,0.375250013228766,0.308064128995437,0.288088917570264,0.0547123346733392,0.505114192641828,0.25284937189894,0.257643271718648,-0.00241253916501454,-0.289243864413306,-0.394215433094907,-0.0414254072261605,-0.109590421566882,-0.249361538311176,-0.135830229650305,0.231221884920358,0.254559939992396,-0.0411391079376072,0.170055615624826,-0.216317184115657,-0.047805196485952,0.0993711217113011,-0.229336512810666,0.226196728420169,0.333869218726313,0.0474810981492462,0.0791731602782329,-0.115768236394989,-0.0947721457943203,-0.127910164358555,-0.271429694820913,-0.286022339780825,-0.235706289126565,-0.0933871246528539,-0.205394651993969,-0.203634208325763,-0.178484100162011,-0.111941912639084,-0.121018560844518,-0.197519577276286,-0.226986777980163,-0.11162314290681,-0.083878522835672,0.0605495029172289,-0.0108616489718718,-0.145194837907576,-0.158947411985644,-0.288647573234967,-0.307362805057542,-0.315699783912682,-0.242966139215796,0.0270425315145778,-0.120729956444265,0.270864267231993,0.220909201360164,-0.144142322037447,-0.0282349034026395,0.145245383583922,0.0488403967738881,-0.0856607697858633,-0.0900304149783849,-0.0736823177285491,-0.134481483053877,0.232849486110125,0.143046096517481,0.154240324454805,-0.0853535476320617,0.282963690963825,0.0681680911571171,0.0120147251719521,0.02175193910031,-0.32128441500577,-0.349231681282852,-0.365934077152108,-0.154714795373949,-0.0261483140846492,-0.235177723359651,0.017039357559813,0.0406511959911619,-0.184769237361942,-0.119668718691435,-0.0234449484720314,0.044332319649756,-0.240155946427384,0.116893700288261,-0.108699358331796,0.181084205502222,-0.213647959472757,-0.356941766164004,-0.40615473151746,-0.378633842989488,-0.326654841493539,-0.23320690826275,-0.0991632748103018,0.109136339934481,-0.142228669821567,-0.0513484499088537,-0.292078281627506,-0.0673142746930757,-0.183035348551969,0.0425639454361345,-0.159253435935864,-0.369769590190426,-0.479547068442829,-0.331186032222515,-0.0440220360432504,-0.0757040753136173,-0.0780993112409691,-0.0898977487382848
"Frontal_Mid_R",-0.0769499824741991,-0.251750325210549,-0.100343679835876,0.632864634541022,-0.423323857368951,0.546059446253608,0.493398736553945,1,0.112262038458838,0.508644093699221,0.362784917204401,0.55189503406523,0.392005770448847,0.577536437007236,0.02202994694772,0.162430388962622,-0.103095279990767,-0.20532868018855,-0.14836371349957,0.00238043352334915,-0.265398183643515,0.13714849128048,-0.107974445935897,0.175634478035176,-0.317204376278643,0.0381129510180514,-0.419640438876519,0.0153595347698759,0.249399741208515,0.126945611896873,0.271290964875947,0.547110543726116,0.0107908698418924,0.258033451949077,-0.311748882148562,-0.196216137381208,-0.188816414370437,-0.0572011746844704,-0.200449568596391,-0.142573489938499,-0.109204080209891,-0.0876540980960866,-0.256494886198097,-0.223273271752849,-0.160063560299253,-0.129053118548991,-0.186531588172878,-0.178083261054592,-0.108188782655142,-0.062410040985979,-0.0891546094835947,0.00833022514141191,-0.0166309883680039,-0.0958975811692632,-0.14712719736706,-0.197058100668475,-0.40164217136564,-0.21762948592803,-0.0254304169894379,0.030655140312282,0.289641721463295,0.650486371416593,-0.0952887361941529,0.372713778809865,-0.179489121729411,0.16745308659111,-0.269357126157016,-0.0264593982056825,-0.2556702660687,-0.182434535150611,0.101992630270244,0.24591728687958,0.0937928224624148,0.0992965235170582,0.130482013869485,0.0482333081423642,-0.0993189184309391,0.0405851866698343,-0.251108183960229,-0.372853428327887,-0.282367701239981,-0.279173169376704,-0.0962839783471071,-0.146045880894026,-0.394591721058781,-0.157915357216792,-0.385610737355201,-0.448971993726683,-0.127926252734586,0.0560188324442948,0.0566852703261616,-0.0962234112452017,0.132422941461813,-0.111159131781974,-0.199758383522831,-0.144329212840085,-0.335334388146484,-0.229099020242353,-0.131831194182983,-0.287434359231094,0.189521258642239,0.0204336540047517,0.0454754685396701,-0.143954557487626,-0.163371715952656,-0.237133633497239,-0.188163793789129,0.030916890834078,-0.179892926786481,-0.286127868362312,-0.46238931544316,-0.358900945438143,0.0438148484412515,-0.129537836246514,-0.0950420503786667,-0.167426371208996
"Frontal_Mid_Orb_L",0.248999580614955,-0.00304911234498454,0.298480815021299,-0.0623199784478992,0.315119116777274,0.339775316054657,0.375250013228766,0.112262038458838,1,0.396181122791698,0.377690046126417,0.0704146583146873,0.463418653463912,0.0925235761634111,0.320042919099054,-0.124446694518696,-0.0510165536284285,-0.0872149807796495,-0.117625140738252,-0.101027624205425,-0.0075080389829922,0.110453850372609,0.122148991851318,-0.0932363852424083,0.0135756018670865,0.147484679421206,0.0712701762532183,0.210745577551333,0.151976040497558,-0.152443411229355,-0.0706848195250365,-0.0191876429731459,-0.102999577365041,-0.114474509229219,-0.083138246180917,-0.174350900158369,0.0777718647242322,-0.0587998240930757,-0.186862026844122,-0.0987152982951766,0.233002687343815,0.0462592263583904,-0.0220820049092654,0.0113358688949842,-0.0114633505252689,-0.081129343219929,-0.00449383110541591,-0.0710843762433458,-0.0585990244017405,-0.0943932398601006,0.00319190277303783,-0.103217990706429,-0.0727142863498714,-0.111675305953646,-0.130997679473123,-0.105998660119718,0.0127813886991705,0.0274115842132218,-0.0126012780268147,-0.139559336840737,0.33737081211971,0.103318420641754,0.048442387045734,0.0754990720410745,0.18546027241841,-0.0269755591243844,-0.172005148817387,-0.255839604843035,-0.0126211682327637,-0.0459687469840086,0.130017084598436,0.0660356620891564,0.350727465834078,0.0838612874091179,0.308186074221168,0.228783622473796,0.0854972806193197,0.0292898898384209,0.00235195296234169,-0.115745605897882,-0.0143832320235398,0.0382501795499642,-0.0695452772133541,-0.051049302125426,0.217241842252403,0.0926310669708165,0.0485855836067354,0.0771388854535913,0.239167344100299,0.0519666565299144,-0.179927862817641,-0.0883514466234859,-0.14083613723502,-0.0156497623248819,-0.0888885425735063,-0.377578894662455,-0.230310151275595,-0.136772238237559,-0.205896378101899,-0.204282616192815,-0.140681738113539,-0.0822096024194597,-0.178005958119453,-0.135284899958149,-0.251554864089478,-0.106356744425754,-0.0960296898954107,-0.221791346929282,0.0213324801757651,-0.0739584433837742,-0.230872875924676,-0.214714816930736,-0.126212814648962,-0.032192355878452,-0.0506823099675166,-0.101549605875219
"Frontal_Mid_Orb_R",0.0744494560432681,-0.092991991087791,0.0367981045521326,0.309222439605584,-0.0980621160199833,0.729777853140959,0.308064128995437,0.508644093699221,0.396181122791698,1,0.319416274885667,0.250453509083282,0.322885268248807,0.32397805452334,0.275526699375369,0.355524982453643,-0.0755557813710988,-0.0665826744675626,-0.255279587696576,-0.0408440571703924,-0.297513459691797,0.08081346701688,0.0551054730458281,0.209467983291728,-0.136263873089867,0.0819959042149629,-0.218741261660884,0.148024754327867,0.219065922553888,0.0205018743045838,-0.00451824009878551,0.306082644782179,-0.0914119329251759,0.0441347721863378,-0.256629543389202,-0.285204419744301,-0.0938754481513845,0.0416600949169761,-0.0936743352552357,-0.0903996994900471,0.0485121526917518,0.0902257226653031,-0.172857163128017,-0.190178146207118,-0.185259766586735,-0.210565428297705,-0.143644974343133,-0.137820140153045,-0.152449938814907,-0.131476936772313,-0.00631752380180096,-0.0243509357018181,0.0432560168783674,-0.0278268252840416,-0.110904347486023,-0.101445788922312,-0.151062948580091,-0.141354397276083,-0.240894751790727,-0.231554162856186,0.302844089805576,0.498413029969133,-0.0645909399966429,0.209093132660642,0.0387930959812055,0.249037373555297,-0.380123596638751,-0.338699745475011,-0.0310180662934482,-0.119243630341604,0.0334555659815712,0.208212445178215,0.260705729015644,0.246317546858934,0.181532864914075,0.186045343341638,-0.0906210290674303,0.0978208064369348,-0.109088655386662,-0.231917853237834,-0.158829062674309,-0.100490736520908,-0.153942712554215,-0.00930361488605098,-0.131087584168611,-0.0325236490546238,-0.207490223861139,-0.151059769184502,0.0323955896702063,0.0632943150688878,0.0220564851500637,0.0114569123321172,0.163006942825777,-0.014848211062251,-0.303776611874467,-0.203909290132544,-0.275889758457541,-0.0735066029165461,-0.195351547896363,-0.148617436715525,0.0683461748394665,-0.00552678762130463,-0.0177592088799941,-0.270117754559544,-0.115603144106299,-0.139429181165643,-0.1877828877075,0.0725085177683572,-0.175234622444154,-0.212649160892792,-0.334757971942511,-0.270728882740269,-0.00922737430035975,-0.07906761525493,0.0558563658396061,-0.174853809514775
"Frontal_Inf_Oper_L",0.378616789527837,0.0332072878553193,0.00514904922322219,-0.0048378651930489,-0.0580083504397739,0.295469263885643,0.288088917570264,0.362784917204401,0.377690046126417,0.319416274885667,1,0.603319274423369,0.774614861242429,0.620038116383649,0.418370827573254,0.325237476764367,0.294583853978291,0.208925743881908,0.0627054980763466,-0.0450474462463946,-0.310503139413811,-0.0597939964961042,-0.0426293655674256,-0.0750229271925445,-0.289731707740443,-0.182810532610955,-0.144375847354918,0.0326283834517971,0.461925769692516,0.324840808914197,-0.13605120061191,-0.0984586879416557,-0.124060928636791,-0.0542754276466684,-0.306108349135642,-0.346404097876428,-0.0784576459144032,-0.178905285961357,-0.158325389780761,-0.0485498401733401,0.141201100266963,0.116903871706645,-0.0177946060935915,-0.0163848240538238,-0.044803973189001,-0.126612020904585,0.108428540797081,0.0383284749101458,-0.00569652331074762,-0.0590949010419582,0.0656410223210141,0.0223881689509652,0.147359747384497,0.0683641294842869,0.183528097530538,0.222563226161024,-0.0485747940586342,0.0446435553904633,-0.00426660287802861,-0.12306148779657,0.526400457581272,0.256406441247497,0.338754733108484,0.410904472747971,-0.0682029187910972,-0.136577826515332,-0.304873058702837,-0.323660863760784,-0.125736620030499,-0.121057420313033,-0.116580555648713,-0.0479301109273976,0.312059712618496,0.340740805932239,0.136557117557344,0.26137303031599,-0.0956872472239903,-0.0561442944176015,0.0744841706842357,0.0770318614558995,0.124311039754281,0.183898900122537,0.100534904067575,-0.0395980437533086,0.190933237870071,0.0492129609181197,-0.120974627200089,-0.243833324443451,0.150241771318109,0.0418672139183517,-0.072696459446971,-0.0658936897212891,-0.13522036870387,-0.149739572578463,-0.338694057735192,-0.219093972688989,-0.254979496944591,0.0368775870309966,0.0061026335443392,0.0335440342753262,0.100677940964886,0.0191418908164035,-0.00159630500527721,-0.0629268206632253,-0.260048271168779,-0.269282069852819,-0.11720305712448,-0.133948289956927,-0.233854536965128,-0.187347570656409,-0.201242009656435,-0.161369343872564,0.00285548646851649,-0.0209459662994377,-0.0159417876213713,-0.299137099840772
"Frontal_Inf_Oper_R",0.150974455764166,0.0862820325502811,-0.349360964818848,0.0786489324534409,-0.36889623004072,0.224155487805804,0.0547123346733392,0.55189503406523,0.0704146583146873,0.250453509083282,0.603319274423369,1,0.379130697995345,0.743555215859607,0.0591741865831284,0.345944103713294,0.257923195166571,0.2246578903917,0.143864090877939,0.163127517900816,-0.301124138257851,0.0922651056875671,-0.288521230695129,-0.158651696592052,-0.429135334870436,-0.196099579231668,-0.312970537419976,0.00852703560253518,0.387407438158341,0.439707726775839,-0.0344090042440957,0.0447631380524012,0.00938092767495291,0.141018605081051,-0.376235787802449,-0.302532187132327,-0.149393413849821,-0.136955998516771,-0.122519211980874,-0.0302491437806542,0.0813945065678228,0.099081205186088,-0.116520878538232,-0.102355019462187,-0.0363130576270959,-0.0848856784515946,0.00693474188357841,-0.0150870576673119,0.0538394487441334,-0.0529399773103007,-0.0924438151757658,-0.0502664361519401,0.100777098003118,-0.0920517869533413,0.181783721042376,0.238320476750678,-0.0332215563001902,0.197124469576601,0.0741210040591307,0.14725749659586,0.437316002229225,0.579188073132077,0.345824183924083,0.666578720710002,-0.36184530486282,-0.0444419833566583,-0.296387652228761,-0.0941747167881214,-0.0808183014511257,-0.0345311406394408,-0.198797229800354,-0.0296540777765583,0.17465857677688,0.300461067229067,0.012252925509108,0.1479632778387,-0.188210561401257,-0.0643988469015661,0.0652671762048723,0.0147189876910034,0.21738451484688,0.138510822778351,0.0407097199042281,0.0763922548491555,-0.105552385827394,-0.0765067916718429,-0.259418502525844,-0.324467137428014,-0.0554802356061336,0.139250837989701,0.0875834850041084,-0.199004334282463,-0.0322345882309188,-0.396739244040988,-0.073546156631248,0.0143713507630412,-0.154158095733036,0.102237305865094,0.151352965053073,-0.0719497831392085,0.248899473204726,-0.201902058917644,0.0957669609573893,-0.0958578862468685,-0.196084597037843,-0.263186756197709,-0.175963329652837,-0.0831453673884773,-0.160262004406382,-0.0782582882653236,-0.209674786013142,-0.208507076268774,-0.0102584880603501,-0.041895525108319,-0.0415184741500624,-0.215535567545301
"Frontal_Inf_Tri_L",0.37463086238933,-0.105781694206832,0.173738491159369,0.0697404707177725,-0.0457400667104069,0.278013420168889,0.505114192641828,0.392005770448847,0.463418653463912,0.322885268248807,0.774614861242429,0.379130697995345,1,0.572001766847982,0.546860403191847,0.226645626926911,0.0453282971487718,-0.0565522656402222,0.00550986718837753,-0.103118365919693,-0.295994939196995,-0.0342735115954088,0.102531583935717,-0.00127023104318831,-0.270886019952852,-0.160885399461319,-0.205139221725598,0.00964807538584019,0.368076656259345,0.156094017006055,0.00949156456376933,0.0891574807958794,-0.0596818501803507,-0.0164081373508537,-0.22241640990353,-0.201764679910431,-0.102516757922227,-0.264461093739872,-0.172356268417857,-0.183706508728032,0.106398799535766,-0.0169962094785883,-0.0588978275364241,-0.055756287356685,-0.0582751566635127,-0.104518509606013,-0.000336619461264296,-0.0710474039198019,-0.0472219816258254,-0.0600767977572495,0.0355380615125291,0.00784666929535781,-0.0245664399459528,0.0549019926157348,-0.0575559390027692,-0.00847594045885962,-0.14872321571846,-0.0407912564947185,0.0116915734977603,-0.13267054329147,0.471923289159347,0.197197203578932,0.136028812104138,0.284869432362315,0.0249752891471368,-0.132595896472037,-0.290756901293465,-0.30488469707627,-0.114404777317102,-0.144615790252408,0.0647590077682161,0.099739883602495,0.325763155793479,0.192507504061371,0.235395888250217,0.171937500637413,-0.0516203890338985,-0.0774192392575153,-0.116520447118422,-0.108541214415685,-0.0542698727672251,0.0957479483900388,0.171332124659484,-0.0622234924100136,0.143929132370886,0.0539454928385459,-0.186285840574947,-0.249832215028728,0.0691451093282899,0.00308458520109673,-0.187680106168138,-0.0180318439815365,-0.163291265779369,-0.0390629283996306,-0.294100394318391,-0.178805151256872,-0.294208995907315,-0.113690452322823,-0.164774373504654,-0.109308158813567,-0.0433000946149288,-0.0506117485992485,-0.149397088625427,-0.190697075933853,-0.25301859519759,-0.217519749705011,-0.136164673480985,-0.191349135417347,-0.20447314264871,-0.248987480322571,-0.289119618032809,-0.238286337417533,-0.00270540945700724,-0.0528395996542655,-0.0298852441042983,-0.153095287233701
"Frontal_Inf_Tri_R",0.119350116834146,-0.114391392242625,-0.160110558737983,0.209017109652488,-0.250554687997773,0.268912128317203,0.25284937189894,0.577536437007236,0.0925235761634111,0.32397805452334,0.620038116383649,0.743555215859607,0.572001766847982,1,0.204856167557027,0.531927589388899,0.0740603977980005,-0.0432301904255883,-0.0314988437190658,0.0559344651177306,-0.275263588393255,0.106554941182918,-0.0823613851156244,0.0789941494135721,-0.353264670824234,-0.130063212484161,-0.206811757569099,0.122406526055606,0.358580123110676,0.298221257795195,0.0656449152709449,0.156485858119384,-0.0269020117607811,0.0904561723098447,-0.237418310889913,-0.116342330169013,-0.216796112721376,-0.185757860043863,-0.121974038130395,-0.0866836191587801,0.0285313829187909,0.0393886941931105,-0.192307481165489,-0.194792319631015,-0.0695216385337111,-0.102574559760245,-0.087387850473901,-0.131394653605817,-0.0321995047196782,-0.0548842378322013,-0.0418758809519565,-0.034001950761317,0.0111600981878761,-0.0493967100062157,0.117591801998185,0.0846184286181193,-0.178602208196584,-0.0375471592786246,0.000220310999554069,0.0573681507425787,0.355175241756339,0.510867929411104,0.169143928239688,0.456017416822012,-0.204868315938825,0.0812058345852708,-0.234162875574903,-0.0935424309711875,-0.131482535642515,-0.0820770895614962,-0.072443085737579,0.0970648277165075,0.165779024428381,0.263617555581757,0.00639241059012456,0.114424310004708,-0.263778298526504,-0.157089432198826,-0.0908024946044226,-0.167868738267735,0.0144086192558373,0.0282458820578514,0.0758326639282735,-0.0451261279484741,-0.0319186319406162,0.0411883799231546,-0.229619738988781,-0.320496325202103,-0.0672429715602879,0.0352411184484455,0.046834883058891,-0.204978910328641,0.0738040133741042,-0.256355939201048,-0.212251664790299,-0.0121134276902151,-0.215960460606836,-0.0131822885290672,0.017495473415674,-0.197996194871829,0.252878418526885,-0.132769601392423,0.0505095504996955,-0.170701359660515,-0.21382145036601,-0.243640599666051,-0.244731584529933,-0.201238280578237,-0.161283688709938,-0.206526877687121,-0.310632891200177,-0.411771129491214,-0.090916712100238,-0.143969397381563,-0.108837302589959,-0.174465325348781
"Frontal_Inf_Orb_L",0.349847280411173,-0.0488657823281413,0.269796343059513,-0.04049199544359,0.128850060006537,0.192208836895556,0.257643271718648,0.02202994694772,0.320042919099054,0.275526699375369,0.418370827573254,0.0591741865831284,0.546860403191847,0.204856167557027,1,0.404161654494957,0.133663191312715,0.000307497012404557,0.0427323520751477,-0.114520997096492,-0.0564553595483101,0.0110048795259118,0.320414517785086,0.187590923446404,0.0357589874607999,0.0440841182805194,0.00920484085473648,0.129808980926295,0.431759862587223,0.17001902893413,0.107549519337098,0.0934181296921507,-0.0339988419240179,-0.0840275644061779,-0.123868006564253,-0.219313660744945,-0.0665052070200968,-0.135300331974326,-0.173673698081076,-0.138570815567674,0.120442551473981,0.023035884111161,-0.207165660246364,-0.271111707586746,-0.14285894428062,-0.203848128608916,-0.0941648444397422,-0.19760268678558,-0.096985282997861,-0.101051727677414,0.0310531437463282,-0.102098991546231,0.0940955708410237,0.155708541886046,-0.0102899373665084,0.0405948705117172,0.0215147123530072,-0.02217172713272,-0.100143893967717,-0.198327325906273,0.303043805335664,0.0961908656053939,0.274038472700421,0.153130293711215,0.228109208899734,-0.0455686093774552,-0.369059798812248,-0.452591454680294,-0.106734151654837,-0.203781991938504,0.022272193494271,-0.019374420577398,0.312598182552069,0.128180216358647,0.253834702654684,0.109722261320082,-0.0506874282886546,-0.134889142707451,0.119321215637108,0.0888679842043154,0.164198933438231,0.265944276850984,0.509757347199691,0.0752302022494547,0.335540142063017,0.189171158717505,0.0759072855251466,-0.0227046203448163,0.203187252966943,0.103445665935535,-0.176222758645898,0.0270347628928473,-0.0606313127218617,0.0596717034446697,-0.251920751087346,-0.090353302059133,-0.26279669873438,-0.0124874968037485,-0.114202994469391,-0.0125136276839892,0.0354925670163485,0.0265667564453357,-0.13603628347377,-0.0536234931170191,-0.240878774977567,-0.10013301176415,-0.10892345251933,-0.0866127726014424,-0.0424865506030185,-0.281702801513704,-0.26919823518174,-0.155432033314325,0.00933700758914034,0.12277672242773,0.111136026511626,-0.17983503123627
"Frontal_Inf_Orb_R",0.0413425055738789,-0.0220600082917926,-0.0910540068208255,0.122350236721102,-0.0778087687394661,0.191977018770245,-0.00241253916501454,0.162430388962622,-0.124446694518696,0.355524982453643,0.325237476764367,0.345944103713294,0.226645626926911,0.531927589388899,0.404161654494957,1,0.0605254518183201,0.0529368729390711,-0.0358572999578424,0.0708117652145091,-0.066351382846201,-0.0102468483189812,0.179038407054369,0.354157512648945,0.0208858485495895,0.099184783664563,0.0045142879913573,0.119184795821113,0.311811059505867,0.385209298422959,0.0898227009427599,0.142631656456377,-0.0676632925011615,-0.0334383041195809,-0.140591679794746,-0.0969227383677864,-0.125056204355023,0.00464941926220796,-0.0666752750003597,0.0328469953076275,0.0379673570875485,0.153458322060175,-0.332945892984991,-0.401137322148537,-0.193991473340613,-0.265981755035178,-0.190835887107227,-0.290874744551983,-0.132622384046536,-0.154855301331574,-0.0180098424362585,-0.0946847320307349,0.0110025887626928,-0.0642461090963095,0.0975979839318205,0.075704115532875,-0.180176540512667,-0.118327171454049,-0.133945811700612,-0.0780851579598061,0.0644495460382054,0.326309191037557,0.16530757005257,0.308175350707564,0.010094701153816,0.222233494929736,-0.260143942292072,-0.225068027115503,-0.120408445033784,-0.132357702949145,-0.119708808313046,0.0537856056295567,0.120101702996925,0.27809322876749,-0.0135574011450078,0.134039353907405,-0.247802961736642,-0.150549521024651,0.0359020918064181,0.0316679257736046,0.129418549495328,0.254054049212778,0.316622546026213,0.265857000564096,0.123495629079928,0.281291824211273,-0.0579287395187465,-0.0493655415716142,-0.0809860726424803,-0.00404927930298441,-0.00602992492678702,-0.193545053770612,0.0867438365601782,-0.182262667846704,-0.225796478019202,0.139573502426078,-0.172232446928058,0.0276180298106553,-0.0220070887151823,-0.0544547844085578,0.126702149017102,-0.0334841086118549,-0.0280195407777206,-0.170393267068355,-0.175984594805512,-0.231622962862924,-0.248402411736475,-0.108361034161195,-0.159308445034757,-0.164683898988637,-0.240159787040217,-0.284637526699916,-0.00455121166673329,-0.0504881844301738,0.122618108554158,-0.128504389573503
"Rolandic_Oper_L",0.343283231027764,0.320874621829003,-0.202745364203268,-0.178795074950277,-0.0143211116480674,-0.151908969047413,-0.289243864413306,-0.103095279990767,-0.0510165536284285,-0.0755557813710988,0.294583853978291,0.257923195166571,0.0453282971487718,0.0740603977980005,0.133663191312715,0.0605254518183201,1,0.738577499055274,0.422757636526007,0.255589108867969,-0.176874805741536,-0.128399097585114,-0.296917383638395,-0.187699211016662,-0.126684337314049,-0.187681595767452,0.0361240065961836,-0.0694892213380332,0.432730149869216,0.621808972485477,-0.189277851424925,-0.282016250962824,0.311680580067126,0.250778307886225,-0.0733515975032899,-0.193424863813456,-0.0959847711744352,-0.10972932505506,0.115050554479912,0.0306916202597779,0.172172079882274,0.183540359900019,-0.0631188621803683,-0.0354908376786016,-0.1841574198339,-0.192887815167939,0.0533502712273393,0.0962413849040677,-0.0795652048615259,-0.140582127334244,-0.0695816422302327,-0.125887644038477,0.162856026367629,0.186292309706634,0.143456502523231,0.220468086568903,0.552629112910333,0.438164299389829,-0.023263534371581,-0.0863917444165091,0.172253761082645,0.0730228492114691,0.572135168321803,0.406192585389921,-0.0532262549503357,-0.0950260562275012,-0.194168897352614,-0.238066554269729,0.246398352842479,0.234035470286011,-0.37894031738015,-0.399486854675964,0.0459368084713567,0.280072187680249,-0.168831493690689,0.0265051127910632,-0.14633628742631,-0.178142552057581,0.763779027835658,0.62765772638816,0.755172880283569,0.508082446920109,0.293266246944444,0.209767745870184,0.116674517150676,0.0800679789668171,-0.0138447577563323,0.0262316182417631,-0.0392012105614136,-0.0018943577523553,-0.117743099926785,-0.243571823951829,-0.212179792742554,-0.272747847585461,0.060386390601876,0.0104587397621181,0.0943059214675012,0.22057840843711,0.0352653872969878,0.0295848231525854,0.00393298658796541,-0.228416076488533,0.0607481635848085,0.0620564169925162,-0.164465521936793,-0.217652004810026,-0.14400231454375,0.0711852355747083,-0.0616521075359357,-0.0271837284748184,0.13212459003619,0.0441033231429199,-0.161258850678812,0.0750880902219967,-0.0106708118378292,-0.322401160948584
