"","Precentral_L","Precentral_R","Frontal_Sup_L","Frontal_Sup_R","Frontal_Sup_Orb_L","Frontal_Sup_Orb_R","Frontal_Mid_L","Frontal_Mid_R","Frontal_Mid_Orb_L","Frontal_Mid_Orb_R","Frontal_Inf_Oper_L","Frontal_Inf_Oper_R","Frontal_Inf_Tri_L","Frontal_Inf_Tri_R","Frontal_Inf_Orb_L","Frontal_Inf_Orb_R","Rolandic_Oper_L","Rolandic_Oper_R","Supp_Motor_Area_L","Supp_Motor_Area_R","Olfactory_L","Olfactory_R","Frontal_Sup_Medial_L","Frontal_Sup_Medial_R","Frontal_Med_Orb_L","Frontal_Med_Orb_R","Rectus_L","Rectus_R","Insula_L","Insula_R","Cingulum_Ant_L","Cingulum_Ant_R","Cingulum_Mid_L","Cingulum_Mid_R","Cingulum_Post_L","Cingulum_Post_R","Hippocampus_L","Hippocampus_R","ParaHippocampal_L","ParaHippocampal_R","Amygdala_L","Amygdala_R","Calcarine_L","Calcarine_R","Cuneus_L","Cuneus_R","Lingual_L","Lingual_R","Occipital_Sup_L","Occipital_Sup_R","Occipital_Mid_L","Occipital_Mid_R","Occipital_Inf_L","Occipital_Inf_R","Fusiform_L","Fusiform_R","Postcentral_L","Postcentral_R","Parietal_Sup_L","Parietal_Sup_R","Parietal_Inf_L","Parietal_Inf_R","SupraMarginal_L","SupraMarginal_R","Angular_L","Angular_R","Precuneus_L","Precuneus_R","Paracentral_Lobule_L","Paracentral_Lobule_R","Caudate_L","Caudate_R","Putamen_L","Putamen_R","Pallidum_L","Pallidum_R","Thalamus_L","Thalamus_R","Heschl_L","Heschl_R","Temporal_Sup_L","Temporal_Sup_R","Temporal_Pole_Sup_L","Temporal_Pole_Sup_R","Temporal_Mid_L","Temporal_Mid_R","Temporal_Pole_Mid_L","Temporal_Pole_Mid_R","Temporal_Inf_L","Temporal_Inf_R","Cerebelum_Crus1_L","Cerebelum_Crus1_R","Cerebelum_Crus2_L","Cerebelum_Crus2_R","Cerebelum_3_L","Cerebelum_3_R","Cerebelum_4_5_L","Cerebelum_4_5_R","Cerebelum_6_L","Cerebelum_6_R","Cerebelum_7b_L","Cerebelum_7b_R","Cerebelum_8_L","Cerebelum_8_R","Cerebelum_9_L","Cerebelum_9_R","Cerebelum_10_L","Cerebelum_10_R","Vermis_1_2","Vermis_3","Vermis_4_5","Vermis_6","Vermis_7","Vermis_8","Vermis_9","Vermis_10"
"Precentral_L",1,0.522241139292907,-0.102109440751004,-0.203913950736679,-0.234829917041891,-0.231185841595388,-0.0321567581443236,-0.0988591074499543,-0.342725336284602,-0.172126192398881,0.530119005010045,0.460748408765215,0.355158431901293,0.345297600623678,0.0324644046154793,0.161768753756326,0.446695764772166,0.325063585931625,0.437665323532998,0.357118965959334,-0.288877425402493,-0.236429976084804,-0.162467374946915,-0.253563889538162,-0.272964050079103,-0.297258671998897,-0.173792538786043,-0.265618733352739,0.274363305201218,0.246142043485051,-0.255838369125587,-0.270557434213819,0.0647401034285948,-0.110802935569331,-0.189912912091012,-0.290223865991797,-0.331452742341929,-0.313547360522632,-0.204710268757402,-0.17390667937912,0.154886535914683,0.0254619316809317,-0.202055508806893,-0.0579947753545469,-0.194748200800095,-0.0657540610578439,-0.0172472965328433,0.0225322881683655,-0.031866769424275,-0.129752404980042,0.0482111841271709,0.0111650122035847,-0.0143313322964053,0.00617224321382928,-0.0314696799217626,0.0699257686995229,0.664580747693495,0.508840592496104,0.34711375736671,0.123832142575853,0.41896942737112,-0.0228914797543355,0.413120425483319,0.196185835444932,-0.0350465557380074,-0.162151490400708,-0.076062208251517,-0.0989642207170791,0.40081522435273,0.221502506820286,-0.242628301003195,-0.226050926717513,0.251437683008725,0.23608490582437,0.0691626928817479,0.266927052629879,-0.0651491515864192,-0.12733308631835,0.364642486370408,0.307278344090639,0.341641489874489,0.395804983612408,0.215242886319843,0.128913968739846,0.309928486197339,0.282587938510535,0.0550999337466995,0.184107396085213,0.164963847705558,0.193923343885221,-0.229716110496966,-0.209904974904024,-0.326167168183225,-0.215809140540756,-0.131137955831468,-0.238864092097307,-0.00443079282753504,0.11841082694128,0.0119854166564705,0.125707636133399,-0.0444438986092844,-0.116652106370381,0.108835036601934,0.0726596530231439,-0.16907004393857,-0.0614013096162192,0.0591425102713887,0.0523743572628673,0.0823294926585687,0.014735922284796,0.0102203392002231,0.190540522711843,-0.0051885574717827,0.144879955464102,0.0596655295549299,-0.249976886780307
"Precentral_R",0.522241139292907,1,-0.248257541422987,-0.288914053626601,-0.334493941908972,-0.29464496022503,-0.290109124361178,-0.137745803050394,-0.333421604880726,-0.201531916147502,0.195454104859723,0.357709845102476,0.10444055743698,0.206974044320519,-0.0920722083537136,0.158792330612998,0.553240235630779,0.680736307053959,0.520696385245896,0.721723099150718,-0.323175161844519,-0.27658661619546,-0.250243775935671,-0.324020855427145,-0.370835989784238,-0.381614201337396,-0.242590787760483,-0.304476297532031,0.302445992159221,0.454473988535732,-0.335169297732383,-0.399263191976891,-0.00544712513096083,-0.0885840985101306,-0.348011129644231,-0.386352090232405,-0.259247826290819,-0.270111807571421,0.0599854945899671,0.11186707695451,0.161344240122868,0.308671393319529,-0.091257664473745,0.0895871119698645,0.00817840373313333,0.196423993584968,0.192590141024269,0.212013965079991,0.0530392137288297,0.0232111493816646,-0.00455914491407578,0.0433546813201597,0.0459172431833899,0.0977274239454256,0.113182383109097,0.254086372040032,0.752682128361981,0.744813352811245,-0.0410104926842368,-0.00177227780473068,-0.0897445594922377,-0.149189998793321,0.297764527874364,0.318457624019889,-0.291439104771384,-0.349796378169981,-0.260139954096303,-0.203193380868632,0.53379329558119,0.520279139386934,-0.455441615479254,-0.461887966942541,0.0614617341154798,0.35477950930532,-0.0654934829140342,0.283396860101282,-0.315787654038692,-0.258101410955394,0.553743545533077,0.505253634468297,0.559623612178866,0.606693989109768,0.282436167163208,0.340251714722156,0.277768290555893,0.268311122830773,0.193592583184598,0.228330121974471,-0.0220730711015874,0.0797429594393486,-0.267193729437747,-0.251878794434238,-0.493444247435087,-0.447472609795425,0.0694224155386437,0.0550624900573554,0.124742484790047,0.243103090510289,0.077222018672801,0.0668055771860445,-0.314773672908614,-0.349227280307178,-0.0171164608701108,-0.11442645940239,-0.316728257241121,-0.21693358777975,0.0305311430622144,-0.0835048821643098,0.207012680688205,0.147806293976249,0.0677525243088351,0.0715605832427131,-0.30497585032227,-0.0179446004433243,-0.134846462730412,-0.169015421116408
"Frontal_Sup_L",-0.102109440751004,-0.248257541422987,1,0.211110852345145,0.420492396229684,0.16442597989833,0.669422363217866,-0.0754608939018346,0.39434178760598,0.0615562967347051,0.0823498999819225,-0.291132928821551,0.244463382379182,-0.213978625816989,0.403465437977793,0.0138648668676789,-0.207295651710278,-0.206733653864127,0.0761836017270068,-0.166614572624395,0.12665034645132,0.103281237338066,0.655025979637681,0.527014365439341,0.305038601866426,0.313750665158754,0.190691629427167,0.244533174343953,-0.0284492709221039,-0.171857560318449,0.35039839329799,0.418938614897543,0.114661637093806,-0.000338873650629227,0.197996314399954,0.00550238266720634,-0.0534719183321906,-0.147956030498802,-0.140498142036544,-0.25026675601301,-0.0751403242878236,-0.25793021658373,-0.0693712630773429,-0.172121367217522,-0.292629300124856,-0.375355001525629,-0.200240151721585,-0.164970714255979,-0.330905447094263,-0.373348442323299,-0.154440620298399,-0.264611095492954,-0.022702425514534,0.124601861233743,-0.213514443193153,-0.25480455347973,-0.247892067895193,-0.23568074897522,-0.0640002699777542,-0.341160535380981,0.0422172500220654,-0.215845640906702,-0.112537382827497,-0.151999134480504,0.43553881464289,-0.0827931503410489,-0.110919294416754,-0.325758892603011,-0.194791763952641,-0.355285788868046,0.311014206213484,0.127959301695806,0.212463755154575,-0.107256343999246,0.0946364251143293,-0.0882987293603351,-0.0565559471823189,-0.130840853472059,-0.107867467893142,-0.151135279161455,-0.276034652523639,-0.192226842786444,0.0233063954712575,-0.185245092903824,0.163184092802149,-0.0619059861450421,0.00607903701063541,-0.0483016792673864,0.163264747091871,-0.115487656775623,-0.0645962160278114,0.184064707987626,0.234368852360302,0.490216082229528,-0.175317989991785,-0.275555798448565,-0.222001552294878,-0.306426277144316,-0.262253393849345,-0.113859854634795,-0.00283935160150023,0.272747596759415,-0.154309188946733,-0.0468424250605524,-0.0741428375040468,-0.00914764541135745,-0.346335373378266,-0.0670316403853865,-0.18673171992475,-0.218888582757415,-0.28820701233747,-0.333146970822272,-0.073019738487708,-0.106434282802086,0.00196676245462064,0.0426590490546892
"Frontal_Sup_R",-0.203913950736679,-0.288914053626601,0.211110852345145,1,0.250090249742418,0.600376303708048,0.235472894995998,0.701590740286462,0.255271491048534,0.579997035307558,-0.200147087112072,-0.0782578431095386,-0.0379858274905428,0.0583575848359488,-0.195220230369132,-0.0516247400590662,-0.399252001587086,-0.342602264446335,-0.387292368429179,-0.258793616899437,-0.0349151136391335,0.0555839356246218,0.0524750499799975,0.556595777887192,0.352806670873352,0.450291922697551,0.199345974951084,0.373245603853679,-0.288444316568865,-0.272756042345113,0.108641319765497,0.423149961944729,-0.0368666515476346,0.25478020487501,0.0887437694728389,0.267021090195305,-0.200586785065741,-0.0940572716378582,-0.141239277391924,-0.0221905083892106,-0.329524825304773,-0.255672998366466,0.00175906029834129,-0.0968836654019821,-0.255950801882685,-0.203733524624399,-0.146697050302583,-0.185156602406125,-0.3754417867784,-0.169797694355029,-0.0977532736330002,0.0246946123833344,-0.0645712395644641,-0.153469099233531,-0.162736954017114,-0.237629021302147,-0.230813233424274,-0.130057339662084,-0.0766599704800001,0.232512649340616,0.10316163072442,0.415482081332583,-0.118566268011791,0.0694965394659254,0.145568157495406,0.480713507360201,0.106296541930625,0.338695042029883,-0.134125211548927,-0.145437335939962,-0.0553778440287706,0.135379220889744,-0.19629410144445,-0.24085831391362,-0.254804290622706,-0.180526736246944,-0.230793506666721,-0.0466807954752336,-0.334647642961963,-0.344336821733103,-0.38642329436655,-0.274017828956694,-0.565374221549486,-0.258203146462085,-0.0864551755886651,0.138162754714924,-0.247702515458762,-0.0218016189404971,-0.0762244894711766,0.108695107581258,0.0663013674803216,-0.0910954964179028,0.436005005573876,0.251075828506206,-0.312117876353193,-0.14088899255849,-0.352553796450126,-0.284803612436007,-0.368639519497278,-0.311121447543327,0.201692193274425,0.0612090361388106,-0.0808837095961129,-0.100552505673755,-0.00538630286820894,-0.00896520250770969,-0.104250317455488,-0.118940126267459,-0.269354539725483,-0.300679503002996,-0.242648138663477,-0.326662164917642,-0.192163037053814,-0.156599686702942,-0.0761113199106225,0.0513353813727049
"Frontal_Sup_Orb_L",-0.234829917041891,-0.334493941908972,0.420492396229684,0.250090249742418,1,0.354679405066579,0.0496624651622556,-0.0834939584095975,0.555301782444707,0.181476159620464,-0.0785314036337888,-0.28173070106101,0.0509211341201488,0.0328960437976076,0.270008745059803,0.0389372766486778,-0.296211492015432,-0.310244797034149,-0.39108525718138,-0.384721357839137,0.495391845811892,0.244566763464633,0.426657541204695,0.523127729861064,0.786323994136085,0.701014016631872,0.881009690206382,0.694390397464391,-0.428368321802016,-0.283652022659362,0.127917205519325,0.153676968715534,-0.0894130109337973,-0.0808295300564038,0.382335225536593,0.311605397423362,0.204873196846182,0.127206808540666,0.116771660851981,0.200271647320803,0.0219530344633137,0.0454947770370672,0.212424324147436,0.0453396937418892,-0.125860950488995,-0.190652264584895,0.01421998852177,-0.00405296415287974,-0.250845235149792,-0.224307709085158,-0.116775500096816,-0.0825624648736017,0.108756564867054,0.128316946461271,0.193424678791353,0.131454085571456,-0.328669087570507,-0.292698619141898,-0.170689989894206,-0.123748944352569,-0.0926288799780793,-0.119209672228917,-0.252294930874887,-0.325749168976901,0.473598587727705,0.361070348488,0.101407614625805,0.0368643327429643,-0.18959339048605,-0.227089454469038,0.001105703695128,-0.00366544337092745,-0.0570315655291119,-0.144530167797217,-0.178495089944699,-0.0661473959915539,-0.0632787431739089,-0.155620702415199,-0.184323424474611,-0.102202500509146,-0.261764759082819,-0.131382461719398,-0.260097920169266,-0.149074510073611,0.28404843320301,0.153465893252863,0.207181415314939,0.338314957183578,0.302392153354586,0.0772540604631149,-0.102352544484158,-0.107749237139405,0.163705257775947,0.269033996384114,-0.0994427173603636,-0.067392403887497,-0.0657517874307371,-0.00483775207586872,-0.198049980708734,-0.194646866526008,-0.0410128311204787,0.179398610872916,-0.0982997687624146,-0.074231492873402,0.098310849681851,0.0413955741313074,-0.06970018473831,-0.0753264226598568,-0.175129669190483,-0.232940771736214,0.0881965688379272,-0.199103812667196,-0.0332545542758282,0.0954837752352413,0.049402557155903,-0.112783700334265
"Frontal_Sup_Orb_R",-0.231185841595388,-0.29464496022503,0.16442597989833,0.600376303708048,0.354679405066579,1,0.244987106229963,0.555735232399708,0.450046788055879,0.845605484445475,-0.110792435335804,0.0658854050110811,0.0830763061833624,0.21898785745925,0.101831146448732,0.303105572488055,-0.25110664738154,-0.217996775744387,-0.341778368261299,-0.218278167071637,0.16441678858619,0.308205304887223,0.0300042905908365,0.407501502100224,0.305688674010164,0.508730624245595,0.29194929583793,0.572048495272939,-0.104518485042001,0.00602008266494589,0.1959483727769,0.462430690576047,-0.0567777661949025,0.248316068354153,-0.00637765599781088,0.187139600486789,-0.214222266599749,-0.06258192402201,-0.238659130796015,0.0201954135608923,-0.298986038085733,-0.0675066249712847,-0.0684447009319151,-0.131907081313064,-0.102570798865399,-0.153797660484728,-0.117626707318273,-0.187940565336558,-0.236773481709992,-0.188780174921347,-0.139592239396323,-0.0751420647876476,-0.100649814283683,-0.0879959291804831,-0.0779930039503762,-0.189083468980364,-0.288372541309393,-0.172544062131486,-0.160002874293789,0.0324839954018836,0.0117358923127215,0.294844828722941,-0.0543042003923054,0.0636140795134271,-0.00985562322812951,0.28622907571824,-0.0136770822879826,0.185658298755264,-0.243429874153184,-0.260746621365367,0.00601615131036274,0.171866834574303,-0.144655270476172,-0.0210774284504352,-0.116851198787942,-0.0361246626259818,-0.235144765764581,-0.0629344906415548,-0.284882233797797,-0.246456898480344,-0.217798772068859,-0.194406936463651,-0.406707722039483,-0.0471752374385436,-0.15869946079567,0.0272896429792377,-0.276905150502041,-0.0582495480165478,-0.13032849813424,-0.033614523107031,-0.0680410646692631,-0.115510484614206,0.364862848437049,0.27261084427644,-0.278413072571209,-0.233581316371239,-0.322927062481486,-0.303811254917439,-0.27649595223618,-0.331244112580291,0.165252978927791,0.0772053210504504,-0.074733894309339,-0.0709781662590509,-0.024321585776981,-0.10186827109294,-0.165659379105878,-0.107393023538794,-0.45585429924992,-0.386383533157191,-0.345408329359505,-0.270187969224987,-0.00814909227980949,-0.00533251648912098,-0.0531160971313391,0.0194475778643295
"Frontal_Mid_L",-0.0321567581443236,-0.290109124361178,0.669422363217866,0.235472894995998,0.0496624651622556,0.244987106229963,1,0.291495740762147,0.342295468872553,0.206020809849248,0.124682085611458,-0.0712211550766254,0.374651883766667,-0.0769983547006933,0.19969105330939,0.0223454528976285,-0.102527138770669,-0.138515230135216,-0.0304984257843082,-0.209083087787206,-0.0784811317500785,0.0667482491217509,0.357505072802549,0.259179283099947,0.00562963127091033,0.106012188201321,-0.104199506285375,0.0367956730834724,0.173079490697455,-0.0287578901930702,0.351070712528889,0.34412267165805,0.306480650985094,0.203583342423266,0.10125299543945,0.02072488200123,-0.222939988556273,-0.241278372408544,-0.314578656298124,-0.323364286286656,-0.0989021432239993,-0.201951491374446,-0.15315674912301,-0.220667529014855,-0.206191932628774,-0.336193447805275,-0.32096205581691,-0.282654385930234,-0.172666418859124,-0.328450988492311,-0.0324777678361586,-0.245217266324886,-0.169294804476098,-0.0855849364127215,-0.341135079219518,-0.481233208396709,-0.188122229949841,-0.200860834555955,0.0519668394958435,-0.226471289316223,0.351737665181157,0.124264423006501,0.111933876152684,0.0878602889680922,0.29336098807052,0.0022756574759024,0.035449765027693,-0.143443243249242,-0.215803926634929,-0.353755025297506,0.256147211635759,0.127472389719671,0.292343757778016,0.0243242522738643,0.246248597781331,-0.00444955594196064,-0.0235760119160311,-0.0169670582507143,-0.08740333797844,-0.157949637403649,-0.177664708422178,-0.197277744989752,-0.0355863565316424,-0.106690625063806,0.0253429273251071,-0.0446510097188725,-0.156038748241133,-0.169529543965608,0.105190505962928,-0.071254318212108,-0.119231066468253,0.0398448269113858,0.108582142447836,0.260487014488235,-0.255304686137814,-0.354906439984402,-0.345862811961523,-0.43481827196915,-0.343937286821201,-0.216267531287854,0.0251860577804412,0.167281777531667,-0.163377556454614,-0.043774416931396,-0.127860023344004,-0.0163135471488014,-0.18781593240559,0.0712814076435266,-0.242881179572504,-0.272208779048318,-0.430495510426771,-0.327701243987853,-0.102010813277525,-0.134052073440684,-0.0693906274131133,0.0792259333939486
"Frontal_Mid_R",-0.0988591074499543,-0.137745803050394,-0.0754608939018346,0.701590740286462,-0.0834939584095975,0.555735232399708,0.291495740762147,1,0.126799863750199,0.688150117997795,-0.0290469130215219,0.291083706559577,0.169427252923413,0.323577875325338,-0.182338771415234,0.170930511632014,-0.157523594778865,-0.0849134578185107,-0.282661733935819,-0.131049941844628,-0.180239725573644,0.0842425494448586,-0.114897130834715,0.257127942612682,0.0166994880291639,0.198775612553518,-0.0866129428937963,0.194662690053089,0.0301937592139858,0.101885008959353,0.117229485068382,0.309860751513432,0.0415543338320655,0.33906611632712,-0.125214531902493,0.100401828414159,-0.303074955540049,-0.129443482226394,-0.209713486634903,-0.0209237571028088,-0.268638361461539,-0.0865199919002521,-0.0596163378057871,-0.0828163951348136,-0.0369345599720859,-0.0235778567802948,-0.135891236712598,-0.148412001783228,-0.151992640278838,-0.0608026288725937,-0.138918412736746,-0.057240970925902,-0.227284128487346,-0.270130367056321,-0.18619775165066,-0.293201770023821,-0.104738679757015,-0.0700545263775986,-0.156617075149014,0.238659977768258,0.277602924394229,0.663242666631761,0.11430028560024,0.301972917226288,-0.061545980757191,0.431854130870935,-0.023477881914813,0.24056430917217,-0.15546543489327,-0.191480621880833,-0.0774283843792166,0.116696421068135,-0.0928007142682611,0.0316708199134182,-0.102911012547845,0.0309954682135868,-0.18271853674288,0.0258711046689817,-0.179153538842513,-0.20626376046515,-0.181539820783363,-0.133835078372289,-0.409678702119778,-0.0209670368976398,-0.163288902169116,0.107983487150034,-0.314490522581353,-0.16225302439312,-0.214161369855181,0.0198499491511869,-0.0249571649720943,-0.216280320279572,0.204143868446675,-0.0289215764887182,-0.315790275852825,-0.209379895227993,-0.381794675327286,-0.294250785122206,-0.289167197990813,-0.29770645662205,0.127821480017696,-0.168832288683004,-0.138553834876916,-0.173714044819584,-0.15162954129268,-0.190376433062705,-0.029395919169356,-0.155467110657029,-0.241701727477474,-0.232012015137856,-0.303134719179808,-0.242015463096498,-0.134405275190767,-0.174231836782077,-0.158262382206092,0.0764138762566998
"Frontal_Mid_Orb_L",-0.342725336284602,-0.333421604880726,0.39434178760598,0.255271491048534,0.555301782444707,0.450046788055879,0.342295468872553,0.126799863750199,1,0.350246726120774,-0.141146955524761,-0.228052567005588,0.115774685095895,-0.0661327729794642,0.285389230016383,-0.0505206309500635,-0.332680760734357,-0.286092536142267,-0.195965849233739,-0.308969111627866,0.281166368708304,0.276259075944537,0.273542725970681,0.347796206051219,0.416301997932031,0.484163960414144,0.3923636754053,0.511897892660961,-0.270111361912487,-0.156276031430531,0.270402115290979,0.348446469640845,0.00486620682003967,0.0773060529315019,0.138731808174812,0.141265126058287,0.0253290864256905,-0.025653602853515,-0.00217950042954207,-0.0226833192353461,-0.0834392547527785,-0.152606481317429,0.124212528032814,0.0181367672213311,-0.0972905516159923,-0.104734750522744,-0.00961527274607834,0.00340873977949591,-0.144268192092611,-0.142587178434438,-0.103905329161175,-0.0910171395801068,0.0476764668753164,0.0613789107705661,0.0152469126433713,-0.0588898055379539,-0.390989345934575,-0.320417535899606,-0.198136735628858,-0.0672622332050966,-0.0315943084321497,0.0506978631875096,-0.284963815228219,-0.200518586702679,0.273718096236014,0.263658756745067,-0.0693244855540056,0.0350825127853447,-0.184679336542735,-0.142281934751598,0.223406264199568,0.102685086672855,-0.0208813793789617,-0.131738507099589,-0.00882358977512654,-0.116115130133255,-0.0966710216988812,-0.0516969502942282,-0.235491973616367,-0.17717829524005,-0.251723581452194,-0.251356454504123,-0.217067003396741,-0.142984821866453,-0.0619981366167482,-0.0821083967723207,-0.0344867506391228,-0.0446181083035368,0.00315788006532424,-0.0491580694306959,-0.176854721378039,-0.147561929028304,0.0760595598879037,0.125622782473114,-0.0740894401341629,-0.0703824732392097,-0.177011176985855,-0.243100865941743,-0.293238596370576,-0.348611440321358,-0.151072230737795,0.0180237618095352,-0.302288912622014,-0.208283138206569,0.0129856692971409,-0.087401003211958,-0.132116316023104,-0.0961951920964816,-0.246262066091096,-0.23828936625402,-0.275326366662933,-0.24221961876134,-0.0671703449531185,-0.137878863308505,-0.151277477098538,0.149213943144555
"Frontal_Mid_Orb_R",-0.172126192398881,-0.201531916147502,0.0615562967347051,0.579997035307558,0.181476159620464,0.845605484445475,0.206020809849248,0.688150117997795,0.350246726120774,1,-0.177466816456391,0.164765049343884,0.0370556638043505,0.237334122223551,0.0362064678147591,0.356332867700348,-0.182380242133467,-0.131843841753541,-0.330957494404542,-0.206776846844118,-0.0330704732642312,0.173004351453208,-0.0670456831169782,0.34940681661827,0.143163322760167,0.331659488250712,0.101848930653494,0.329739776929489,-0.00512285422377517,0.062738148457196,0.031439826625863,0.3491292505131,-0.140716873390441,0.152274035412153,-0.133791240228048,0.0702941320079609,-0.281417413574617,-0.137588469668645,-0.257720379548579,-0.0821708904793346,-0.324754951127587,-0.0831221245544248,-0.0531869111947169,-0.0709075766109798,-0.00611919088286706,-0.00752529551179435,-0.0680526715048652,-0.101357687669297,-0.203469581948456,-0.0851232031365077,-0.136756550362443,-0.0754572663760564,-0.104928204787239,-0.114405231151042,-0.132008860827655,-0.15503339150055,-0.162972791175235,-0.111277115821997,-0.206216981747675,0.0935952860455766,0.105420111042384,0.49449521739608,-0.0669900793777314,0.104418120676792,-0.0483425115669175,0.33900472322096,-0.12564051783331,0.0887958425394109,-0.205058019709826,-0.238389460646611,-0.0673922462949264,0.110769838293789,-0.139206957779155,0.00304197631855286,-0.143610915296933,0.0113291679711888,-0.249737126673751,-0.0615744478192038,-0.249206668920129,-0.185153742575661,-0.203400332411376,-0.199915815046235,-0.445404653346332,-0.0775507792829442,-0.209578063887974,-0.0383626590104169,-0.321750109618587,-0.158442233449353,-0.244707897592594,-0.0544210141883234,-0.0282355498793002,-0.105108192868431,0.304258646129512,0.204268413157443,-0.305393144943539,-0.251996640734683,-0.302150333210345,-0.245514794572279,-0.242188696575048,-0.212293002565803,0.119699921199426,0.0177907171736578,-0.130635828270711,-0.0252313452831042,-0.111377311044851,-0.161747819517735,-0.163268203630808,-0.0912735811317651,-0.397432151200409,-0.349352468893283,-0.349678192005019,-0.256066152132356,-0.00530210913868868,-0.0163466538699684,-0.153283487501941,0.00388494677365876
"Frontal_Inf_Oper_L",0.530119005010045,0.195454104859723,0.0823498999819225,-0.200147087112072,-0.0785314036337888,-0.110792435335804,0.124682085611458,-0.0290469130215219,-0.141146955524761,-0.177466816456391,1,0.468693860833565,0.743713677860194,0.54505467780223,0.418598631293377,0.290675901670138,0.281072748840086,0.121858428416771,0.321948965946139,0.132481203965653,-0.0616602858181578,-0.0761703884677569,0.100385008236476,-0.0542541983786684,-0.161578496122625,-0.163340920503461,-0.00994006131268171,-0.0753996758547194,0.165734372583372,0.206656849612803,0.00300063499071369,-0.159913341624448,0.159524988666751,0.0459057101813759,-0.135476257256654,-0.294185369892318,-0.233988829576834,-0.0932554217103072,-0.127651514857754,-0.0527635447959129,0.108867056330878,-0.0113689141028442,-0.180568656374836,-0.0171967400017614,-0.0936241308078602,-0.0359731111751115,-0.0569873407705375,-0.0335404415032754,0.0576203464620964,-0.0349733008546321,0.0962844722679501,0.124512113573826,0.00402933747850087,0.0660895686904603,0.130083661561676,0.11607673601191,0.177903194848562,0.161933561022613,0.137493063636012,-0.00476558379918602,0.383835272147606,-0.00443038669224702,0.352389103022109,0.254820107758237,0.0698829054865384,-0.0825506186786409,-0.0658261223149968,-0.124268937812186,0.139539355674086,0.0668574686774247,-0.117697279013493,-0.123207370999967,0.119139996672732,0.0950433370193524,-0.00160262980180768,0.0604483665151594,-0.135901575458139,-0.203049125923947,0.11639562741088,0.120803056622207,0.163551845225925,0.268224821939779,0.308881138255346,0.181667002167271,0.398256972759624,0.318389310078138,0.147671973912795,0.165886440989053,0.309196393019479,0.173510996537642,-0.382511224229289,-0.216710846628647,-0.340863098251416,-0.15207084325171,-0.134215756106085,-0.157911674472586,-0.0764120494552002,-0.0335530274988696,-0.0710837010465226,-0.119531805243371,-0.12096524705401,-0.0324290345363912,-0.107005046753784,-0.081261232061203,-0.266857141737104,-0.224615967490926,-0.0314725234961704,-0.146692025990429,-0.0725180318533633,-0.1287746871574,-0.194049439900551,-0.0229580602998504,0.00432042525571295,-0.0708757707162195,0.0608891990495161,-0.280028387228113
"Frontal_Inf_Oper_R",0.460748408765215,0.357709845102476,-0.291132928821551,-0.0782578431095386,-0.28173070106101,0.0658854050110811,-0.0712211550766254,0.291083706559577,-0.228052567005588,0.164765049343884,0.468693860833565,1,0.342397076624705,0.623795330611923,0.15117159371314,0.568926430038887,0.46342952408364,0.440726656418107,0.358147474581096,0.395286878685458,-0.262251555851686,-0.0363474387126225,-0.204970664128465,-0.199232787639422,-0.305932743776277,-0.240807340643626,-0.225675940461935,-0.14780433470113,0.401247761770433,0.521198019198577,-0.0179841558956403,-0.10839901587716,0.105088963051921,0.128970124862593,-0.344979707888484,-0.303682230522975,-0.397483702888594,-0.0373437386278558,-0.195822219551029,0.0193649475409018,0.0941916456442597,0.243898950158031,-0.243325516627019,-0.1091251227723,-0.0667557780576323,0.00174554868888547,-0.0116405833196658,-0.0378796359031199,-0.0549658877459283,-0.0897187048898288,-0.1424249026235,-0.0166532425453326,-0.156180642437123,-0.0251842690364231,-0.0238684525820746,0.090794311130947,0.301477670195634,0.29344496880682,-0.0635349485678785,0.0923687599824253,0.275929510100847,0.329768074530523,0.491644237766374,0.628389531705977,-0.280200419526217,-0.0498473508655063,-0.284167982464382,-0.156069846907614,0.139711602503738,0.146031328678369,-0.224869477027509,-0.0388871807691902,0.17860027403074,0.398710636914434,0.101001820715478,0.356720824459361,0.00699608707234197,0.0761060659664175,0.263004618648415,0.16618230474375,0.34683108587209,0.376136102096127,0.26414122283101,0.417575334431219,0.094215497139726,0.238314230922873,-0.0352197881523457,0.0154636525730342,-0.0862393375247071,0.13595012365429,-0.215825414759219,-0.252672241691305,-0.241116536149177,-0.245546588438417,-0.104427660717763,-0.122034191978404,-0.0621468165752453,0.0237941447919593,0.0682449711004386,0.00763753167499645,0.0444417420655431,-0.0914480244373037,0.08469224341941,0.0930485752324607,-0.262647414470285,-0.203584101532555,-0.00496569558362892,-0.0418059314724708,-0.0593534913392302,0.0185953707261467,-0.22290764787827,0.134477245027021,0.044527015054015,0.10440295293342,0.00640802191602812,-0.263013614699177
"Frontal_Inf_Tri_L",0.355158431901293,0.10444055743698,0.244463382379182,-0.0379858274905428,0.0509211341201488,0.0830763061833624,0.374651883766667,0.169427252923413,0.115774685095895,0.0370556638043505,0.743713677860194,0.342397076624705,1,0.548859620633084,0.465510654675867,0.335053917935649,0.128783086188504,0.037826222886628,0.154785197789376,0.0579014108971251,-0.0885654228379368,0.0446328055863911,0.209610291509034,0.134002513865964,-0.0663928745907595,-0.0254120602041316,0.0291668270569814,0.0598192548533783,0.174594860974467,0.213531150609782,0.148278856946702,0.0206798148817025,0.187375708880226,0.0989561973117332,-0.079387804091607,-0.203387493578827,-0.202070852426915,-0.0727752339215729,-0.206362762968167,0.00559945578611501,0.0995483187612893,0.0566332192863848,-0.144316404037646,0.0120294833524847,-0.106393108872289,-0.0446141441998201,-0.177156658675952,-0.0872917169485182,-0.0149945042442716,-0.113924845592188,-0.0482798493044528,-0.0241957024976703,-0.223566923224822,-0.061496995927029,-0.0523174737679088,-0.0382028621042721,0.0884575120303183,0.0287214840495007,-0.0128339716004797,-0.137986546322054,0.351882736516272,-0.0100017661284422,0.18410190416111,0.176955012308283,0.133080669903241,0.00827098219659901,-0.155443149729432,-0.166967395284572,0.0871137499780875,4.04859146990519e-05,-0.0460793534903819,-0.0246573227265289,0.194728215473698,0.181436794360593,0.0978109999669861,0.150837131607093,-0.22199776026661,-0.261839693466814,0.110516943226733,0.11500140163322,0.0835063789680228,0.237201902745216,0.190302622934757,0.200492959653622,0.312975948006791,0.318560825354225,0.0403050732465976,0.157891505491393,0.205520533332233,0.0849406456262436,-0.521059080662373,-0.281526243017748,-0.292787544804308,-0.0123317429241987,-0.248921983261224,-0.147789217410929,-0.31402376658472,-0.216173862630578,-0.369712849598691,-0.265606350614258,-0.169368196063387,-0.070765141827113,-0.229277756729234,-0.180089628206632,-0.306492033446517,-0.179003392797028,-0.124505937269177,-0.196279219917635,-0.249775093657638,-0.296147501771304,-0.344784621762773,-0.147608896527026,-0.0304746256745373,-0.0927897279005181,-0.0259768102057219,-0.199173671843231
"Frontal_Inf_Tri_R",0.345297600623678,0.206974044320519,-0.213978625816989,0.0583575848359488,0.0328960437976076,0.21898785745925,-0.0769983547006933,0.323577875325338,-0.0661327729794642,0.237334122223551,0.54505467780223,0.623795330611923,0.548859620633084,1,0.240294524062242,0.580042128806186,0.197428505839957,0.216189228602585,0.0412934939971588,0.138888587623296,0.00154123391847068,0.101416557059675,0.00232473182343521,0.190575242775819,0.0179851385073993,0.0444845932843707,0.135016661647481,0.0854568486532121,0.0933484665571889,0.30522694181118,0.0160948912789689,-0.0794277627801895,0.0198597867354477,0.0585839146763307,-0.123995410798868,-0.0474185430377337,-0.291854479720928,0.0128227911815615,-0.188369803620751,0.172560429078018,0.0213249022833495,0.177129083215561,0.0746650800303351,0.213876978676267,0.118486892436232,0.163079728531812,0.155597531901549,0.108400264597769,0.0489391523856239,0.0100700074729492,-0.00440107305993257,0.130688355184249,0.0168152800915247,0.0526401033687666,0.0930535827777717,0.136567221619438,0.20728267227359,0.136334413745292,-0.164179104534365,-0.0551055924209546,0.166889568322057,0.159334177615543,0.247785730314514,0.283237810626273,-0.0685523096150743,0.186388091721605,-0.119594171950595,0.0149899728861202,0.107787610818614,0.0517138785980343,-0.312495183508304,-0.112921244666093,0.00282371641594485,0.17011179980028,-0.170192244248472,0.163984877365614,-0.214616031595775,-0.157695891317115,0.159637326000022,0.19008903345294,0.153145102986743,0.369148199624451,0.0495679086560365,0.30312887546921,0.205135343036028,0.4943731932553,0.107049652212099,0.263629190171985,0.000354938919858572,0.240636485019326,-0.247784196110944,-0.322770108631549,-0.173602137777595,-0.212706930222041,-0.299825257851074,-0.176705568526915,-0.244023439108891,-0.0287020997784684,-0.150893237231181,-0.176986451160044,-0.054768168751795,-0.231275532569286,-0.183462772126699,-0.197933426913207,-0.383300403622235,-0.344983175192322,-0.0470298225142707,-0.207516427608988,-0.24317271747907,-0.250999409739529,-0.102456481115861,0.0194973502461589,-0.00604804017162462,-0.0888881057508391,-0.127559644095225,-0.285143789916433
"Frontal_Inf_Orb_L",0.0324644046154793,-0.0920722083537136,0.403465437977793,-0.195220230369132,0.270008745059803,0.101831146448732,0.19969105330939,-0.182338771415234,0.285389230016383,0.0362064678147591,0.418598631293377,0.15117159371314,0.465510654675867,0.240294524062242,1,0.533041993353362,0.0681478313256401,0.00692882806918967,0.20755534360993,-0.0521021161346287,0.21558163829023,0.132583403140799,0.464824094725709,0.201508337217882,0.184898459736154,0.251957178634132,0.188838028414965,0.155238817486172,0.215812275639308,0.243479898545629,0.307016211129947,0.204920743727524,0.0629208140639957,-0.00324765572447832,-0.145635615631769,-0.325003758046439,0.0192843296418006,0.137364816746532,0.00750178031979296,0.0786836527726505,0.154352022168658,0.0327043096045355,-0.137547696816233,-0.122443297565482,-0.0970818549642488,-0.187558416560794,0.000363911166458798,-0.0570576584862518,-0.100751027686516,-0.223069848725305,-0.253238391853893,-0.222251981841446,-0.098005580737198,0.029919964875405,0.157675397937863,0.0882724181076731,-0.20736317810574,-0.224021544557993,-0.259029739105796,-0.453866871930226,-0.0573784592065923,-0.237852564387997,-0.0157841776354917,-0.0109238424027846,0.140953717978766,-0.167632206372549,-0.337638492929121,-0.473103670128011,-0.0921999648715756,-0.134509348310681,0.124356297866928,0.0370893605041585,0.21428956191705,0.132512401824847,0.0238633007075581,0.0441657679439965,-0.0148515060748311,-0.131948999630949,0.0565792533688502,0.0654526163961923,0.0914964811436079,0.186778918432133,0.5024739311545,0.338127231298114,0.287979958973259,0.149375533792568,0.327442834251904,0.20939120677382,0.114655240733593,-0.0911445449021025,-0.317257963599769,-0.0710226946253825,-0.144804246336533,0.144658177079261,0.000227926474767915,-0.0931965307793704,-0.0520695273745729,-0.0545236379913136,-0.128970793541746,-0.161412100872177,-0.136138613749736,0.048553296891118,-0.17525463289399,-0.0955547416227595,-0.252807483802137,-0.191723421371323,-0.345569703650715,-0.150976571696185,-0.156379159133422,-0.24527382340613,-0.303240441947937,-0.167727064144104,0.10654330107318,0.0458187095587042,-0.00216574451423811,-0.225614096445892
"Frontal_Inf_Orb_R",0.161768753756326,0.158792330612998,0.0138648668676789,-0.0516247400590662,0.0389372766486778,0.303105572488055,0.0223454528976285,0.170930511632014,-0.0505206309500635,0.356332867700348,0.290675901670138,0.568926430038887,0.335053917935649,0.580042128806186,0.533041993353362,1,0.33971957305393,0.316133811306212,0.136258887031792,0.194477999890328,-0.139765285802787,0.0337728301186357,0.127075265521087,0.168989135304504,-0.0529639258646447,0.0926278814422887,0.0603542549916071,0.125371441580371,0.35199607692037,0.496978264905644,0.0940681177181718,0.0947581362869983,-0.035157288624717,-0.00847064000447862,-0.314992182903199,-0.316191821969632,-0.251904223811081,0.0727529020380752,-0.218318720420938,0.131767932126128,-0.0524340625008804,0.235625363019402,-0.230692025181174,-0.15721410604507,-0.0460134654770353,-0.0572452025266788,0.00557711218098564,-0.0994426262248691,-0.113715319455323,-0.208168045524037,-0.239649110634849,-0.155911252044737,-0.0799937787506641,0.091069165240863,0.0384803588707634,0.0806907121141502,0.163666908042366,0.0591935986903799,-0.289447401142054,-0.298733225833032,-0.0490214922945283,0.029193291978297,0.260604192255211,0.32321071042109,-0.201427416123925,-0.137973048539406,-0.368451658174232,-0.363353970186908,-0.0583023040355943,-0.0975784038782646,-0.217617223629928,0.00243041871868407,0.107820587363383,0.332399388968006,-0.0355116250051185,0.255078568197611,-0.123421794005663,-0.0812103706386212,0.192666820097841,0.148218393428279,0.234639948430013,0.332601325682046,0.312718902545793,0.554796266674566,0.176589534657661,0.318700838424443,0.16419252713098,0.231227358458901,-0.107870376921105,0.0617522592193608,-0.200707881032864,-0.125318220635521,-0.0551175581717501,0.0701409113434869,-0.165621453855495,-0.180073523126088,-0.201330288857329,-0.0433013533957397,-0.087474223818701,-0.0924970391577314,0.0823821326827829,0.0447671287748116,-0.0273183522380497,0.0477437420011508,-0.341546921608255,-0.238051313347294,-0.277493139035559,-0.131139859725489,-0.243234308359902,-0.26514675123584,-0.287437974462355,-0.093341170027726,0.043246470944292,0.0902275500437753,-0.101005376317408,-0.303847473897306
"Rolandic_Oper_L",0.446695764772166,0.553240235630779,-0.207295651710278,-0.399252001587086,-0.296211492015432,-0.25110664738154,-0.102527138770669,-0.157523594778865,-0.332680760734357,-0.182380242133467,0.281072748840086,0.46342952408364,0.128783086188504,0.197428505839957,0.0681478313256401,0.33971957305393,1,0.828358825411999,0.331532532287467,0.407981909785945,-0.239137439648527,-0.151250171002915,-0.164572087832683,-0.333409937354809,-0.317308213447996,-0.298390323789197,-0.208953970689447,-0.285394768376645,0.582913260867733,0.720700912638149,-0.0922181690100726,-0.246361752786411,0.217144921459383,0.0669477847051808,-0.293459003853572,-0.360485657518509,-0.144600658890946,-0.0513248185510329,0.0157948085689399,0.0676865374253967,0.268942444691804,0.425565380945971,-0.253799138436872,-0.156977745421271,0.01202896648719,-0.0174472645324431,0.105757267734694,0.0812568130713634,0.0348420778890983,-0.202811856814424,-0.123916285374576,-0.10555226650245,-0.100970950617764,-0.039111661100411,0.116022623738194,0.150634030955415,0.657550711022042,0.483795265411386,-0.0495979981906586,-0.167151457445989,0.0472657636366867,-0.140319925120839,0.564861831766185,0.420390070345601,-0.227088722537172,-0.319051900771935,-0.207251463829179,-0.270989899287759,0.197074935150854,0.237945694080505,-0.347834680690446,-0.351818559714429,0.252174747361583,0.47248762685469,0.191475041357803,0.370666452303073,-0.0984850497203106,-0.145906260890472,0.746363421951214,0.593786854875063,0.780851147497885,0.714532943661987,0.436216591591531,0.549026968961981,0.302559269667645,0.228682589672665,0.151206186020461,0.137351420471239,-0.0392398495665886,-0.0864700537022399,-0.21856643757789,-0.205200809877574,-0.457839563723503,-0.305922193555749,0.0980223626740565,-0.0315356541712253,0.0759365687719137,0.279063673485116,0.272766413911367,0.170404869066863,-0.220707940672058,-0.163576444376718,0.0938574592815086,-0.0264789794720043,-0.197821987645171,-0.172269514076495,0.000762960879235112,0.0422486068778952,0.141926664706859,0.0472114655034921,0.00221764678138859,0.157600636951394,-0.113793376738126,0.135108004298216,-0.0508932408621746,-0.128853168692235
