"","Precentral_L","Precentral_R","Frontal_Sup_L","Frontal_Sup_R","Frontal_Sup_Orb_L","Frontal_Sup_Orb_R","Frontal_Mid_L","Frontal_Mid_R","Frontal_Mid_Orb_L","Frontal_Mid_Orb_R","Frontal_Inf_Oper_L","Frontal_Inf_Oper_R","Frontal_Inf_Tri_L","Frontal_Inf_Tri_R","Frontal_Inf_Orb_L","Frontal_Inf_Orb_R","Rolandic_Oper_L","Rolandic_Oper_R","Supp_Motor_Area_L","Supp_Motor_Area_R","Olfactory_L","Olfactory_R","Frontal_Sup_Medial_L","Frontal_Sup_Medial_R","Frontal_Med_Orb_L","Frontal_Med_Orb_R","Rectus_L","Rectus_R","Insula_L","Insula_R","Cingulum_Ant_L","Cingulum_Ant_R","Cingulum_Mid_L","Cingulum_Mid_R","Cingulum_Post_L","Cingulum_Post_R","Hippocampus_L","Hippocampus_R","ParaHippocampal_L","ParaHippocampal_R","Amygdala_L","Amygdala_R","Calcarine_L","Calcarine_R","Cuneus_L","Cuneus_R","Lingual_L","Lingual_R","Occipital_Sup_L","Occipital_Sup_R","Occipital_Mid_L","Occipital_Mid_R","Occipital_Inf_L","Occipital_Inf_R","Fusiform_L","Fusiform_R","Postcentral_L","Postcentral_R","Parietal_Sup_L","Parietal_Sup_R","Parietal_Inf_L","Parietal_Inf_R","SupraMarginal_L","SupraMarginal_R","Angular_L","Angular_R","Precuneus_L","Precuneus_R","Paracentral_Lobule_L","Paracentral_Lobule_R","Caudate_L","Caudate_R","Putamen_L","Putamen_R","Pallidum_L","Pallidum_R","Thalamus_L","Thalamus_R","Heschl_L","Heschl_R","Temporal_Sup_L","Temporal_Sup_R","Temporal_Pole_Sup_L","Temporal_Pole_Sup_R","Temporal_Mid_L","Temporal_Mid_R","Temporal_Pole_Mid_L","Temporal_Pole_Mid_R","Temporal_Inf_L","Temporal_Inf_R","Cerebelum_Crus1_L","Cerebelum_Crus1_R","Cerebelum_Crus2_L","Cerebelum_Crus2_R","Cerebelum_3_L","Cerebelum_3_R","Cerebelum_4_5_L","Cerebelum_4_5_R","Cerebelum_6_L","Cerebelum_6_R","Cerebelum_7b_L","Cerebelum_7b_R","Cerebelum_8_L","Cerebelum_8_R","Cerebelum_9_L","Cerebelum_9_R","Cerebelum_10_L","Cerebelum_10_R","Vermis_1_2","Vermis_3","Vermis_4_5","Vermis_6","Vermis_7","Vermis_8","Vermis_9","Vermis_10"
"Precentral_L",1,0.656766683879506,0.158526962790879,-0.296039658680899,-0.108289986860359,-0.271629314564822,0.0341551766429243,-0.147774405133843,-0.0983608401080198,-0.138829104214854,0.557568206516942,0.236699893053796,0.269102198969371,0.145531901412814,0.0941786796512063,-0.00907009500580519,0.501748353502897,0.354165801440591,0.586346308242644,0.415988634912265,-0.25490688882823,-0.123781771308033,-0.162250486436328,-0.290469636796191,-0.266205782025442,-0.237551087738995,-0.12002023169912,-0.0787098537701652,0.271595956295614,0.170380073480834,-0.173635669010388,-0.296092361471279,0.174078564641171,-0.0882038207187271,-0.336133156071263,-0.400885943032073,-0.0959453371414798,-0.34298875428566,-0.0915540762077542,-0.144695506545102,0.156683198506215,0.0703509850587925,-0.135358190367319,-0.176963631473036,-0.230868043251409,-0.200056345264159,-0.122031411824474,-0.0829889180784575,-0.162538745636802,-0.0513609709560399,0.0354651575127817,-0.0809743757034431,0.116908433039982,0.104693233057682,-0.145964585328465,0.0686318090962621,0.736341043118467,0.53707577244269,0.248643995661821,0.00133259438737624,0.484173871715402,-0.0192637273879309,0.513462923329969,0.181339073553596,-0.144353935354997,-0.281600334691348,-0.282687837973214,-0.388514241872937,0.329002365671273,0.249426841916279,-0.132047090677778,-0.210499603336044,0.28461193314548,0.274473702379733,0.047527710369172,0.166860868298409,0.0547556479315033,0.00936911662339322,0.343323263599108,0.359201574259606,0.423540138791066,0.327979248566582,0.109457114747571,-0.0487032960345822,0.117046670637778,-0.0133115292002201,-0.0955948192519044,-0.0590980865332746,0.0213263885638654,0.0889531010989894,-0.201893754733942,-0.0287509548513922,-0.334886528748093,-0.203612272783575,-0.0906985408688573,-0.148116875742626,-0.0382218534294935,0.0279130335818796,-0.0181764919441396,0.182205438426434,-0.211321929426298,-0.00287594476432411,-0.0802633065218266,0.0432904344170401,-0.228762799937798,-0.0972981281564976,-0.127575777112509,-0.120124092174932,0.0237474455226581,0.00340188827500136,-0.159117750402447,-0.149375620382637,-0.108387112354429,0.0564863797072579,-0.154774830858993,-0.307029709248077
"Precentral_R",0.656766683879506,1,0.0732265728024891,-0.218046325988481,0.0456701035887073,-0.153246762351511,-0.0364705088484133,-0.229803645984615,0.0190001764647577,-0.223214671049221,0.265935549825571,0.268107875068189,0.0302154826986207,0.0205302036112721,0.0163375925652208,-0.0778725050300942,0.609426824334644,0.611578327827123,0.469077844404718,0.529072606335354,-0.167356239150207,-0.043409282603858,-0.231876575909165,-0.248785927983253,-0.106816909682587,-0.091321802529501,-0.0100015099829674,-0.04048558659719,0.338232170074799,0.412559447801832,-0.0203204101971513,-0.159592976867897,0.225527874271832,0.0722938358316708,-0.366922776363241,-0.392171943679922,-0.159400831121815,-0.337153522042079,0.0695409755828553,-0.00364832379255274,0.161997090410548,0.155661992325237,-0.179839272296833,-0.171964159481407,-0.104100454823274,-0.0700387827854881,-0.0214935546021941,0.00386395997835094,-0.101991662049465,-0.0489095119269249,-0.0992749119873946,-0.114027593978247,0.0241894332374738,0.0402138084045371,-0.106759018960914,-0.00150742688919633,0.764653822498214,0.784992019286747,0.105554595207631,-0.0572504762763917,0.187103659540556,-0.205785071332792,0.378010956116248,0.233534069573417,-0.389703440012826,-0.394002448247832,-0.303479739312342,-0.30075438008092,0.460239470120014,0.438162747199991,-0.145154461786417,-0.236424890478923,0.202137370603654,0.371546716124835,0.0471115371140942,0.138254389762355,-0.147702061758526,-0.0992112825762009,0.405233958709688,0.477258532265486,0.469145948609779,0.389339656227174,0.120530372546873,0.113428478099244,-0.065960098678013,-0.190354995120912,-0.209474270075046,-0.137825467672842,-0.219171205442703,-0.0922178802305624,-0.183280756272863,-0.0766903071634569,-0.256337363141516,-0.212670061471628,-0.0165476577470966,0.000238744668831272,0.0588243286295152,0.0560744488813283,0.133533274379293,0.11023560621707,-0.110908180349879,-0.149298758856357,0.0713538419276252,-0.00119713455845825,-0.19821258085941,-0.199646079466666,-0.12507684235664,-0.0782431677565111,0.0344365699217232,0.0745655532087842,-0.154549645580025,-0.0703124846182696,0.00660912725953348,0.0254238117317093,-0.261402685269241,-0.264565949343907
"Frontal_Sup_L",0.158526962790879,0.0732265728024891,1,0.268202826872323,0.522604237184314,0.171009591462089,0.672196177526384,-0.0354669573708201,0.379625036918894,0.215861341269659,0.145099890726423,-0.253344755394655,0.23657033693965,-0.0800255475456156,0.428598948427135,0.248391149865917,-0.0830976193354098,-0.0439766248558871,-0.0462837982812251,-0.0271834854377784,0.182020543492055,0.00978387554111474,0.666430504116959,0.569307148020716,0.412872541591408,0.40761417710832,0.34390177982269,0.217104253852689,-0.144894100495239,-0.156944468548474,0.201144331890752,0.306988471918068,0.0582939532023181,-0.102691709811868,0.183151212952941,-0.0826857046491223,-0.271171329964438,-0.396270197827445,0.0209391816949416,-0.0200979600956894,0.0194611016672936,-0.0583499919599324,-0.222085862426158,-0.285458798519789,-0.141212269557386,-0.0894571731922006,-0.215482634842245,-0.15876960967502,-0.182885103737043,-0.158450115086047,0.161998073639244,-0.040618921937666,0.0794575954855238,0.127919684319918,-0.0885143143567551,-0.0644771025512118,0.0300376978645212,-0.00959335290525942,-0.00143102044970426,-0.320522856837312,0.0891241294071212,-0.279764928020811,0.00142024376825043,-0.290050586118121,0.474589173109178,0.092760215523033,-0.052407283692518,-0.245988754396651,-0.0234547631760753,-0.0685625643546541,0.168741713611307,0.00363130483742169,0.141145512417711,0.0396742803008007,-0.0118266673955883,0.027721751864269,-0.205496577326586,-0.237578619836009,-0.0565723624582187,0.000334343949882398,-0.0773549194930029,0.0310422221164958,0.179304222102717,-0.062322974435628,0.427005246466344,0.1681526653766,0.272612588851367,0.204828533384997,0.0503672085603742,-0.00999348300081186,-0.465471897795602,-0.188886807476994,-0.30672320974628,0.124621719157648,-0.203702300342805,-0.240408267304935,-0.262836014335033,-0.136719364173921,-0.4123138143955,-0.25741303486241,-0.420370839360835,0.000687295752215096,-0.431328044092065,-0.192610190587313,-0.339108272899899,-0.0995113633089738,-0.347955811157204,-0.0199661168952829,-0.054790268592008,-0.210935373205137,-0.220045490070757,-0.413528975301199,-0.484430278767116,-0.0872421678041045,-0.110886958049963,-0.376839125307626
"Frontal_Sup_R",-0.296039658680899,-0.218046325988481,0.268202826872323,1,0.0700624976095215,0.273075217281709,0.416630740969951,0.589386522159393,0.0687697099700535,0.138665687782169,-0.2412500553004,-0.146311494904089,-0.0758809456260815,-0.152523128124862,-0.167101680803363,0.0384134139854537,-0.361992886723877,-0.19972195574407,-0.35071896742834,0.0166564443762921,0.0299811121519142,0.0441554286330664,0.279040871172339,0.484101027748087,0.255423116005054,0.283962491381769,0.0615705371699039,0.0605484726659863,-0.186466161025806,-0.225637702620231,0.0858773863339925,0.396482243074012,0.0404939363686516,0.384917293917281,0.264692575039805,0.231642645173877,-0.286770704554024,-0.304528707445964,-0.221056264814982,-0.0123788500536641,-0.341608291845464,-0.211700859214309,-0.216659308855475,-0.206273986818392,-0.00204820669037411,0.0627057884248163,-0.183788346208302,-0.136786816866447,-0.118346806322925,-0.0716112520375951,0.066113348125388,0.0633511104035187,-0.153151387111597,-0.118407108046415,-0.0298269019705348,-0.196869685534808,-0.30116943814086,-0.0725987224384735,0.0311219780345542,0.157680287926425,-0.0481331713835149,0.223753880345709,-0.332048574178769,-0.157710118360051,0.253922752754713,0.50333803396682,0.31322400104928,0.407338786941017,-0.146404768871492,-0.061121116525627,0.0148447948433188,0.205919300888465,-0.189703704247012,-0.142099160150595,-0.107890819720543,-0.0851753167833368,-0.243974306725848,-0.103180063121175,-0.238205611844306,-0.257262766025393,-0.299271371214121,-0.148960258734176,-0.213224142693987,-0.0214426582024773,0.012622009429316,0.105525630651117,-0.0117727304543788,0.107970842945117,-0.19397717148171,0.0776076354636724,-0.0624040830373145,-0.24124871244867,0.0816133860333953,-0.117866285182164,-0.103406154229364,-0.196080711859866,-0.115513919895259,-0.0803223491530449,-0.156595286662002,-0.274154474017706,-0.0384471012737466,-0.0710563784810403,-0.178290742311831,-0.193632508074232,-0.200036445188998,-0.0759901285490786,-0.194249057373113,-0.189924987320676,-0.22868204663989,-0.226400478990616,0.0282951506685144,-0.249895339392672,-0.195689660922077,-0.116498834465425,-0.0227090142422813,-0.208149729015588
"Frontal_Sup_Orb_L",-0.108289986860359,0.0456701035887073,0.522604237184314,0.0700624976095215,1,0.337001738866907,0.314802048106038,-0.168456488897159,0.639483663600172,0.17280389931965,-0.035872944230602,-0.27086229990781,0.0247763752455558,-0.110207202988019,0.392838583106995,0.378458474242303,-0.0516468880548739,0.00205908976573312,-0.24111244451699,-0.171626552238856,0.408887750310607,0.188672022919787,0.455007343012433,0.388532298212855,0.762943513750832,0.675609152908118,0.811769128280433,0.576787551065709,-0.111577480688179,-0.0102842953817866,0.323354495465921,0.361475702477773,-0.0471832808134038,-0.0746897661699452,0.225397206048132,0.133443603967097,-0.141917492197833,-0.15918506385773,0.202601662378351,0.0234266293859755,-0.0285555740094691,0.0483192428801146,-0.132692578588719,-0.200245388513748,0.034424800781984,-0.0221623207997387,-0.00256593672491487,-0.114533357003102,0.00282098963457557,-0.115595397823159,0.089257082226568,-0.0745337089462339,0.0330296849727206,0.0372270127408388,-0.0458628933882125,-0.153927375634251,-0.0328889340645785,-0.0820991461342777,-0.144486260911863,-0.227227850230792,-0.129082627870371,-0.229531803072143,-0.187643213541096,-0.254247609511101,0.315449101707569,0.0501147448251654,-0.0261311735984438,-0.0745974965486857,-0.178405984789159,-0.158300582258925,0.0587357584727622,-0.0630970447866492,0.0398056008379244,-0.0591713637974873,-0.0460899731915608,-0.025452165831985,-0.249893254178539,-0.292288140871034,-0.0376530864902546,-0.0599596761811334,-0.11455602485543,-0.00782339606947624,0.234446101302087,0.16524474042964,0.312794242139474,0.115336358905377,0.1599062231721,0.117418527416601,-0.0432991127976926,-0.177221088821306,-0.356886710838601,-0.22655461583302,-0.215059943887328,0.0123731152179054,-0.137358416921811,-0.0267464540213285,-0.140596221330069,-0.0560303686778443,-0.178223518193437,-0.206733040025752,-0.232011630097009,-0.128631409955591,-0.218587269287241,-0.000251971357089829,-0.164974390992587,-0.0956153985260436,-0.276929819153949,0.0809320046337274,-0.0414935261014789,-0.20864612856133,-0.141254489551453,-0.261788058443392,-0.379821459118852,-0.0700641253980033,-0.110458111688651,-0.236001829900378
"Frontal_Sup_Orb_R",-0.271629314564822,-0.153246762351511,0.171009591462089,0.273075217281709,0.337001738866907,1,0.206937234426402,0.330152065668586,0.422453550127012,0.694254649706571,-0.111032980697169,0.0252092096726813,0.145007221298238,0.0728310482935378,0.263252592895667,0.304520439381741,-0.213078940555839,-0.160178112267535,-0.408329858203402,-0.357914621733248,0.198304802879632,0.165775220034845,0.175149062197878,0.274515491849488,0.243138221426795,0.552221041572039,0.239305756947077,0.488187008894878,-0.0668250478775001,-0.0584265303080315,0.108184316910186,0.299085402056316,-0.24976082904052,-0.0708916585594151,0.0764228409885532,0.113688204867288,-0.223473486663098,-0.16957002432024,-0.0649326765864553,-0.0660088005948128,-0.119213664753996,0.0364292167374732,-0.0376023186764585,-0.0325814716217429,0.0895426265990917,0.159589915089656,0.024754797320571,0.0141717200719596,0.0809585510802131,0.0226592903970405,0.116844112562871,-0.0274540315484539,0.147161822104152,0.0861680693020388,0.0568922337056028,-0.0812029868676385,-0.231756691992692,-0.199601137518662,-0.0489407829001721,-0.00340799026197874,0.0432243109864821,0.247452177317146,-0.228048640453484,-0.17237602133817,0.239678497662404,0.211829912889654,-0.116399220772342,0.00398261316622181,-0.188788776795603,-0.268597527522715,0.0611443948187789,0.0713646402111856,0.00428648175937994,-0.00649044845443918,0.00128762870721958,0.0344274108377819,-0.169327234034999,-0.0923405116502408,-0.229764332781206,-0.139052330339442,-0.256400978436278,-0.194662189892696,-0.0616503370553801,0.0479063581607269,0.000972890439863944,-0.134802244181563,-0.179939888866234,-0.0496205808232693,-0.0666331965339895,-0.0273721361471684,-0.0953224890868328,-0.209217363961739,0.0684923175190341,-0.0468601604274305,-0.137650866670946,-0.240876820251657,-0.00721518101073317,-0.122339277078822,-0.0237245742089962,-0.125631752779791,-0.0448887620010422,-0.0178074619168832,-0.0672990743279453,0.0155915964272285,-0.141923728586731,-0.15499017845472,-0.207680506938727,-0.103359252877714,-0.248127733622042,-0.0986787023210321,-0.0614621354600361,-0.0965521301567829,-0.065788513181292,0.0333730220337617,0.0177547107090396,-0.230987819401721
"Frontal_Mid_L",0.0341551766429243,-0.0364705088484133,0.672196177526384,0.416630740969951,0.314802048106038,0.206937234426402,1,0.262373414369248,0.427288735690942,0.16198188444566,0.214639332643663,-0.14825317819498,0.436918017743097,-0.165494653377593,0.379863912237736,0.148854470449827,-0.179545840868601,-0.111744120383709,-0.0862906457150519,-0.0486777934050879,-0.0364767275848758,-0.0940081119400394,0.406496991805738,0.241528598483394,0.196560360466387,0.150939333824759,0.155019399601934,0.1677096740276,-0.110472074303217,-0.138260902547154,0.192948808932836,0.294603959993176,0.0933286396546395,0.0353280698490284,0.103007443348297,-0.120010215823285,-0.509950739358151,-0.436580754839991,-0.100766175545923,-0.15462356989696,-0.229368110253132,-0.219201301083112,-0.0767381713219213,-0.15201815758333,0.140743291753971,0.136202535108448,-0.148398954355372,-0.143796000845759,0.00292376890343628,-0.105351502026893,0.139125650203575,-0.0848924652942316,0.00932363379224967,0.0805666375762277,-0.124141348858285,-0.208422312031027,-0.144888540559843,0.00289664475155063,0.144619326619828,-0.110978379005639,0.326049485998026,0.0058581554205958,0.0252032099817083,-0.060019652996049,0.406034697198346,0.0492239028131323,0.0902304345773043,-0.0893968067366675,-0.14424968922497,-0.175410963527525,0.103203545888509,0.080676260199374,0.00969328600675096,-0.0353241015654879,-0.0541237132621757,-0.0248038622905406,-0.301662061629997,-0.299855426918629,-0.208238443047439,-0.167773410626046,-0.159185824629533,-0.0636032140421903,0.142181325993433,-0.00382472091455641,0.212682496951933,-0.0247883384455322,0.124589631874368,-0.000118742628169196,-0.0476384666569232,-0.147289819052016,-0.369604381714838,-0.0620349848562486,-0.232233099245117,0.104990018112164,-0.228114154918935,-0.31872099567404,-0.315565645006346,-0.153879738513336,-0.351935739721895,-0.335144908049674,-0.271801593589988,0.0795994285706236,-0.394123068674037,-0.180772894491624,-0.374323367001227,-0.111031372722435,-0.252776733054005,0.001472363712471,-0.252126844830494,-0.254940455185777,-0.227746797952244,-0.373855826028293,-0.368202656513111,-0.215425542827224,-0.16394919448606,-0.272223633157662
"Frontal_Mid_R",-0.147774405133843,-0.229803645984615,-0.0354669573708201,0.589386522159393,-0.168456488897159,0.330152065668586,0.262373414369248,1,0.147392127715927,0.394352647043911,0.0208829598529303,0.296026773723551,0.241192831681442,0.285485227687506,0.0733358753236886,0.227483138163353,-0.262358971079382,-0.177316817284374,-0.147063567160845,-0.06462249052308,-0.0686620019667394,0.00819815192805784,0.092759603775868,0.158060332321351,-0.105931340608368,0.0286448733895601,-0.3113997574225,-0.145378136054017,0.140176921740366,-0.0229697335549753,0.189801600793286,0.358441982323774,-0.100021578886749,0.214375037275987,-0.0476534765613902,0.0478914771114391,-0.322445109936387,-0.239509530151128,-0.272766109111997,-0.148567946854927,-0.223846998742929,-0.208839780814135,-0.15717966532918,-0.171239756830051,0.0330803769132257,0.0626371466979484,-0.164711968095355,-0.217908671364861,-0.0547214615498127,0.00275088672203951,-0.0427198662881453,-0.000377749488129107,-0.0815482924461841,-0.0633283216245947,-0.172854278776879,-0.230115157295548,-0.294105240294745,-0.134753871665906,-0.00892254090447854,0.285113324998187,0.129256287961278,0.557424147070562,-0.116693883642347,0.0492176891752984,0.0930017305537129,0.365884512913543,0.0147850997272947,0.216217793595201,-0.23906153338507,-0.158552250931104,0.0133299192761932,0.205488035425836,-0.0627569743942553,-0.00292456407501053,-0.00615528234419018,-0.0518656926665948,-0.0651352976534874,0.0353446372880483,-0.286872452891161,-0.255888835104259,-0.264236015727162,-0.223493613511027,-0.0166842175180908,0.000115073646208098,-0.157627741228101,-0.0485011461578126,-0.126601269799201,-0.063877818211227,-0.183382558679365,-0.0296230611171309,0.00382562847452677,-0.272590456037542,0.115056694831648,-0.189796031393236,-0.193169006663449,-0.259455625522165,-0.232481398231521,-0.272647008858319,-0.169328977817027,-0.280969545303818,0.0110498213043073,-0.0934233231208036,-0.191702721133988,-0.191869557966904,-0.191901921037467,-0.120197286589294,-0.0708997840090111,-0.366531965560726,-0.243214569606867,-0.186028318441553,-0.136869486425173,-0.168284705417317,0.0209606171092676,-0.0392970198360185,0.0267367812473208,-0.0950368064140891
"Frontal_Mid_Orb_L",-0.0983608401080198,0.0190001764647577,0.379625036918894,0.0687697099700535,0.639483663600172,0.422453550127012,0.427288735690942,0.147392127715927,1,0.383897039814138,0.160923482230941,-0.0572441161963839,0.361253725507219,0.0323570547779027,0.569239007380333,0.34073415671728,-0.0637096217736923,-0.00936396159060741,-0.270076651938496,-0.235882460104098,0.209835631193035,0.103902583133908,0.249654548671791,0.271202000073881,0.389808143386947,0.447569622724938,0.370048341546111,0.42707117060098,-0.0718780727633116,0.00917577417556581,0.192340067469804,0.358368027006426,-0.219430005381008,-0.152646781227598,0.0657413070043245,0.0377965512937749,-0.358178140781316,-0.166191499381584,0.0207779093000416,-0.110753028191639,-0.080506279465044,-0.0748114326287051,-0.194834872942258,-0.24216871504522,0.11397587582887,0.0802871044976448,-0.0997535692480222,-0.191339260149916,0.0121571212668863,-0.077253707795075,0.0182373914163434,-0.0712249606643744,0.0600853305329142,-0.0478238367306986,-0.154261077605467,-0.224003886629397,-0.0661385488937751,-0.0484282098400032,-0.108346814799408,-0.201881004992711,0.128174042176926,0.0294509550272507,-0.0981119721361065,-0.122285717150133,0.300180378743585,0.023935710431417,-0.187555352991012,-0.150051322662959,-0.324428536551544,-0.288312057110808,0.0453000643703004,0.0554597757327949,0.0193406379383743,-0.0335448479052796,-0.0598808812394069,-0.0863672625822336,-0.270874530791946,-0.277416006167761,-0.102516083446571,-0.0600772491089527,-0.0792718946455613,0.0232668914995528,0.179677758962533,0.0405532455921303,0.170955041283046,-0.0404573575004883,-0.0611929404262554,-0.11294058177867,-0.0854443355094747,-0.245788155288119,-0.313771605675303,-0.258197303814507,-0.101699536438683,0.012197161821499,-0.146367925976666,-3.15405389923072e-05,-0.16386942242531,-0.0831739836410405,-0.178776156109545,-0.28751446215536,-0.180820257653546,-0.0723738322984111,-0.215684794335417,0.0224800073495143,-0.200374015419872,-0.113313584324151,-0.197603705016324,0.132627787346838,-0.0233143142083915,-0.106250651647462,-0.1473461544225,-0.286113244079523,-0.314248131452389,-0.114226811603269,-0.0494358838170668,-0.235896380665517
"Frontal_Mid_Orb_R",-0.138829104214854,-0.223214671049221,0.215861341269659,0.138665687782169,0.17280389931965,0.694254649706571,0.16198188444566,0.394352647043911,0.383897039814138,1,0.175088286050238,0.0992535381825991,0.347404806115643,0.259731676123628,0.422463859188757,0.345918880464214,-0.132957222804889,-0.176449158576077,-0.274365964822965,-0.363888368272635,0.0241178933193831,-0.0562130321061495,0.277786582200028,0.336511859816275,0.131229033468539,0.359062256433821,-0.0130434618894663,0.103023967554198,-0.0194681787835906,-0.127163175043896,0.0149018045353714,0.174791956103388,-0.308162347427849,-0.171637441396454,0.0604765275644209,0.0271131783983417,-0.22059206236637,-0.120271117841902,-0.0339227209842925,-0.0153655036465951,0.00375002241789387,-0.00783831982489193,-0.0209057384339513,-0.0674165573558562,-0.0255809036154804,0.0386153937351462,0.000376493520428628,-0.0625211700586386,0.0110189418625037,0.014099929900546,0.093180460880702,0.0104619829965719,0.137073022601025,0.108637840745081,0.0769324662671478,0.021161013771726,-0.229206768239673,-0.200111345452668,-0.154005177761352,-0.0646975179648233,0.200110136222976,0.34003068681272,-0.12829772146497,-0.15522689980124,0.321307767869517,0.276997516171953,-0.130018106870249,-0.0490096038931208,-0.119265325190098,-0.18265725213693,0.0286274344179565,-0.0356153150303188,0.0224617764040607,-0.0267694917834263,0.0477182709430529,-0.0854244398044334,-0.121725517749169,-0.0924464511099676,-0.239744284038199,-0.135911098163709,-0.242639812778766,-0.0728505424390182,0.0452522175502098,-0.00284000878692963,0.198553873953735,0.0986405899011372,-0.000673594517407464,0.110370473432702,0.146832494603264,0.14218208840274,-0.149098032662608,-0.217656091702383,0.0542326858024565,0.0526992319111297,-0.230366012576627,-0.213683700106751,-0.0798847528398411,-0.097060418558763,-0.136476971709205,-0.137427763797933,-0.200982255963498,0.0676725638634902,-0.289600686478336,-0.106031605671791,-0.26764278783621,-0.205399328846478,-0.155836520738643,-0.112019287747939,-0.224140330180599,-0.14915528190977,-0.0730521811220607,-0.192367769165715,-0.0734209643967748,-0.0252758955490064,0.0123669999104142,-0.285399572655203
"Frontal_Inf_Oper_L",0.557568206516942,0.265935549825571,0.145099890726423,-0.2412500553004,-0.035872944230602,-0.111032980697169,0.214639332643663,0.0208829598529303,0.160923482230941,0.175088286050238,1,0.377943608425832,0.725876657900425,0.368318828307947,0.412287094561423,0.216570319761913,0.341636737920975,0.185492056789573,0.165043673291715,-0.0749183579919857,-0.256956111501707,-0.349817727360648,0.00529192183189695,-0.168860462144926,-0.195687731185217,-0.200258721155047,-0.135435386288327,-0.132887161103039,0.148388715015821,0.0447780844832912,-0.127968065761925,-0.21463506796245,-0.0901214281370133,-0.195928592715833,-0.197904775833985,-0.283522107512787,-0.182616395010014,-0.207733644145437,-0.00706140475776745,-0.0945131360390923,0.101031517094146,-0.002638491901133,0.00233115746778785,-0.0275243930668531,-0.152160686860454,-0.0828702778386634,-0.045826336652135,-0.0202508683165983,-0.0423018865199007,0.0569865354447647,0.10584315877109,0.0472443918362957,0.0999783922552937,0.116798899743103,-0.00627816949711136,0.122592375434846,0.288495360186552,0.248045223121674,0.135571290911058,-0.0379225804929399,0.560178208733374,0.167272974512838,0.42622737333077,0.26210155475725,0.0981708115805891,-0.1036776955093,-0.308880293967745,-0.358398500759971,-0.0520840044188783,-0.11186955934106,-0.0795747335309393,-0.256900173786918,0.114132921214738,0.041735530843031,0.069109696019034,0.00244763179655976,0.0232381491025937,-0.0529032023464206,0.0915090331564238,0.176161937454104,0.221501364302731,0.268822640538449,0.242455360479305,0.0349545890004682,0.28023461579792,0.0497938043183876,0.0917344232815303,0.0652491588465669,0.237091105084621,0.137154219004247,-0.146593636804279,-0.00366850498971035,-0.146753037474911,-0.00321689837906512,-0.299348223015705,-0.161320754335051,-0.132702659015331,-0.0698459221681675,-0.0766504538970094,0.0022307286196027,-0.220189223573079,0.103447830835406,-0.264117318996397,-0.0935542546121691,-0.199763578158754,-0.0569845247585093,-0.181732084364645,-0.15118682924785,-0.214476878904264,-0.164955322661581,-0.0934649169777523,-0.187738788180212,-0.126180461851205,-0.0326838972279851,-0.13679183934522,-0.27752390669416
"Frontal_Inf_Oper_R",0.236699893053796,0.268107875068189,-0.253344755394655,-0.146311494904089,-0.27086229990781,0.0252092096726813,-0.14825317819498,0.296026773723551,-0.0572441161963839,0.0992535381825991,0.377943608425832,1,0.236103056487025,0.623212655460165,0.156184342100499,0.277930024200738,0.369120798802756,0.388173978141596,0.168349134969961,0.137216151381174,-0.240705974566619,-0.0422051253573607,-0.23294591602591,-0.306020192012678,-0.339588976331899,-0.166157039864369,-0.352635081762837,-0.23889442615301,0.507371933968472,0.536340332583042,0.132613992146529,0.000135275971581713,0.0116790305724456,0.0549207815449277,-0.437731047777312,-0.263500384586642,-0.123588821406736,-0.158296809400535,-0.0342602953807066,-0.10401541293444,0.169607528418603,0.149398000932666,-0.0598727946488653,-0.0331566056684354,-0.00364079948402326,-0.0291678169714587,-0.0515055231543025,-0.0649781065779594,-0.0398653077077765,-0.0288973544559154,-0.20015563792829,-0.0308247504618261,0.0020639473112854,-0.057095523417416,-0.142145427533713,-0.0385021414412386,0.149476848190451,0.278856680613394,-0.0828920907231741,0.0620088313255659,0.187332484408625,0.232341649955693,0.486810995758709,0.54206418231271,-0.25058508711513,-0.205409657234717,-0.273467886319007,-0.124667670925639,-0.135565001361506,-0.151221458806912,-0.0248670757074857,0.0424571440041185,0.247091401879982,0.416811082229341,0.183692022429283,0.206473752515812,0.116432655556438,0.254850554515722,0.1327456667982,0.188462497447138,0.255267879371977,0.127137817923875,0.178153820914121,0.137845659969902,-0.163066985688316,-0.219256342472957,-0.217066416865403,-0.284914080222683,-0.182053358410041,-0.153552242194001,-0.0528287623261092,-0.190124221461876,-0.0930762949825813,-0.356735774366826,-0.215153532277786,-0.0474413217173735,-0.147988363628447,-0.0507976129622871,0.153771384770138,0.0398402754247753,-0.0147472262031628,-0.242105557108577,-0.0608480763488914,-0.18955775790991,-0.193866097538045,-0.277583732017504,-0.0374846281237337,-0.308151115609283,-0.114116465371509,-0.0988369019473782,-0.187558064727757,0.0254333750567588,0.11437126787444,-0.0491806658536307,-0.257791826544808,-0.166407864949548
"Frontal_Inf_Tri_L",0.269102198969371,0.0302154826986207,0.23657033693965,-0.0758809456260815,0.0247763752455558,0.145007221298238,0.436918017743097,0.241192831681442,0.361253725507219,0.347404806115643,0.725876657900425,0.236103056487025,1,0.409012828544822,0.604166483588898,0.341367877282393,-0.00924940589862036,-0.117724046276636,-0.017630542878461,-0.145765828875078,-0.139646947072103,-0.147122794869502,0.149162813123033,-0.0214498400974826,-0.131698332783012,-0.0715455561658605,-0.135010516409717,-0.037753103431308,0.0639534674845186,-0.0614215202093598,0.0407853976954464,0.0135343407982069,-0.179323335790646,-0.235798108942007,-0.126453210808163,-0.225836426410995,-0.300588914931257,-0.245327363512655,-0.0533403375912993,-0.0721342442571892,0.109383359898822,0.0201854843400645,0.0693387862925289,0.00056426536184064,0.0203842765079814,0.0891061896370101,-0.00855061759158679,0.00155365435124063,0.0629530854440732,0.0664715530166311,0.0973961602057898,-0.031386343332746,0.179035112539544,0.0971944806662776,-0.0215238388505306,0.0504214194668187,0.00705446428036153,-0.00477199780147979,0.155608790576316,-0.0859120774288872,0.541834751275672,0.183925971269853,0.196453860975289,0.0600979765229351,0.170932833077871,-0.0484281791809822,-0.330195882035839,-0.372778124688819,-0.178342945061314,-0.233373874289918,0.0121792615174905,-0.0610515151035093,0.106825591430581,-0.0254116576711161,0.0710677217741252,-0.0337319837204815,-0.0576274890155048,-0.103759291112511,-0.107726967702437,-0.00257271758096733,0.0403539519407413,0.100513571159938,0.349654136462325,0.128561940098613,0.338204157159713,0.00224870930944419,0.257137570014527,0.130642293460455,0.307145299339359,0.091501007179779,-0.26088922788344,-0.0878979053980579,-0.169032935195765,0.0937836689887347,-0.283892804406833,-0.282144849616886,-0.237985309240519,-0.0987021351055522,-0.22035888437775,-0.208762479442452,-0.257331824697536,0.16299323799084,-0.320877852457674,-0.142316596547307,-0.407701650993464,-0.155742324346547,-0.27035951719015,-0.132708802109152,-0.329957679188482,-0.161981489902916,-0.143708695512643,-0.209040771265063,-0.155236274493461,-0.0517997670268652,-0.0564168964833346,-0.309722850329389
"Frontal_Inf_Tri_R",0.145531901412814,0.0205302036112721,-0.0800255475456156,-0.152523128124862,-0.110207202988019,0.0728310482935378,-0.165494653377593,0.285485227687506,0.0323570547779027,0.259731676123628,0.368318828307947,0.623212655460165,0.409012828544822,1,0.258677250900517,0.52755879058212,0.0668525926010587,0.0156529615585033,-0.0858479837291686,-0.0505401040742612,-0.0408353809962615,0.0011409538793401,0.0683605128618042,0.0333010274903369,-0.117390244642001,0.0312455664716243,-0.229900371109442,-0.18683929535273,0.244618583192215,0.147182644011637,0.105036550915391,0.00488438070597587,-0.192620390448955,-0.10892239244529,-0.149139719190086,-0.00493485468118495,0.0498512764529645,-0.000708322833966065,0.0459884839215801,0.121867516315927,0.234579810888973,0.114848014401745,-0.0338376116549747,-0.0759965812285597,-0.0658940278600927,-0.0111270080743679,-0.0606177559287185,-0.0671820493904177,-0.0728985841398188,-0.0120534604996875,-0.0357865157210025,0.0419202554172874,0.0932010009115944,-0.0382650750059922,0.00806435296345479,0.108850633406525,-0.0458340414904644,-0.0653138626050856,-0.118281500247807,0.0154646821903428,0.11938562541605,0.200153139809979,0.141808205232907,0.150921865180929,0.0194034380452987,0.135421578241502,-0.242925708260362,-0.0964999913682306,-0.212475540010153,-0.220146987126695,0.0249387913921806,0.00114578846844629,0.183393494708977,0.134839170523263,0.184641054616044,0.100762959660405,0.16008934575525,0.217151798324907,0.018951460577847,0.136014201962861,0.0587088610659992,0.215956645231599,0.223212735004819,0.0895992084972206,0.0924716751562331,0.239635011634815,0.120138317868152,0.106566759049823,0.0925877800520034,0.0535893714896727,-0.0795914133767969,-0.245033786434037,-0.0252811419290704,-0.16232775943543,-0.29986376375247,-0.0708957539742574,-0.22797903125282,-0.0816280615814196,-0.0918766227585663,-0.172336427257976,-0.0886861244824755,-0.0809751909956841,-0.289911432577392,-0.25341509493141,-0.257581092639172,-0.22583216779021,-0.21601857639862,-0.386553037208589,-0.142163072873666,-0.133608597769111,-0.154465130640835,-0.12937100887551,-0.0747422929873623,-0.0831664917715061,-0.173225766192566,-0.166223997572202
"Frontal_Inf_Orb_L",0.0941786796512063,0.0163375925652208,0.428598948427135,-0.167101680803363,0.392838583106995,0.263252592895667,0.379863912237736,0.0733358753236886,0.569239007380333,0.422463859188757,0.412287094561423,0.156184342100499,0.604166483588898,0.258677250900517,1,0.615606256444278,0.0537707234245774,0.0472378933755667,-0.0155315522602378,-0.144248846694527,0.196840978478291,0.141632185641071,0.362012689572008,0.128303779583525,0.171839684869018,0.297488759916693,0.156108889141488,0.223435443853911,0.239351034895367,0.204121881931513,0.403262242338209,0.375990922871835,-0.0913072108686841,-0.194381559111673,-0.070628506071126,-0.176804653887644,-0.261660779218557,-0.172227950733403,0.157854940240497,0.0382178479403424,0.245295152150595,0.117513562921491,-0.178585190116761,-0.294386322085026,-0.0614051800344812,-0.102169580554473,-0.111323802863044,-0.231091594113057,-0.127423469722299,-0.180069627472666,-0.0337453836628787,-0.159205298571226,0.127844949509854,0.13830102500653,-0.148888662219678,-0.0597648574300564,-0.0271495295781452,-0.0259472803876497,-0.168117860337156,-0.30617280504713,0.163736572621732,-0.0270218334539882,0.182099725773355,0.0749544642425412,0.210740551692181,-0.121874577898442,-0.379214309962015,-0.440033270328415,-0.264369460031147,-0.320564276186197,0.132660640462787,0.0551722760440363,0.202858107637854,0.148312377345308,0.0353584811017383,-0.00299749657220677,-0.102238572576747,-0.18021732836146,-0.0711627410928131,0.00761458058744481,0.0171498349567489,0.0845725848083519,0.652577686793712,0.265805741095912,0.357384701540708,0.0312668903797798,0.284497490387735,0.186353487193088,0.096079572300525,-0.15051424310407,-0.383206515453727,-0.223516407154176,-0.246245838265264,0.0272659767052402,-0.15846473538611,-0.108372260949355,-0.212149325156716,-0.121158058181159,-0.24293842777,-0.274103419429269,-0.337820701475229,-0.0787751909012917,-0.332345393633201,-0.153557528392808,-0.43160781417932,-0.247657418000849,-0.233760150508987,-0.143514809203004,-0.115910176460903,-0.172820727182798,-0.274776996399848,-0.352494472415295,-0.226433286559167,-0.0989632843329918,-0.146481495750703,-0.378902410882681
"Frontal_Inf_Orb_R",-0.00907009500580519,-0.0778725050300942,0.248391149865917,0.0384134139854537,0.378458474242303,0.304520439381741,0.148854470449827,0.227483138163353,0.34073415671728,0.345918880464214,0.216570319761913,0.277930024200738,0.341367877282393,0.52755879058212,0.615606256444278,1,-0.0832390559721813,-0.0459860041663009,-0.116484672724903,-0.0488513897237811,0.151564051264623,0.186315515196617,0.362232877136785,0.281570471306503,0.231376294017858,0.340175742191208,0.226078007272879,0.283806511035629,0.165371085617304,0.209766906437261,0.410491835256565,0.377571657251454,-0.132192985024694,-0.0511265585699497,-0.126588187898885,-0.105121674664299,-0.0752163607838096,-0.0414414040734796,0.166068236768072,0.146571217411753,0.23386345511276,0.208025452787899,-0.107246918801217,-0.210294234155473,-0.0517333186069864,-0.0770721382815746,-0.0561966514871363,-0.150038448717674,-0.106049008020106,-0.142970126164856,-0.0453871134569692,-0.156481071477552,0.0335809373259102,0.00503947291376204,-0.0402738269768127,0.00834206361146958,-0.154765544124528,-0.117576334459583,-0.234500006973924,-0.137453196593929,-0.0647407816593331,0.0270093071393589,0.0799532782121262,0.132555809303445,0.0759295551589591,0.0111313779079678,-0.387012692746485,-0.243257406284125,-0.286797175041823,-0.385287112098344,0.0368472819876957,0.0888727262953261,0.186710147268256,0.172297671861422,0.128772360017862,0.0873971078198278,0.0168756335331167,0.067459094927935,-0.136683162662151,0.0389998070163806,-0.0109721653724042,0.166454977086791,0.494469442200573,0.400043264785754,0.204879890283158,0.257006896919689,0.210367367397085,0.297391671810502,-0.0955101069360469,-0.101293269807539,-0.212195194265668,-0.278150402310817,-0.0908136197051955,-0.130420404690492,-0.198942695847459,-0.113109656282177,-0.203082889918691,-0.0934077488015735,-0.150859279549143,-0.276164268777924,-0.194820713862282,-0.17373156624314,-0.317886778323145,-0.209347491153347,-0.477567299381384,-0.372457653066239,-0.327377625061958,-0.244845996267019,-0.230051653662855,-0.29605447715962,-0.334957973112785,-0.303665174119237,-0.228203842749726,-0.109421259697675,-0.253658648791525,-0.384627382722577
"Rolandic_Oper_L",0.501748353502897,0.609426824334644,-0.0830976193354098,-0.361992886723877,-0.0516468880548739,-0.213078940555839,-0.179545840868601,-0.262358971079382,-0.0637096217736923,-0.132957222804889,0.341636737920975,0.369120798802756,-0.00924940589862036,0.0668525926010587,0.0537707234245774,-0.0832390559721813,1,0.833819141440648,0.436617775727017,0.286010740266954,-0.187514632761101,-0.238267896529464,-0.228759788859968,-0.30705858269669,-0.210680432714751,-0.219750298044133,-0.0286198825576742,-0.159448788401703,0.620738067880082,0.651586385690762,0.0180678755575913,-0.173818947946191,0.24236953436859,0.0630954362051469,-0.443125779177512,-0.395683814372934,-0.0616634630135844,-0.223790783064971,0.00141968792085859,-0.122945046175662,0.245157342859048,0.209115498908882,-0.117107924595711,-0.0316902317476483,-0.107537786590528,-0.119040877014347,-0.0353211539266107,0.0164023995427581,-0.158526635409376,-0.213522182287241,-0.229613690651537,-0.141548653820779,-0.0528641761146564,0.0491638285121071,-0.159884176649329,-0.0933292396663626,0.67989398757104,0.580082407774939,-0.120301896972484,-0.16999223751757,0.132648482100209,-0.146373628341938,0.633580894180547,0.460459682905325,-0.284819506996235,-0.378084847587314,-0.319989677717733,-0.325832026000196,0.24696521466565,0.150236573771754,-0.175845542762572,-0.305598105124517,0.298762060185832,0.490325961060575,0.22273878777592,0.163756008733391,0.054742749667855,0.0583155466076316,0.692624582116145,0.614468246928431,0.741718412357224,0.481106777099132,0.18944094570122,0.146433787616579,0.000773208743968654,-0.115844733151572,-0.242054105302471,-0.223225793553967,-0.228543937813152,-0.229039467122113,-0.194175082950596,-0.146302373318704,-0.297622322008415,-0.270905789701372,-0.0194768712171293,-0.0119958180885141,-0.00896652607967113,0.0363075145858668,0.122817697786894,0.217132807209745,-0.166363713426665,-0.233280710313001,0.0207660831334691,-0.0231602303016692,-0.024181463605733,-0.128801338051846,-0.0602680264155665,-0.0300192893195659,0.075241693150657,0.105517987642282,-0.0908276314612256,0.0250591741193773,0.0454787722207437,0.0478164322191063,-0.207013861912386,-0.113644807335469
