"","Precentral_L","Precentral_R","Frontal_Sup_L","Frontal_Sup_R","Frontal_Sup_Orb_L","Frontal_Sup_Orb_R","Frontal_Mid_L","Frontal_Mid_R","Frontal_Mid_Orb_L","Frontal_Mid_Orb_R","Frontal_Inf_Oper_L","Frontal_Inf_Oper_R","Frontal_Inf_Tri_L","Frontal_Inf_Tri_R","Frontal_Inf_Orb_L","Frontal_Inf_Orb_R","Rolandic_Oper_L","Rolandic_Oper_R","Supp_Motor_Area_L","Supp_Motor_Area_R","Olfactory_L","Olfactory_R","Frontal_Sup_Medial_L","Frontal_Sup_Medial_R","Frontal_Med_Orb_L","Frontal_Med_Orb_R","Rectus_L","Rectus_R","Insula_L","Insula_R","Cingulum_Ant_L","Cingulum_Ant_R","Cingulum_Mid_L","Cingulum_Mid_R","Cingulum_Post_L","Cingulum_Post_R","Hippocampus_L","Hippocampus_R","ParaHippocampal_L","ParaHippocampal_R","Amygdala_L","Amygdala_R","Calcarine_L","Calcarine_R","Cuneus_L","Cuneus_R","Lingual_L","Lingual_R","Occipital_Sup_L","Occipital_Sup_R","Occipital_Mid_L","Occipital_Mid_R","Occipital_Inf_L","Occipital_Inf_R","Fusiform_L","Fusiform_R","Postcentral_L","Postcentral_R","Parietal_Sup_L","Parietal_Sup_R","Parietal_Inf_L","Parietal_Inf_R","SupraMarginal_L","SupraMarginal_R","Angular_L","Angular_R","Precuneus_L","Precuneus_R","Paracentral_Lobule_L","Paracentral_Lobule_R","Caudate_L","Caudate_R","Putamen_L","Putamen_R","Pallidum_L","Pallidum_R","Thalamus_L","Thalamus_R","Heschl_L","Heschl_R","Temporal_Sup_L","Temporal_Sup_R","Temporal_Pole_Sup_L","Temporal_Pole_Sup_R","Temporal_Mid_L","Temporal_Mid_R","Temporal_Pole_Mid_L","Temporal_Pole_Mid_R","Temporal_Inf_L","Temporal_Inf_R","Cerebelum_Crus1_L","Cerebelum_Crus1_R","Cerebelum_Crus2_L","Cerebelum_Crus2_R","Cerebelum_3_L","Cerebelum_3_R","Cerebelum_4_5_L","Cerebelum_4_5_R","Cerebelum_6_L","Cerebelum_6_R","Cerebelum_7b_L","Cerebelum_7b_R","Cerebelum_8_L","Cerebelum_8_R","Cerebelum_9_L","Cerebelum_9_R","Cerebelum_10_L","Cerebelum_10_R","Vermis_1_2","Vermis_3","Vermis_4_5","Vermis_6","Vermis_7","Vermis_8","Vermis_9","Vermis_10"
"Precentral_L",1,0.605016400571136,0.0269856561709679,0.0251404637607516,-0.0415225344873816,-0.0878457114398558,0.0475376118751783,0.180088039106961,0.0414099884321615,-0.048731017052724,0.481231119093156,0.559829076483973,0.214682969508832,0.266629395977806,0.0681069893060806,0.0775454031191299,0.561692953369414,0.414523348579161,0.548326058717023,0.522320031299418,-0.229684224439235,-0.194712397872488,-0.157747789668354,-0.0708270053128701,-0.265527806573345,-0.166022000471049,-0.0374791166147074,-0.0869666211961665,0.2743321272799,0.283333115361409,-0.316617684488283,-0.213234878124216,0.0991936463125908,0.212216137989686,-0.264042918889358,-0.31647690274811,-0.213578188718766,-0.23481616878738,-0.27287610107164,-0.193786746754502,0.00938430646694304,0.0413192981070231,-0.287106593294905,-0.19353556998517,-0.274043556103648,-0.166961216103593,-0.146129225215123,-0.114120481430829,-0.158351161589364,-0.094282891922755,0.0288479977510244,-0.134200026928882,0.122280965813253,-0.0405776513238313,-0.146407767725046,-0.10026686263415,0.670841321584199,0.538532292241639,0.162254351990568,0.0286743875556963,0.369839142608944,0.166942458716722,0.490975318302343,0.265716442564279,-0.304921586732417,-0.277863261260093,-0.427520528852273,-0.388160675274704,0.215174164009032,0.109452115102729,-0.198498807442379,-0.111014603668415,0.153590391295854,0.207447312058125,0.0509739621342942,0.158150764441104,-0.101514429070188,-0.0524955472107141,0.398026822774055,0.265250928873189,0.383642390381495,0.280361555704218,0.0643616324556983,0.0754406943851693,-0.0040038173330591,-0.0569383082964502,-0.0893282300562165,-0.199153695685009,-0.0754123670209676,0.0101968564895293,-0.119558079229557,-0.145819607629946,-0.205195301208197,-0.123710714100153,-0.14699197832481,-0.190017836845895,-0.110869866924092,-0.0500671639383714,-0.0854787420325943,0.0357541620815445,-0.0130697372071656,0.00942178879908371,0.120886138918289,0.180651322293568,-0.265601457565142,-0.232265557417327,-0.242146166909112,0.032214519667314,-0.0328987816927014,-0.218385270696114,-0.230445611555588,-0.197656024561762,-0.160723321093885,0.105736466741846,0.0884534968800434,-0.148907533767687
"Precentral_R",0.605016400571136,1,-0.0502385150520038,0.120011393405553,-0.0700701065359049,-0.187284751715312,-0.0940642744326637,0.120536133904144,-0.110233290435761,-0.168553970531397,0.243943581748979,0.372787168931071,0.104926205596632,0.158629442900441,-0.00486964025370798,0.0239946504094018,0.520307262425441,0.634267111047218,0.495612190437859,0.481585406699242,-0.131370572452581,-0.0838914154540309,-0.167841843943253,-0.0441746651076873,-0.130099828415295,-0.0803303656915837,0.0214567094997984,-0.0243889797654149,0.287043483569488,0.388732135170306,-0.114324514985133,-0.115771127167783,0.187600672647933,0.232537536652525,-0.205239626223582,-0.16846590004786,-0.0387183803153955,-0.199612825887144,-0.0617382600876105,0.131948572138983,0.222071223331675,0.273133203270023,-0.277260361149785,-0.193762226441781,-0.264993934624986,-0.143575669470738,-0.150879311766754,-0.103170976491529,-0.169176832413729,-0.0749753617365005,0.0378528048331837,0.00512914061603909,0.0906253426513071,-0.0135028089349808,0.108472840185416,0.10223717649987,0.712171591589408,0.674628421179905,-0.050481651267996,-0.00508105451338764,0.0862654480327761,-0.0480941451988473,0.406989155778489,0.259335184548842,-0.323486143204385,-0.281975274773278,-0.403195777707593,-0.225978379310735,0.22413018863814,0.248383206945085,-0.252954870462823,-0.144662690762619,0.257691820238079,0.423570134953905,0.160462945352949,0.311126221158151,-0.00976477646403676,0.0969200583050941,0.446611190245388,0.458291895505039,0.493432227249861,0.350880678868675,0.121270029022874,0.231659874707057,-0.0535909600293019,-0.0323220056599461,0.0721272413547061,-0.0688908257541234,0.00248861272933361,0.0478587669895931,-0.0968165711459457,-0.187084945890177,-0.174898408089278,-0.085946415276244,-0.120993202035586,-0.182777425525103,0.0604851239866852,0.0796205845591337,0.106053555760301,0.0378827054669775,0.0553525891625339,0.0152652687631866,0.210460935278845,0.214386776438884,-0.15749446586426,-0.072579394378216,-0.124749029661522,-0.0715138901089254,-0.17534088679123,-0.229610632987896,-0.19857283081265,-0.158027147308798,-0.270962073282194,0.186174516115232,0.0177903845340016,-0.252433418751525
"Frontal_Sup_L",0.0269856561709679,-0.0502385150520038,1,-0.0358343409891816,0.378541983750108,-0.0648861500316032,0.588145940908529,-0.232999730120012,0.357964732483585,-0.0878285745368497,0.149043067826358,-0.237623232835968,0.177574242119743,-0.233268727813557,0.218116808521792,-0.121763196031686,-0.0757678424030774,-0.151245228056083,0.194967953977364,0.0140980044313142,0.0365380597749436,-0.104961355970566,0.624069809031438,0.477130230566664,0.306542795029811,0.204567922047857,0.118458890530892,0.0547875290063683,-0.0113731700043986,-0.107380812700784,0.0914528486791606,0.166937896947187,0.0670366054776175,0.0543850749635721,0.242000455655703,-0.0144383715304222,-0.174010474679336,-0.103600488164749,-0.189709111648183,-0.0993500720813972,-0.136608469370507,-0.111133991634691,-0.00805669256769946,0.0368922033272967,0.0329983180666501,-0.0232521058098863,-0.00117301509011694,-0.00956316249640779,-0.180231661751966,-0.208217585811611,-0.354302033137509,-0.325024098065874,-0.334202792599864,-0.166137317940067,-0.247009843480384,-0.198907591477066,-0.149810453424729,-0.266126306906697,-0.337453890606595,-0.406620074704232,-0.258231224485973,-0.343950141733753,-0.175284722769528,-0.285339346732632,0.38552351594398,-0.0235849739799852,0.00679495013850473,-0.195241766804002,0.0639895919556507,-0.0762601982398405,0.19476872454531,0.106495921537526,0.108195595843427,-0.0310098614609552,0.0213625628264239,-0.0135399506481359,-0.134060788734207,-0.109414653607727,0.0744456763185092,-0.0212852480087146,-0.0717495648463366,0.0373601723999704,0.0105510976085142,-0.124992246602252,0.319016105072552,0.0981034537718892,0.0836471091714915,0.184414034270268,-0.0914212084106411,-0.195946398369649,-0.447458821290243,-0.00401582057885001,-0.0142130592215208,0.329115328562453,-0.264446160361005,-0.172996876955281,-0.189142672039089,-0.169407218659093,-0.41352639024522,-0.188221910134689,-0.32623458340864,0.148938001390555,-0.308790798295403,-0.0983503602382801,-0.15565673628221,-0.0299217248124542,-0.325783530176588,-0.0165756854499971,-0.104563721370759,-0.0026221324708428,-0.0212983977866576,-0.317973829026712,-0.0992631593073712,-0.0781260895698698,0.0614073708695647,-0.0359917126994072
"Frontal_Sup_R",0.0251404637607516,0.120011393405553,-0.0358343409891816,1,-0.191762102935265,0.435131835927322,0.070848260463984,0.6958438966597,0.105154430928001,0.490233876431075,-0.0316654180410785,0.23170027264361,-0.0919973072307025,0.432082431286517,-0.206878973312272,0.153656105385956,-0.0956290961737996,-0.0984678572977526,-0.0676154069172738,0.0744561589981226,-0.210277008365879,-0.0477811161475449,0.133167652675409,0.415445577287922,-0.00675834228017684,0.116692447110193,-0.121816850257605,0.105765520319061,-0.0816334590922366,-0.0106188158653089,-0.00242902152117052,0.35097807461932,-0.124325663872099,0.103539959608126,-0.145766540632749,-0.0383784920403186,-0.30875844245654,-0.197544134035325,-0.191286308327019,-0.177892814422686,-0.0713862269256382,-0.067891611264819,-0.0973726719293697,0.021611667392844,-0.180060558069397,-0.075296126531027,-0.0116099355441807,0.105711903229123,-0.242401306834216,-0.013828501201009,-0.0703932829229192,-0.00482954209646662,0.0965053726088482,0.00221085986647434,-0.0462818855576293,-0.0258378144260194,-0.0843985130210439,0.0261836472074949,-0.227754434637503,0.166809332989621,0.0840796296036603,0.463043377853642,-0.149844925425196,0.0667074780521003,-0.0861379459415983,0.401971910538847,-0.265124998488642,0.0370686555209917,-0.133626290247824,-0.0858663248973613,-0.0644036612320853,0.0764708287468888,0.0590142048717513,0.136876960091701,-0.0508223233667054,0.109565990782953,-0.0910896534789781,0.113533975744488,-0.0208616144183656,-0.00680706049047824,-0.157505608278343,-0.0603335310115188,-0.266767973638985,-0.284433911846834,-0.247599058423389,0.122384122427862,-0.268323309607607,-0.05017675055408,-0.130844308101445,0.294866559376364,0.171739510800228,-0.0500191454350087,0.308898716749157,-0.00945266173401693,-0.233468928914075,-0.32113927453912,-0.287689298674866,-0.0967429084099682,-0.000749347177817139,-0.100683776355559,0.0631470973252625,-0.115913574942449,-0.0944434699887975,-0.174438423181389,-0.164377175580943,-0.0264536869507993,-0.0675168085198607,-0.158088156695461,-0.0718798934530622,-0.0915076837262202,-0.240634591816087,-0.163702056226227,-0.107644810365859,-0.107853811343629,-0.114438971635294,-0.214332776560575
"Frontal_Sup_Orb_L",-0.0415225344873816,-0.0700701065359049,0.378541983750108,-0.191762102935265,1,0.134982439926454,0.110026625549149,-0.28938318761283,0.42575478434494,0.0126435257157427,-0.00155436231450168,-0.125715252867098,0.0343966249170915,-0.0778450479433196,0.221249478622439,0.0921673897189987,0.112384355003765,0.157596702757095,-0.00658270472281844,-0.0842091921255228,0.436973267546006,0.196821402769616,0.248099235741469,0.178591592604268,0.667391188466517,0.54301738815117,0.762795760227563,0.554678473104326,0.00425035919856077,0.0316421371648545,0.132618153204757,0.0207740663305707,0.108956021005407,0.0438180994252367,0.325023153143621,0.111798576948709,0.130099380493776,-0.000790439509536872,0.259638909841877,0.0190629398161569,0.138465879331176,0.0470685503049358,-0.114898457342401,-0.150979587812632,-0.0586945097732828,-0.151708550605721,-0.146755597693877,-0.128531978304586,-0.185219730383741,-0.270753385962066,-0.128848700653018,-0.214599602922924,-0.131194072123862,-0.160058156311287,0.0555399691537106,-0.144617187780658,0.0492307144472472,-0.107236750921179,-0.2318986150887,-0.31890238256236,-0.325466592927414,-0.270277530416898,-0.0667306355021283,-0.162604010021355,0.286800399369204,-0.0182099234559908,0.0807225924245401,-0.141233839925239,-0.10999328577776,-0.143625928828423,0.141525545555009,0.0220196356962544,0.116103532161448,-0.0091227240872424,0.0972667232731183,-0.0133197214201081,-0.016322386043198,-0.037823975807769,0.19106601011582,0.0820126521754038,0.10628059148049,0.0400215740222677,0.12644961568497,0.00340120884930881,0.23158240262827,0.056695505546733,0.139464117772892,-0.0345618733123184,-0.10735295293958,-0.195363778585633,-0.327330566183047,-0.215855185589928,-0.220516264000681,-0.0446178033503122,-0.0361217716301835,0.0463900196928547,-0.0176646082577562,-0.0326934148257768,-0.152773912918476,-0.236201883505204,-0.250894658407807,-0.0968541910901987,-0.184144656474221,-0.188488210194467,-0.00832175184449,-0.0363489669143873,-0.0999740871872842,-0.205146334068641,0.0151570415466596,0.0112240406004921,0.0861966344606661,-0.288237975973322,-0.29022830988921,-0.152249917778426,0.0176164157273331,0.0167898413655806
"Frontal_Sup_Orb_R",-0.0878457114398558,-0.187284751715312,-0.0648861500316032,0.435131835927322,0.134982439926454,1,0.127129576297528,0.494466609852787,0.489134798038632,0.806796537766712,-0.0756995794532164,0.232745844089841,-0.105959313691521,0.291233540751956,-0.0596364321404508,0.209508388023401,0.0137012178320142,-0.0258778909031539,-0.0733917679966009,-0.103356967367751,0.0620321446259279,0.118371861741108,-0.120771285512544,0.134162836674666,0.107111052690907,0.396088597691807,0.0791746603214198,0.50873996402966,0.0183941974746329,0.142688059793177,0.0412008409553051,0.202105313392235,-0.150054563154176,0.0180107464647054,-0.18801708234672,-0.16960451930541,-0.225667063837991,-0.17426649021516,-0.0415065955176306,-0.12376228954308,-0.0819394316334661,-0.0690088045893001,0.00335810729411475,0.118705532330776,0.034458640391496,0.122164295284623,0.104206622003925,0.17909332168555,-0.0483372342309675,0.096025078551259,-0.0722000062256522,-0.0538250927351662,0.0384901067752816,-0.0810522882822444,0.0661730346563766,0.0937244345603309,-0.108219556560419,-0.197196826231141,-0.126806879396777,0.126739263320223,-0.153631870176626,0.320086044674151,-0.175861633225505,0.0224992898465219,-0.17172807358368,0.0768105028098285,-0.277764959989453,-0.0632609468361763,-0.228791729779596,-0.274685166000028,-0.102368715796679,0.0744682093882962,-0.0195912002566544,0.10956926347345,-0.146844985185784,0.109276047047698,-0.239861583692843,0.000622054302019551,-0.0569332613710027,-0.0220895219344896,-0.0424863596185143,-0.104395711847788,-0.120966607556965,-0.0104985218204889,-0.304443554601861,-0.194913887206398,-0.292792489500734,-0.199468679100096,-0.304570764868606,0.092995648625198,-0.0303517397367408,-0.149546208469,0.0297815433571919,-0.195858722581376,-0.154232545265323,-0.160735786887976,-0.192209858195516,0.119595530225159,0.0593988292857413,-0.0433812005987668,0.0162393021371819,-0.136020993612165,-0.0928426841630922,-0.122198887833369,-0.190480016619205,-0.142147259998517,-0.220457026920699,-0.101093755182315,0.0573440519554363,-0.0145233256304867,-0.19123610633409,-0.154614476856344,-0.00273503639251258,-0.0692649063411476,-0.0540648738813809,-0.0348176812316103
"Frontal_Mid_L",0.0475376118751783,-0.0940642744326637,0.588145940908529,0.070848260463984,0.110026625549149,0.127129576297528,1,0.133363417686045,0.442851638137038,0.0861189505806322,0.249429014662713,-0.0592011090182362,0.278911897484211,-0.148533372651447,0.14772142767111,-0.175648813002511,-0.059070971443754,-0.121966465396374,0.0969975510620728,-0.106690736494793,-0.0308216654695003,-0.0215165282094561,0.313306372192601,0.0873792598910214,0.05396245307986,0.102771441933904,-0.139672245880614,-0.0096299657373763,0.0801309853071056,-0.0442314936480022,0.225154526571585,0.319295074864318,0.20789334525704,0.154853179460198,0.106955748198131,-0.0757458561352914,-0.1960854339007,-0.334527041976868,-0.262588117446324,-0.295656776275024,-0.193257370203536,-0.305923465860779,-0.0631458417779569,-0.00129522387837646,0.0369739270288899,-0.0134658698249117,-0.0164948449248633,-0.0383875552269396,-0.0478723146278828,-0.176959255691804,-0.202976344345394,-0.260709247111737,-0.198557489232546,-0.129670735168333,-0.308595478209361,-0.251449523029664,-0.157782624743611,-0.232807719573904,-0.106894499726793,-0.275996398482046,-0.0754247040460427,-0.15448633079364,-0.101800026630646,-0.0245916295667941,0.052312665136992,-0.164338094950908,-0.0087807713174945,-0.136969801847844,-0.115051617446381,-0.133748523875951,0.278185993288407,0.341029961481202,-0.000738033022646892,-0.119637323704728,0.0269864501117083,-0.0872631575551999,-0.000375681414183137,0.00397160391608923,-0.0652397630770081,-0.120403012038554,-0.101263885938524,-0.0651239965738009,-0.0696334796990359,-0.173482347354095,-0.0819514355887044,-0.231183363962152,-0.188553028267822,-0.258513080755491,-0.22512636750515,-0.268167576793242,-0.198777816450849,-0.0131303819220215,-0.00611897292898319,0.130672209959057,-0.328726414322299,-0.167144161907083,-0.315535824440935,-0.253924534048508,-0.292857804141799,-0.168930784871059,-0.228578256421327,0.0581267760748787,-0.305677634136308,-0.119145865876808,-0.286323456012781,-0.149512859780209,-0.30308299689832,-0.114254760723684,-0.152165767216978,-0.315121722566652,-0.200728250692112,-0.227707851051216,-0.0296664537184325,-0.16076692203511,-0.177160069939918,-0.120120121973239
"Frontal_Mid_R",0.180088039106961,0.120536133904144,-0.232999730120012,0.6958438966597,-0.28938318761283,0.494466609852787,0.133363417686045,1,0.219952747337276,0.515872388047292,0.133916984094108,0.517371830092916,0.0463366881443881,0.586933967472909,-0.0399290376085114,0.239803241385876,0.13872293359936,0.0539502906233085,0.0723936387153857,0.212867564255955,-0.298564419029437,-0.0288261460788489,-0.0665089065576985,0.0906795797825411,-0.290778391581153,0.00141253967491763,-0.23161526316432,0.0598833140313944,0.144578911586991,0.248451639346041,-0.0400104629425386,0.231896979186701,-0.127739195294872,0.128500029260603,-0.348244652711833,-0.237282107594727,-0.372016791618052,-0.331214008227358,-0.262205258599608,-0.253018462376376,-0.0844435037186354,-0.0621734694824942,-0.231340764532156,-0.10472036388017,-0.170275718295495,-0.00179851388903137,-0.0795279350955045,0.0180444386016031,-0.149523482437436,0.120597407793294,-0.00128172726822419,0.0655156894159498,0.15093162759242,0.103784964565245,-0.0675864606983332,0.0747357836412347,-0.000762275447532775,0.0800786869845939,-0.0918238266515777,0.30530808609174,0.173680766933111,0.645259595182712,0.0112016673949061,0.228279900553383,-0.347691997052439,0.19347348243377,-0.442846848079269,-0.0192659937618275,-0.204159718699233,-0.174979846648,-0.174571269222125,0.0927513754848052,0.0657476541386661,0.231297353828702,-0.0547685743364805,0.178839288811716,-0.183750921672181,0.109100952104847,0.037515934659174,0.0436836520406769,0.0587390899777494,0.0824943485723207,-0.0317550534017908,-0.0324939179033044,-0.308052927087579,-0.0384271680347275,-0.230151131282517,-0.16384397058041,-0.148277164406919,0.30929982789832,0.139194572455643,-0.132182492621755,0.227964425934336,-0.226591762164644,-0.191645789754315,-0.198310719054547,-0.33709973961654,-0.0696840852756096,-0.0336362479547738,-0.0986228342906152,0.254620771888345,-0.188651945591809,0.0646547950585038,-0.0261918427674169,-0.207313754618565,-0.138618566908947,-0.11030428820177,-0.0451453856174608,0.0191089638032173,-0.204538064994329,-0.396843938236469,-0.144278151497036,-0.0392989677131856,-0.0546963154262874,-0.184208643370228,-0.249156646148963
"Frontal_Mid_Orb_L",0.0414099884321615,-0.110233290435761,0.357964732483585,0.105154430928001,0.42575478434494,0.489134798038632,0.442851638137038,0.219952747337276,1,0.366192190268935,0.258543065844786,0.0911637653065061,0.23832292851063,0.109876184819527,0.292134692983054,-0.0314120964516959,0.0446627226732198,-0.0278031024236326,0.0719961974805575,-0.12138928838254,-0.00526088629671581,0.00166668276780676,0.0841901019502526,0.11264520447798,0.155787904953324,0.399369287309515,0.0651569956295589,0.279047512142929,0.0657521265729764,0.0500605187614375,-0.0199457521540663,0.12518438485148,-0.0919905330267993,-0.0195196455468759,-0.103077662838519,-0.229547557639878,-0.194422307927499,-0.293540035968083,-0.0738026639635834,-0.261878388291065,-0.0584112215431597,-0.171390898966108,0.0122544942254267,0.0932306653126594,0.0349110138463597,0.0795785605205254,0.163398828072652,0.196937080301998,-0.00555780521495189,0.0693186443557018,-0.0403534133300773,-0.0874808119701235,0.00259494781516954,-0.00262164204786757,0.0314425202874394,0.024226110163038,-0.0801500076810412,-0.114998950180076,-0.171546439151246,-0.0802520672142557,-0.264472791242885,0.0685325889158394,-0.218110151705651,-0.146406007058763,-0.0944909486364283,-0.0909941164736548,-0.344819122728711,-0.302461609740168,-0.200161682210447,-0.305200440579293,0.0585858270577073,0.139357987552624,0.0971040386416499,0.0362737453037659,-0.00199470567538797,0.0487157115124308,-0.271790430551838,-0.129030520339309,0.0511401651541314,-0.0255602245034946,-0.0497370095252011,-0.0865512354306326,-0.0291490448920601,-0.0878325698065761,-0.105959401347039,-0.220268435229838,-0.266320077021352,-0.253139808052316,-0.246309754617203,-0.119621552306354,-0.251173674785964,-0.126981932367693,0.0117740004615318,-0.0934857489514689,-0.15717034028361,-0.0935404928640064,-0.209650916617902,-0.0179826194822491,-0.0701846794446801,-0.0444174073319841,-0.0815313543346611,-0.0846270745833615,-0.156040609781067,-0.116313319571359,-0.225166830409947,-0.0991061868557194,-0.296451540525316,-0.117975528823706,0.0162509291833219,-0.172849140766441,-0.225328425340585,-0.177318649307546,-0.0619869261712884,-0.0873402954880059,-0.0453999267165812,-0.0743399150565885
"Frontal_Mid_Orb_R",-0.048731017052724,-0.168553970531397,-0.0878285745368497,0.490233876431075,0.0126435257157427,0.806796537766712,0.0861189505806322,0.515872388047292,0.366192190268935,1,-0.0507420187254705,0.158128207806756,-0.0805380872456344,0.316944414663067,0.0810284374008629,0.359330104082155,0.029189607733186,-0.0571626299697394,0.0512583399651457,-0.0234349590141384,-0.0762560014974179,-0.0845951306997696,-0.0471077906160964,0.194688199461343,-0.00713646860333315,0.152451038929589,0.0190264668707705,0.280353771843517,0.0555808687681405,0.193813071966393,-0.0662436873509084,0.0925454886341713,-0.132679609203821,0.0545244110523447,-0.200520064702793,-0.170749850827562,-0.31003211842493,-0.0698858754114858,-0.0801844686245773,-0.042813386019986,-0.0926877399724623,0.0697172035435864,-0.0758202458144417,0.0740067544521584,-0.0393010455863839,0.125209798143022,0.0850776845647027,0.181061519722092,-0.0565585526332338,0.134923159005432,-0.144391400966705,-0.0550084973603464,-0.042664320507562,-0.0875193087591357,0.133232078649695,0.148858381625142,-0.117859543637862,-0.119909442702139,-0.118049517964913,0.132122652429491,-0.087504636852961,0.331951975671474,-0.169063969064458,0.0236426269192425,-0.180389841754261,0.0897365474696819,-0.244228220844579,-0.0674964982196373,-0.0971335321943246,-0.169157236471522,-0.208248879994097,-0.0633606878220061,0.0102241446707347,0.189154185015116,-0.197130392771236,0.166075841582866,-0.323358205105963,-0.00691105384647783,0.0429134613123506,0.0846987867903113,-0.020700181440647,0.0498509523268452,-0.0805318305118577,0.0919155048844827,-0.196070702734844,-0.0557408247440727,-0.167574230488584,0.00488869921518993,-0.275299170801231,0.189067616959122,-0.129979488108463,-0.18910776324723,-0.0376489281583297,-0.178609326597883,-0.194638289483936,-0.176399051681571,-0.165507761170039,0.0849894546518587,0.00353787177688628,-0.0690808149227229,-0.113208825007593,-0.183462708593702,-0.141134055314696,-0.112198104463929,-0.210580077714626,-0.0705623047736328,-0.235382943623765,-0.0414071313257887,0.0183637418363776,-0.0750723346975617,-0.176527907973735,-0.213360357670452,-0.0457217279026667,-0.0804004441991514,-0.0700755665101103,-0.017685935457052
"Frontal_Inf_Oper_L",0.481231119093156,0.243943581748979,0.149043067826358,-0.0316654180410785,-0.00155436231450168,-0.0756995794532164,0.249429014662713,0.133916984094108,0.258543065844786,-0.0507420187254705,1,0.507820030225315,0.762082175773757,0.493522882505285,0.482790848355064,0.204609575187525,0.451549403721813,0.275677582284517,0.309483956702692,0.201129225222557,-0.321410941770739,-0.287472841749522,-0.0222428978311147,-0.00954422037215111,-0.307006319699099,-0.118508882495273,-0.103295176327346,-0.118574703169684,0.465460724877349,0.354379806224729,-0.0577557597364735,0.00600970648735312,0.0122809637222853,0.046084906335553,-0.306728767973897,-0.394394348642569,-0.188989976449121,-0.355148677074543,-0.243062276856162,-0.192482199171742,0.0669099424428496,0.0234504234845062,-0.217904780491163,-0.113838973680684,-0.199874068228498,-0.102484664597621,-0.0437640283023781,-0.0428861395341591,-0.0886505780812171,-0.0843133501025747,0.0372859511006132,-0.0786335620313378,0.0668346882730386,0.00394784834255666,0.0703275409589752,-0.0354891958355077,0.244001943377681,0.220063110486559,-0.00650542985877296,-0.113920322710009,0.235689587358731,0.105984515755729,0.358839284600826,0.208635132337072,-0.0857766213728069,-0.213945802880216,-0.368417550774724,-0.378138568989396,0.0104910872434001,-0.0861609822082879,-0.143704175241317,0.0122910077699109,0.284668779351252,0.326239286252004,0.248428709004343,0.321059015712555,-0.0312487815596374,-0.024010853700924,0.307536544066949,0.26422377702729,0.319272134307902,0.286335840748541,0.377156621775571,0.143012042398191,0.24927867932468,0.00901247539258623,-0.0160491207951858,-0.166362053692767,0.00760807204623756,-0.115024789514685,-0.121210999775907,-0.178193114331975,-0.0627242858322469,-0.146610013447113,-0.21167690777944,-0.190616749441639,-0.06762918088864,-0.0440130808108698,-0.011603901688176,0.0609563310838521,0.00195453074621411,-0.0494945228961429,0.0320581716590258,-0.00390447452621142,-0.353465588308644,-0.282387806767437,-0.211578345033732,-0.133994039821299,-0.100150458888429,-0.154116662841076,-0.133724902957992,-0.013205013162466,0.00292702448745473,0.101887968517704,-0.0625141182302706,-0.223643750642008
"Frontal_Inf_Oper_R",0.559829076483973,0.372787168931071,-0.237623232835968,0.23170027264361,-0.125715252867098,0.232745844089841,-0.0592011090182362,0.517371830092916,0.0911637653065061,0.158128207806756,0.507820030225315,1,0.258991497008748,0.670847988980764,0.0136158240194738,0.3176280808672,0.560319093316144,0.489899899183251,0.247833755322768,0.312108386066391,-0.1738517821864,-0.048962457882534,-0.229541114468852,-0.120871591796358,-0.324571926720657,-0.0877567130547961,-0.00707331591390207,0.114965873721669,0.395626443029896,0.491957357152881,-0.0610289637528894,-0.00339573915998716,-0.0319981784571796,0.0747952465610697,-0.4730495905014,-0.434691436568747,-0.254840103538198,-0.367101557156599,-0.177205071737639,-0.24646820511542,0.11406671016248,0.0633936276078332,-0.255305769083197,-0.180923248623405,-0.264579364552151,-0.093056611682917,-0.0794135199095727,-0.053039793677539,-0.156995634502654,-0.0441327056708021,0.104185923309386,0.0017627103007798,0.179799244423839,-0.026641985258003,0.0462730699845863,0.087175858615836,0.426277785751608,0.409323704353693,-0.0350744555837817,0.175322880099256,0.349404874401052,0.436904713724092,0.532483757992355,0.582600533536935,-0.379156202660684,-0.15644422085295,-0.507200476570786,-0.307426612507479,-0.0905722362636069,-0.156524392477948,-0.236207988416426,-0.0664400163093022,0.21034486495382,0.325502614772723,0.0966197003796384,0.234464181719616,-0.0733199476867219,0.0657473633170897,0.26748867583347,0.231378855037493,0.432282446905919,0.332651022816378,0.23051024444013,0.215881760087946,-0.0663264687891314,-0.00413545699540612,-0.142895753353799,-0.269651513309769,-0.222423310016328,0.0892268290317728,0.0289218777031877,-0.29106552709972,0.0144842483879691,-0.301646381183838,-0.080417591064576,-0.116636680419078,-0.0436709115912548,0.144027782349889,0.157382043073568,0.0751392713750618,0.260985107274803,-0.132547068406181,0.300798024853538,0.184397249529495,-0.230719033774723,-0.22134374948079,-0.114655587196009,-0.109654453653779,0.0391821614520551,-0.0552249164062143,-0.28274522316767,-0.0190485537748827,-0.0208009734984217,0.20347129984288,0.00546718442963275,-0.260455199324828
"Frontal_Inf_Tri_L",0.214682969508832,0.104926205596632,0.177574242119743,-0.0919973072307025,0.0343966249170915,-0.105959313691521,0.278911897484211,0.0463366881443881,0.23832292851063,-0.0805380872456344,0.762082175773757,0.258991497008748,1,0.380200647826483,0.562349100883627,0.129625010717301,0.290153744776698,0.213567619689152,0.071831940434727,0.0120416653695764,-0.218815459565311,-0.0700960682013417,-0.0138133262050192,0.0217551487269738,-0.148737148616202,0.0190982790552292,-0.086254831249328,-0.112459176323166,0.494978159480979,0.270213922199194,0.0745483828411322,0.0897319358826045,0.0362049755040349,0.013357769732283,-0.193553310605838,-0.334779426309511,0.0394793470803765,-0.235785570746824,-0.0830817520421246,-0.0127107541392727,0.214383097863734,0.0538039337244761,-0.189543329653709,-0.0875436130083212,-0.232819341507859,-0.14628059169297,-0.0118991796141362,0.00874672543052835,-0.105758202157867,-0.09652716955795,-0.0159029332367992,-0.0511016008655042,-0.00928191926656265,-0.0524159123319336,0.163558269883826,0.0544848849101343,0.0907911123291033,0.109149977879972,-0.0408231403321458,-0.140960020953971,0.161398400565925,-0.00262831041192731,0.140726375479157,0.00919236476106112,-0.0129901021003019,-0.200782748592787,-0.31434378966262,-0.35499226167598,-0.129589763649665,-0.177779406493833,-0.0348533655904949,0.119881797834939,0.352331675080182,0.326946332637621,0.296575223233939,0.254144196645897,-0.0398559332837438,-0.0552526877664827,0.29459477672672,0.193240536351626,0.252826241784843,0.251951463273695,0.352771445247528,0.139640631262219,0.242619285686679,0.0334659990570036,0.00884968821517624,-0.141169872247776,0.170178487015819,-0.129474262023571,-0.0703503780222044,-0.0943641285316932,0.00274627699144871,-0.129852928897356,-0.142136176675815,-0.15329994628235,-0.0179202992458922,0.00903643985634749,0.0308533944275374,0.0543309528999316,0.00708074284938866,-0.057625038584411,-0.0537780433801747,-0.115736873668033,-0.357665032438893,-0.282462201570994,-0.131095660736287,-0.148935378339646,-0.132420183228846,-0.126841084825046,-0.0755307715657745,0.103021029621164,0.0973208332313925,0.0146056883272668,-0.094934404232793,-0.145190868242116
"Frontal_Inf_Tri_R",0.266629395977806,0.158629442900441,-0.233268727813557,0.432082431286517,-0.0778450479433196,0.291233540751956,-0.148533372651447,0.586933967472909,0.109876184819527,0.316944414663067,0.493522882505285,0.670847988980764,0.380200647826483,1,0.149314736781945,0.435310464000188,0.270922174275389,0.237914296043426,0.0553777582880025,0.169908581030682,-0.229661585005406,-0.112532901876833,-0.0885295615278554,0.125523954216046,-0.194543597623841,0.0428524674411976,-0.0284109290204768,0.0738834648374379,0.279231838659244,0.371427960332819,-0.0757444223777459,0.0398718422243362,-0.0867729292692391,0.0624230389419569,-0.405282710489599,-0.343373193206628,-0.191113590327508,-0.157277306721333,0.014760354669426,-0.0193241698201948,0.146547416594485,0.143888055175008,-0.293848517985514,-0.186380785173892,-0.277045095240288,-0.12352756559136,-0.101942786833209,-0.0614861572048461,-0.213907863021529,3.22292784645132e-05,0.108891287906614,0.0807639048100698,0.0974476455313153,0.0203555984631743,0.209027121481384,0.166291835719785,0.164895854750981,0.192932719485343,-0.146485333336659,0.158925697503152,0.227255210993721,0.501338458707128,0.17710033160437,0.27544398210552,-0.151675593973002,0.164305912860204,-0.364157593671293,-0.141848358558572,-0.0982742584068741,-0.177213234711491,-0.289408857775638,-0.102345925595706,0.132239587644706,0.327363323876261,0.0153824839731487,0.249649577177417,-0.224628163714443,-0.0407243933342131,0.204352351145673,0.220169811099974,0.23238499048395,0.255357725837805,0.155408022516338,0.0650154696201552,0.0273027248978041,0.191236252071931,-0.102103788856465,-0.0666075784973203,-0.0783336253809765,0.181669576745838,0.0631320671862626,-0.156622935121227,0.182887898870743,-0.260393081758128,-0.139040499042188,-0.0150677041698782,-0.102725161235049,0.206711392957642,0.0921655700495578,0.00647732130395006,0.203730355046067,-0.168460771878125,0.0985160474023482,-0.0273335136747428,-0.194268633358717,-0.180293901208964,-0.0959513779207292,-0.201268891481407,-0.0105233704551609,-0.110561779183506,-0.277666784804632,-0.0948578363396161,-0.0202967983041948,0.0425550838355662,-0.10409319747448,-0.171839450798981
"Frontal_Inf_Orb_L",0.0681069893060806,-0.00486964025370798,0.218116808521792,-0.206878973312272,0.221249478622439,-0.0596364321404508,0.14772142767111,-0.0399290376085114,0.292134692983054,0.0810284374008629,0.482790848355064,0.0136158240194738,0.562349100883627,0.149314736781945,1,0.430327535008819,0.280076416137982,0.11560173507495,0.242187066529826,0.0504773471780933,-0.0192881422616874,-0.0243516738358775,0.198343844550532,0.104623929492622,-0.0513656856651921,-0.00753027357928142,-0.00463020683810264,-0.0618438152718306,0.484701403670435,0.363815609203142,0.173959482418317,0.0639161781697874,0.142311814672119,0.0382637213454465,-0.0307961101804125,-0.180276179187095,0.0658652604563048,-0.0442659612908988,0.0891065750134271,0.187714904452216,0.258036639941716,0.297315312243058,-0.24147830492909,-0.190365641718841,-0.173005129954199,-0.144517936205018,-0.122959457818404,-0.0620030844691549,-0.107215346391862,-0.0848348643629239,-0.240633067713954,-0.102854311922548,-0.135495320625821,-0.0503254286103328,0.124558561406099,-0.0466808572128772,0.0396640710290957,-0.0123509054920217,-0.117357020885205,-0.14784869573049,-0.0865949305293916,-0.00622232643426302,0.0323431792533042,-0.0663613349475699,0.0424622251279625,-0.177971176277649,-0.310136917342763,-0.376277150171755,-0.0252979116138189,-0.133139102255178,-0.0662320018035513,0.0133460187020053,0.416977004628452,0.350781731541116,0.304944058601987,0.370870326655334,-0.0905819603547374,-0.00509025555029023,0.39596627062716,0.286509476169692,0.301401812867954,0.243329768519675,0.669436210065646,0.349298059606471,0.421051990393443,0.0144270392645053,0.287327928219959,0.155522227567514,0.188750953734383,-0.0628549413752097,-0.333441093175183,-0.179086772314675,-0.269082139613747,-0.0983454017302402,-0.0877048459097588,-0.0478265064184967,-0.0112151814755861,-0.0643723004042286,-0.182109784762745,-0.130101489215906,-0.344144968786453,-0.0619144177053516,-0.233471693689969,-0.174536628642926,-0.337895860013585,-0.269700309176315,-0.249158816309678,-0.159253169770358,-0.0799562266845023,-0.098525058107318,-0.0611959224489153,-0.113240646209942,-0.107569422336535,-0.0560335163041081,-0.137203888567792,-0.100748749769952
"Frontal_Inf_Orb_R",0.0775454031191299,0.0239946504094018,-0.121763196031686,0.153656105385956,0.0921673897189987,0.209508388023401,-0.175648813002511,0.239803241385876,-0.0314120964516959,0.359330104082155,0.204609575187525,0.3176280808672,0.129625010717301,0.435310464000188,0.430327535008819,1,0.378522654207346,0.25387491812347,0.180160656924599,0.157953034293861,0.28101908098188,0.113837594501531,0.129658785895223,0.258629300525057,0.118332068203168,0.119115949560423,0.174858225641228,0.0971069534227445,0.390825250919891,0.563953936054191,0.282291421875844,0.205760621605662,0.116775221817532,0.0869791819001984,-0.153034903162693,-0.166658946910583,-0.0487255311816302,0.156593155079455,0.140541056970745,0.274607905548414,0.195966113884923,0.389404381789171,-0.301712993039953,-0.254350468742373,-0.40158685722949,-0.288844498659888,-0.207839262669505,-0.119296554860275,-0.341162319725314,-0.264693175157475,-0.193535239896397,-0.152878578207539,-0.106890838848869,-0.0205580538761,0.0803254031007305,0.11848355463599,0.114797278820868,0.0493359771546993,-0.225647887433848,-0.0849449971332118,-0.0129358286741968,0.194678268162184,0.187672208276002,0.296859108346043,-0.0401488498828315,0.0300942024952008,-0.310678174668421,-0.257778779940372,0.000684606982647985,-0.105423870540732,-0.204559575565308,-0.0886794240070342,0.234937191296747,0.352668350871662,0.0513744465541328,0.293563713389342,-0.122872567226751,0.0251000071317713,0.366646253285575,0.378449566236745,0.373483795644601,0.43847569073163,0.498347858857023,0.526923003533264,0.217404508641264,0.374099184401215,0.252694655154781,0.31428928756517,-0.0700053125603873,0.262205022383525,-0.177978650853611,-0.222760975713236,-0.0774826091711717,-0.187993830901263,0.0309459489511256,0.0416817286654463,0.00471307705031713,0.117962785873316,-0.077459093419138,-0.108403773515833,-0.178278391415578,-0.196300727580397,-0.114133494263484,-0.125998140820226,-0.252450409396124,-0.195379185059873,-0.162010525396392,-0.184247901426452,0.0512483047466719,0.0156517931884683,-0.154462221519992,-0.163277596021679,-0.113992586855337,0.0436594824441993,-0.0128109532287886,-0.111759149668356
"Rolandic_Oper_L",0.561692953369414,0.520307262425441,-0.0757678424030774,-0.0956290961737996,0.112384355003765,0.0137012178320142,-0.059070971443754,0.13872293359936,0.0446627226732198,0.029189607733186,0.451549403721813,0.560319093316144,0.290153744776698,0.270922174275389,0.280076416137982,0.378522654207346,1,0.809927175641593,0.588004087622039,0.462600002588289,0.0255984116332277,0.0644887015637078,-0.206100905113811,-0.173906175735554,-0.160768679676282,-0.0300101266473581,0.209902319770072,0.176671788670994,0.688918437983782,0.770023686484155,0.0236073137079977,-0.00572084758094777,0.291556931402473,0.284402553083581,-0.275167179476757,-0.381064457079087,-0.0202104555327544,-0.133073923658699,-0.0510253700540232,0.0422272826267243,0.284604039727383,0.349908581041945,-0.471807659563898,-0.364082183780267,-0.418088483050748,-0.241253735877765,-0.256017567016397,-0.158121315073188,-0.307554979154743,-0.261867800460734,-0.179753989730959,-0.224618736931296,-0.0486143642336343,-0.117876017785779,0.0346738039545606,-0.0395600308623003,0.692285891144909,0.419953817590082,-0.130013928736317,-0.192327739283612,0.0963599697118862,0.0471150021162768,0.668341789192354,0.531262721602844,-0.348846462122684,-0.431841085593904,-0.529239466330949,-0.432813264200442,0.148489143564225,0.0467984511184798,-0.304823754679423,-0.130524740997335,0.403113742750012,0.565800573335794,0.185834450527581,0.377055516647072,-0.0964329592476526,-0.0265895761713121,0.775248590082688,0.66139209823241,0.82434090430787,0.622744524367445,0.445526868480667,0.490216897196068,0.0955978097889891,-0.0410297158262121,0.182436780456604,-0.119517259342437,-0.165346298792044,-0.102018595069593,-0.289494668837265,-0.410764014458852,-0.327324174190064,-0.304156489128966,0.0499257535369867,-0.0691718655646311,0.083952143850793,0.013545014905804,-0.0131203421117203,-0.0897113777493303,-0.0155870811962579,-0.191232569135427,0.2428506560029,0.125724395799136,-0.222077612182144,-0.264342468394356,-0.119389938042166,-0.0500496650393217,0.0106149603110834,-0.0814409362231301,-0.125484250154469,-0.170755759896977,-0.246449396420768,0.149807965498509,0.0607860664820213,-0.0886026971374075
