"","Precentral_L","Precentral_R","Frontal_Sup_L","Frontal_Sup_R","Frontal_Sup_Orb_L","Frontal_Sup_Orb_R","Frontal_Mid_L","Frontal_Mid_R","Frontal_Mid_Orb_L","Frontal_Mid_Orb_R","Frontal_Inf_Oper_L","Frontal_Inf_Oper_R","Frontal_Inf_Tri_L","Frontal_Inf_Tri_R","Frontal_Inf_Orb_L","Frontal_Inf_Orb_R","Rolandic_Oper_L","Rolandic_Oper_R","Supp_Motor_Area_L","Supp_Motor_Area_R","Olfactory_L","Olfactory_R","Frontal_Sup_Medial_L","Frontal_Sup_Medial_R","Frontal_Med_Orb_L","Frontal_Med_Orb_R","Rectus_L","Rectus_R","Insula_L","Insula_R","Cingulum_Ant_L","Cingulum_Ant_R","Cingulum_Mid_L","Cingulum_Mid_R","Cingulum_Post_L","Cingulum_Post_R","Hippocampus_L","Hippocampus_R","ParaHippocampal_L","ParaHippocampal_R","Amygdala_L","Amygdala_R","Calcarine_L","Calcarine_R","Cuneus_L","Cuneus_R","Lingual_L","Lingual_R","Occipital_Sup_L","Occipital_Sup_R","Occipital_Mid_L","Occipital_Mid_R","Occipital_Inf_L","Occipital_Inf_R","Fusiform_L","Fusiform_R","Postcentral_L","Postcentral_R","Parietal_Sup_L","Parietal_Sup_R","Parietal_Inf_L","Parietal_Inf_R","SupraMarginal_L","SupraMarginal_R","Angular_L","Angular_R","Precuneus_L","Precuneus_R","Paracentral_Lobule_L","Paracentral_Lobule_R","Caudate_L","Caudate_R","Putamen_L","Putamen_R","Pallidum_L","Pallidum_R","Thalamus_L","Thalamus_R","Heschl_L","Heschl_R","Temporal_Sup_L","Temporal_Sup_R","Temporal_Pole_Sup_L","Temporal_Pole_Sup_R","Temporal_Mid_L","Temporal_Mid_R","Temporal_Pole_Mid_L","Temporal_Pole_Mid_R","Temporal_Inf_L","Temporal_Inf_R","Cerebelum_Crus1_L","Cerebelum_Crus1_R","Cerebelum_Crus2_L","Cerebelum_Crus2_R","Cerebelum_3_L","Cerebelum_3_R","Cerebelum_4_5_L","Cerebelum_4_5_R","Cerebelum_6_L","Cerebelum_6_R","Cerebelum_7b_L","Cerebelum_7b_R","Cerebelum_8_L","Cerebelum_8_R","Cerebelum_9_L","Cerebelum_9_R","Cerebelum_10_L","Cerebelum_10_R","Vermis_1_2","Vermis_3","Vermis_4_5","Vermis_6","Vermis_7","Vermis_8","Vermis_9","Vermis_10"
"Precentral_L",1,0.555593104598451,0.0729024466877116,-0.14718924417522,-0.124281380862944,-0.277505878862535,0.0167268410586687,-0.223112700480399,0.0535798654413958,-0.228590351946967,0.461717228213374,0.236883715563608,0.13950586514211,0.0515150133634574,-0.0542303254875178,-0.105845510597382,0.48871923071351,0.408194844857297,0.472632304948248,0.408726164600818,-0.35072987159181,-0.264053428658478,-0.126875362088981,-0.287708188944976,-0.262338218993599,-0.294845050168909,-0.0605144073498439,-0.170842090534035,0.247414914715681,0.194728583182461,-0.215622518711765,-0.27838892572721,0.0980543633465019,0.0435290975614835,-0.306970118291771,-0.402628760075167,-0.0752094251703526,-0.227345287971552,0.0512558409642112,0.0128632482294106,0.239368781316311,0.207359908126348,-0.139416454272457,-0.147170079997861,-0.131008560598285,-0.0368274397186103,-0.0329634234862264,-0.0221592657844291,-0.113273634102473,-0.123384421994939,-0.185942244611626,-0.176847284962904,0.0301045367709251,-0.0192167616339663,-0.00795084721345451,0.0216082024888253,0.622768505304671,0.637481593861074,0.294979479475183,0.0973374453934784,0.420884817132868,-0.0442396442967364,0.497941443347994,0.278820800654547,-0.0793637983986723,-0.241313725004003,-0.0719758004332544,-0.110609317249987,0.360931752108153,0.309831482363849,-0.10924744577408,-0.153524991951383,0.309233202168879,0.296892811340454,0.160258859845119,0.268404315696298,-0.0192183877448609,-0.0707362022407662,0.399361224499955,0.305601848013758,0.363237450154057,0.338915419967484,0.141729246275654,0.0976769574884405,0.113522652035474,0.141761468238181,0.0706686405480179,0.0269285189813614,0.0544328047928576,0.0918663919943832,-0.147965501221112,-0.20224271998384,-0.360894000864083,-0.258775878879451,0.0472437713801634,-0.0806271148144227,0.0295115323966818,0.00662325006324643,-0.0447424467094751,-0.0213005866828131,-0.253387818248124,-0.18703036682719,-0.0617711652384678,-0.0881344337003825,-0.429981558170629,-0.185922310007957,-0.17759568614175,-0.191671221207128,0.0288159275873255,0.0170509189719096,-0.0428794047459457,-0.0869407926755553,-0.16494545343181,-0.10453938355335,-0.383480596559174,-0.349650718548038
"Precentral_R",0.555593104598451,1,-0.232465845245207,-0.270299936742254,-0.168344461953141,-0.159621325428201,-0.257267918290238,-0.174427817554331,0.0310852582736204,-0.0535888472516798,-0.0146242847695301,0.159741083089553,-0.100547316790327,-0.105049010749134,-0.161769775696322,-0.221460519373601,0.484268489292066,0.646393064400811,0.254504061885724,0.479419393564071,-0.218413404901796,-0.268159587113353,-0.328417584261633,-0.415211029684157,-0.309775330720385,-0.326506964377355,-0.0397334260181022,-0.0387898155892488,-0.0330031766470926,0.22757708757242,-0.386773071710542,-0.402354692904528,-0.0603836445170793,-0.0221752560574782,-0.37556857029232,-0.416281398504204,-0.0737820768563085,-0.153065600362371,0.00113736668734429,0.114954184857013,-0.0775883492550123,0.212580682274982,-0.134659220505352,-0.0639606637840544,0.0672202399327313,0.0712505963202275,0.114737695003786,0.18977583629393,0.139160388301425,0.106439837876337,0.018368391524447,0.0739079599310604,0.196592011601452,0.117437748735328,0.186792979456226,0.174407606782862,0.793009431731961,0.780940304885253,0.25487672760239,0.218330434630325,0.0729424644859867,-0.0889629754764362,0.249134598929757,0.158290665195302,-0.22788678284449,-0.250568301341682,-0.115434254548303,-0.151607670478502,0.550698350012279,0.570305430905096,-0.382339777147711,-0.363158627187352,-0.0377303482235335,0.208467178141763,-0.169164035798432,0.190719090136203,-0.334688408060967,-0.227700166138168,0.526508907144409,0.553945348752075,0.428016452707296,0.46870904135216,-0.0124998878244917,0.116912952776595,-0.0412191234175542,0.0195965812829779,0.0788523587026191,0.0042930337884422,-0.0242291647205056,0.0704740596682299,-0.0233218889077716,-0.197431242877239,-0.202860282454264,-0.250058355960291,0.114139765411029,0.0994248639589994,0.241272746460623,0.211952873299724,0.224404651453641,0.0479096713158188,-0.0802855152008819,-0.208027558358009,0.0970417716562633,-0.172216440511759,-0.336650446569319,-0.199774631723433,-0.00447396368105168,-0.145612920563026,0.0992166086372583,0.0316753083353714,0.0716825186943057,0.146523131735272,-0.114377983221425,0.166691287601641,-0.109045217956387,-0.150828950698872
"Frontal_Sup_L",0.0729024466877116,-0.232465845245207,1,0.248024317505254,0.400789669520417,-0.153457037914506,0.547534808018092,-0.0240183034418609,0.121156794766288,-0.0471532472725204,0.200034527247249,-0.234232106218612,0.374745309062578,-0.0788439731201932,0.449344614076792,0.185270737470112,-0.240092154757799,-0.314629625494527,0.0877003566466179,-0.0997863343095152,0.0388292893407742,0.133308466606311,0.667097770453878,0.508443516247378,0.340557875048589,0.218290661588835,0.245791197178288,0.0319032716131572,0.158854624379741,-0.190419077327818,0.332173108563475,0.385992898402471,0.0822907140603122,0.0471200294101246,0.296837093713969,0.0237155623152557,-0.0061059752108878,-0.161180314152873,0.0389444085379266,-0.174446303859431,0.146149362939043,-0.149256751091984,-0.0462647680831938,-0.0581821290522724,-0.0435110255162544,-0.119933532622396,-0.228007833439234,-0.165756881663717,-0.303185788730895,-0.229333832229772,-0.242809448785323,-0.20899315236503,-0.293029855397864,-0.0983777836148874,-0.363783134685452,-0.342226270123512,-0.257329758573482,-0.186414731448542,-0.131758298872944,-0.320076534954663,0.0136904868864532,-0.0849386452507586,-0.08529190779251,-0.130427511720739,0.498154275134057,0.0909568647245355,0.129541292713725,-0.0602747547339506,-0.0790861579882708,-0.237851916305742,0.290366666206994,0.262459352243978,0.285415487387689,0.105495947917663,0.330608171206119,0.141445204404717,0.172951825200729,0.0645830305612186,-0.243534850394475,-0.380370954098852,-0.297293408746935,-0.217929836895419,0.183881871718588,-0.169947691107337,0.24878331438333,0.0673095043137154,0.176923308073352,0.0834974178269059,-0.0731490868853854,-0.0833266119957155,-0.298122593081156,0.0414381499632085,-0.148739031714781,0.248520371340123,-0.361215815204947,-0.33543585917872,-0.333797755461655,-0.29487728381603,-0.323312067430102,-0.179724884900822,-0.292178571506431,0.0239719725547262,-0.20224611546022,0.0904099437471473,-0.0624032561970441,0.124677809680982,-0.126906290304297,0.0856963428116262,-0.0875282331237095,-0.170858315115964,-0.198237193100856,-0.301109399887311,-0.164870629799189,-0.137689518749764,-0.0383622307492418,-0.14295481548027
"Frontal_Sup_R",-0.14718924417522,-0.270299936742254,0.248024317505254,1,0.0803921756835539,0.390374030917161,0.4614248752438,0.690408606683954,0.00507774160986385,0.31623957767903,-0.0375769616802578,0.0831570028621904,-0.0328975601948864,0.0802012955772845,-0.147362768964994,0.0353964868036993,-0.309826386722098,-0.217221759221653,-0.155596665494212,-0.022360243517807,-0.111651520543544,0.201435337065111,0.366519522428418,0.435333559265407,0.21049604886613,0.421716862641553,-0.0229801096195485,0.0595235631988107,0.0562609257941737,-0.0874772429611283,0.2831636640349,0.430157091803576,0.135336771465401,0.362644945660326,0.228871807154749,0.256943160188788,-0.227175947348325,-0.261349257314208,-0.24764743525693,-0.307877941061806,-0.0325814337590951,-0.213728503079442,0.021730709725013,-0.124056872591979,-0.168093352726915,-0.095439998578878,-0.276856475249441,-0.206733388299905,-0.345912737381499,-0.229058597354805,-0.28751544298555,-0.289286720066026,-0.267292571201512,-0.311230531833302,-0.422557220731318,-0.411969957192193,-0.337424598257258,-0.194923026324574,-0.11468921652562,-0.0258009932087602,0.205918033975134,0.430353566219555,-0.153598207930824,0.210750164700087,0.33521619945848,0.519777814504351,0.198191165285174,0.237036129237902,-0.349481273075793,-0.34193823221339,0.0494172962256899,0.15665490720508,0.0389862429905162,0.00955822481062684,0.0966679230906388,-0.0154127546535981,0.125007563966726,0.129281644695622,-0.204065542761783,-0.397804601665678,-0.35157158146756,-0.316774037597385,-0.24901093512218,-0.23632233304615,-0.121179270417759,0.140542633459727,-0.131450276904915,-0.0663408324753719,-0.0543144816890112,0.0521792639407212,-0.04837415086338,-0.0290226024490607,0.177726661783525,0.0814862737805095,-0.285767385911051,-0.275077731466606,-0.438894307850618,-0.300635228147534,-0.254742875003344,-0.196193670643992,0.0653375799485851,0.0896408140117968,-0.00463694340833248,-0.0465786071370629,0.0990517722860043,0.188484608570488,0.0266759726186259,0.150719613950115,-0.00946636817394667,-0.214582904565427,-0.219423251639446,-0.184720393819478,-0.0700539467685228,-0.153788693390898,0.0109043706477397,0.020494427518163
"Frontal_Sup_Orb_L",-0.124281380862944,-0.168344461953141,0.400789669520417,0.0803921756835539,1,0.0683486619081653,0.0199557607873132,-0.177762726290651,0.080486720298034,-0.161164739506129,-0.114063475055466,-0.23585520373632,-0.0301474812682076,-0.0817914118280735,0.150879581207377,-0.0203879895916178,-0.156910226710704,-0.144069268115161,-0.047227610494967,-0.174360654329487,0.463332941638574,0.227762576352308,0.408168921938978,0.37169487063987,0.681538231909586,0.447476477915772,0.718301697974841,0.454740757058217,-0.10485208582736,-0.11732462758091,0.241802665562815,0.203399812598049,0.0995585643324049,0.00546153552228041,0.32691937385473,0.122603711240363,0.0468465373542365,-0.0391908786408657,0.161973273684934,0.0993457216081403,0.0445096457157972,-0.134281738713361,-0.00349944498027855,-0.0432270325678338,0.0666766303093129,-0.0825933603495783,-0.0609322501808962,-0.0550333862197262,-0.0920244874738402,-0.105596492519448,0.0916818376135065,0.0645802145059552,-0.137854991029574,0.0198835876575107,-0.106150244375711,-0.0514712121108323,-0.162228359071423,-0.150166031620041,0.0205996560996265,-0.128928685087182,-0.284749198428972,-0.235730773954726,-0.144160647438836,-0.226772909199424,0.25059276527686,0.0818909974645987,0.286453993970074,0.0982068575584708,0.0380413730284402,0.0103780952159836,0.073084465244546,0.0370609626588886,0.0130416875624287,-0.0023143692874269,-0.00472995729865501,-0.0506843048238447,-0.162145075909398,-0.149090534793643,-0.15912405237977,-0.161955739803726,-0.110222460172848,-0.110590932385742,0.0164130566035941,-0.0971003997529294,0.162637869520724,0.157681682536906,0.086416690404901,0.119448087208784,-0.0991490611461165,-0.0655498322911846,-0.211965962145428,-0.00403265219807099,-0.0808338650862222,0.212272330616092,-0.224185335474997,-0.0470579248876192,-0.0556926682045676,-0.0331358549922935,-0.0762842796551035,-0.112605135736891,-0.197124622555992,0.0167180107664073,-0.0423649373019402,0.0874003012649743,0.174270507970046,0.143805417646569,-0.0128968413183157,0.109346291210941,-0.0793432430966817,-0.163094784357205,0.0286409948130296,-0.0805962043629039,-0.0913966063757961,-0.107650819815319,-0.0127405206869094,-0.0528873311150798
"Frontal_Sup_Orb_R",-0.277505878862535,-0.159621325428201,-0.153457037914506,0.390374030917161,0.0683486619081653,1,0.0592475488436865,0.532845735185737,0.267218466165442,0.731154631858511,-0.0806351742494026,0.167547107028404,-0.0332311876157009,0.209802404706844,-0.109292270482172,0.091741731438487,-0.106532840246094,-0.0721902806013102,-0.357985484204581,-0.192107549026331,-0.0991202695264135,-0.0241551603060368,-0.0458192489166501,0.0739048747814815,0.0277862506758351,0.294853586025166,0.0194079422170812,0.389819879346434,-0.072950697576186,0.0120786529804138,-0.0178104121468217,0.141838832060793,-0.101873302795047,0.139784658793291,0.0477017887255098,0.134776171597984,-0.136543915226517,-0.139601010640431,-0.166569208445809,-0.144688078127832,-0.149729715709928,-0.274748141281717,-0.0112684705457605,-0.115908312310157,-0.0460693169704081,0.0331734188112888,0.00201039433166382,-0.0443215775988488,-0.00926885141344908,0.042652365966199,0.00494173778330208,0.0334413564663602,-0.023653024851172,-0.131958023822366,-0.0607690954191143,-0.155975988673712,-0.245566795725218,-0.201235468367241,-0.0600726056195907,0.0677081207282809,0.0363490170431582,0.358298067703858,-0.225779781622862,0.0413633087630375,0.0555730080633657,0.257925503193178,0.0253397116575816,0.195740540406647,-0.178045910685026,-0.134780394079118,-0.166962913917816,-0.0129215974524276,-0.193719342333659,-0.129145371901249,-0.161457112294923,-0.166512305094983,-0.177601832623549,-0.0951664651491647,-0.158406821815204,-0.18737777149092,-0.160741890656145,-0.173703540360392,-0.135013715688952,-0.0648880618608195,-0.217161558380137,-0.00930027704933747,-0.145364809903028,-0.168091919758687,-0.0916954309420227,-0.00218642928689311,0.0464944942363086,-0.0652211822079115,0.215905867728013,-0.00647136530550991,-0.14763760468981,0.0909591496734217,-0.131582367218285,-0.0709697967331313,-0.0365384602274282,-0.232367276455598,0.199957820128198,0.0897941441392133,0.0190252571501859,-0.122778421406777,0.107750791024547,-0.0282352584622727,-0.0500679297585904,-0.0676446928742011,0.00420820915560124,-0.149739484596887,-0.0929585677592577,-0.139877394758044,-0.0669766185972272,-0.123019278307309,0.0230297241916864,0.102373994561128
"Frontal_Mid_L",0.0167268410586687,-0.257267918290238,0.547534808018092,0.4614248752438,0.0199557607873132,0.0592475488436865,1,0.500154673281582,0.396126169370704,0.16510645168826,0.232334240594406,-0.00628977443845457,0.482064389504828,0.00135672377640701,0.229272236600079,0.00805015969202295,-0.21100830429499,-0.201414475219728,0.0440408063844524,-0.111349738623931,-0.0618989728207317,0.103054419617894,0.305419707316182,0.126674200734158,0.021640635850666,0.0451577681596592,-0.0465741686541958,-0.0647783571121433,0.302416049387804,-0.0913047552698434,0.346251756783563,0.412689318631861,0.226670005739715,0.292849864386434,0.237741707741838,0.178621069977704,-0.296326330255155,-0.310335681885698,-0.141083434054727,-0.400553979896543,0.0109176593086175,-0.182238381577707,-0.0340070051232762,-0.102108481028388,-0.112166637050218,-0.0632707819557103,-0.2846256840808,-0.25580523455973,-0.29073724592155,-0.224585128675411,-0.293517892192053,-0.276455564410864,-0.37057019288802,-0.1898628530817,-0.415632646472732,-0.396727651876042,-0.294625528829598,-0.226231795147089,-0.0737022628781108,-0.140201600373929,0.340261203411779,0.206615476294991,-0.101477673735918,0.0958878936678399,0.385748216862444,0.212755589325279,0.224637984269784,0.137849443945042,-0.241126991141937,-0.361240156481722,0.19342617970583,0.183979462665344,0.126561236738446,0.0308434642715623,0.144477907307453,0.0868145792517705,0.155495038245443,0.0651053798262994,-0.254359194159193,-0.354792701537954,-0.304757139273299,-0.271340624919731,0.0170449167708702,-0.261193933231172,-0.127233114809592,-0.100617078815806,-0.194424612068234,-0.25094219611463,-0.23369341288983,-0.213796072816742,-0.17582771391985,-0.0069602100458849,-0.0757690060960441,0.10845965125327,-0.396016449129757,-0.334397517752024,-0.468573620584396,-0.393687792594316,-0.315573746968627,-0.135625057494885,-0.178998728087685,0.177529464268496,-0.147524501746445,0.00326039761852629,-0.00197500774690331,0.125705942794341,-0.0630211989930533,0.110380064435738,0.00518635854679309,-0.323702114389051,-0.271930042279858,-0.323866919104941,-0.128590176341786,-0.211702302386931,-0.0477149148634438,-0.0314422261516333
"Frontal_Mid_R",-0.223112700480399,-0.174427817554331,-0.0240183034418609,0.690408606683954,-0.177762726290651,0.532845735185737,0.500154673281582,1,0.195257955586973,0.611987421054875,0.0299918776983266,0.3771300004577,0.177246813898492,0.314867059108348,0.0188886404680734,0.168314796625712,-0.208210022097104,-0.131935863676812,-0.189552188881078,-0.0208499279980254,-0.149714391452417,0.115688031615722,0.0767054004378328,0.0955373456546343,-0.0978614621567553,0.0987186402820053,-0.254600180393943,-0.0559869099744119,0.11757019369806,0.0601713356529726,0.184903427498462,0.352088655327402,0.132396601151867,0.356998829605762,0.00548152199685889,0.118086810105543,-0.261676818019138,-0.233732671561299,-0.204104645358344,-0.242876737317317,-0.0747108415567251,-0.132627168527373,-0.146614819373512,-0.203758944757632,-0.181287818234412,-0.0615943590753168,-0.267607182796205,-0.200413910543049,-0.263759819049043,-0.121167172523889,-0.252545990647064,-0.200971320077834,-0.166031407067723,-0.174840754671587,-0.297528799249085,-0.312235654322862,-0.326336458992323,-0.217137966415634,-0.166109695456878,0.127321719626612,0.336648507259819,0.635300026634158,-0.102730852125183,0.330716535140171,0.179588157888465,0.457167824381776,-0.0520077934697276,0.167819428487183,-0.345466980681601,-0.331615393834808,-0.037243085518753,0.078136775698374,-0.0709549653003945,0.0153357252677738,-0.0282046842224553,0.0187919113498389,0.0448070981265981,0.0965770755221809,-0.18954204507761,-0.24310443734689,-0.243316280698466,-0.233189811722696,-0.15905931156899,-0.144586880450452,-0.262777679862362,0.0529042491650029,-0.217882094865341,-0.247961551232261,-0.0578331637987998,0.0635880355219344,0.0427814598717689,-0.116246266952121,0.220155353108964,-0.0407081294903111,-0.288955094749987,-0.189559752591452,-0.41973316374276,-0.283957420585819,-0.219770322383373,-0.22980514983305,0.168616052932924,0.0876298222536792,0.0139574316866189,-0.171274742955217,0.0112503560702078,0.00812659534555812,0.0900592565504212,0.050596242103292,-0.00476913510935624,-0.162174551547383,-0.203239290194677,-0.179882875171188,-0.0480370379244969,-0.153387258387125,0.0817840672861948,0.0988649788412127
"Frontal_Mid_Orb_L",0.0535798654413958,0.0310852582736204,0.121156794766288,0.00507774160986385,0.080486720298034,0.267218466165442,0.396126169370704,0.195257955586973,1,0.26977792518661,0.116460931510351,0.141023628644379,0.259239194984144,0.0388672215657494,0.175329172952643,-0.0547212338741293,0.175792664123104,0.150120417813278,0.104644248304693,-0.00351686074745749,-0.0867332142088456,-0.160673413381378,-0.0600529835899956,-0.269277743346354,-0.197842255519666,-0.300401067549157,0.0151298360971662,0.213669724878089,0.182978668486189,0.166550737288068,0.116131423888878,0.15211193535002,0.104234822022139,0.193063116293681,-0.0612517310489071,-0.0953237307230129,-0.306292185244,-0.255039629375792,-0.271162353279266,-0.32609986419419,-0.12808907381695,-0.231096390063092,0.00608056790685921,0.045601646220167,0.121131067313055,0.189025378058806,0.059193323672968,0.0699051750484849,0.139523338447062,0.0721642609564511,-0.0610703457111282,0.062159541075009,-0.080356169363538,-0.020000546480224,-0.132201953812511,0.000344023218177146,0.0493355020374583,0.0603116407742011,0.0666334612475472,0.101759049506869,0.156427439953585,0.0957058778079437,0.0284403137179831,0.0779979866973297,-0.0494409389483614,-0.0814920209740063,-0.00996687855641304,0.0554915054673296,0.0256139971192181,-0.0859581270506402,-0.159946083043922,-0.0477730569735149,-0.0530798072048887,0.0394918169668153,-0.0914903756088115,0.0559668239602798,-0.193945244228725,-0.121837623793385,0.057136018513978,0.0116831404310346,0.044034180609221,-0.0364471364729605,0.100077216336107,0.0114602295584535,-0.255071493529894,-0.140692411513879,-0.254218963753042,-0.240044819335048,-0.464819233928269,-0.120904649248905,-0.107836901843203,-0.0951409297748805,-0.107094348899531,-0.099519799058928,-0.237377507812833,-0.00973562848959504,-0.122980592881293,0.0528629517595064,-0.0356925573620194,-0.0286378356039114,-0.0873593150178825,0.0180587676984328,-0.0864797167454537,0.0222082162819973,-0.114877692692413,-0.110777249191452,-0.191744282509884,-0.0256958128465096,-0.0319632887151284,-0.230622137370768,-0.0540113114198118,-0.0487786216786078,-0.031365452905082,-0.00428494848658853,-0.0410832622903671,-0.0581351462753438
"Frontal_Mid_Orb_R",-0.228590351946967,-0.0535888472516798,-0.0471532472725204,0.31623957767903,-0.161164739506129,0.731154631858511,0.16510645168826,0.611987421054875,0.26977792518661,1,-0.0282794811057496,0.238124844210955,0.0902553511521213,0.243080775849756,0.127893720522266,0.255156156364145,-0.0898131086982936,-0.0479338978298674,-0.215007910129703,0.0177278087652406,-0.167305716807681,-0.0681976926022289,0.0294034570781237,0.0551279983538682,-0.194708224372887,0.0315933755014403,-0.213301480108195,0.0919801126690818,0.0319385849379271,0.0442726300346112,-0.0667816422273892,0.211562643370759,-0.0986561854778237,0.121492613958407,-0.126870067971089,-0.0785944876153849,-0.166196304400132,-0.0901879517968447,-0.14605550413908,-0.144261537762196,-0.184739716603518,-0.145610465137814,-0.135701697439597,-0.139704566326653,-0.104897458945978,-0.0136273880206873,-0.020106216469465,-0.021446922557429,-0.05514410341747,0.0460969941225014,-0.16515188023738,-0.0288690312475545,-0.0325054752019856,-0.0555717240326791,-0.114191846394728,-0.11714252752067,-0.21071989881221,-0.171531200962539,-0.201072312929149,-0.00535265700012805,0.0977765154881058,0.406267582868725,-0.136926334968484,0.0731641434593652,0.0365287967811416,0.156696286827513,-0.26148490349334,-0.0940999696045475,-0.142914662676024,-0.139057881706937,-0.102162186142601,0.0568184546697003,-0.129297781329365,-0.0376145559188057,-0.131860285247965,-0.025167822605825,-0.186084684248316,-0.0955188943298725,-0.160368112369352,-0.0932864214909436,-0.119912572956888,-0.116211491966618,-0.0494759836540355,-0.104074772949568,-0.159810880941603,-0.0882202468697001,-0.103636568947708,-0.250737535504019,-0.116661335451233,0.0721995159462728,0.0169973216822879,-0.0970026610286455,0.225194372344216,0.0189695112993151,-0.178518787856423,-0.0294772768809544,-0.166401346402473,-0.0851088583538108,-0.0340955380512326,-0.223621577964114,0.186704815708314,0.0256770119873851,0.0309515376600067,-0.120162443786662,-0.0412799405777427,-0.10377178757085,-0.0849884651480175,-0.0427862366137524,0.0416290063696363,-0.130589479185725,-0.129026602189959,-0.18426279946239,-0.160283972128988,-0.0473956880430751,0.0660526465870909,0.108736531507067
"Frontal_Inf_Oper_L",0.461717228213374,-0.0146242847695301,0.200034527247249,-0.0375769616802578,-0.114063475055466,-0.0806351742494026,0.232334240594406,0.0299918776983266,0.116460931510351,-0.0282794811057496,1,0.43013758087205,0.71914235611868,0.49059420138384,0.449837358531615,0.415410173122392,0.349236434384625,0.00588075987284741,0.392520104320402,0.266915610619874,-0.178919411084848,0.0356062594067059,0.163359512272379,0.0180357543752037,-0.181492444659768,-0.135345889307604,-0.132371400804908,-0.157325369504262,0.545904490122374,0.360667256586905,0.175251543588442,0.0886738134147069,0.122463602181902,0.152759248947377,-0.19448916632862,-0.313946264576631,-0.188919835274259,-0.090413883058666,-0.113964501008583,-0.143057858093269,0.356990461634301,0.192170281280221,-0.215566409727714,-0.198411706599186,-0.351117550966532,-0.267326021022782,-0.229678870285761,-0.259721102143884,-0.336263209706752,-0.293595332063769,-0.305506256262741,-0.255070296010556,-0.0584779110354372,-0.0884074416016004,-0.170601169449914,-0.156675720348996,0.044867488217463,0.0382942910885412,-0.0631015221484143,-0.166638679671428,0.409370509241963,0.0245466807912772,0.522345356264914,0.386801313923027,-0.0708287607948404,-0.137975459304692,-0.231046576766002,-0.212817889678907,-0.0768078108629504,-0.0119344920903847,0.194349833191236,0.21382414708465,0.512831235379732,0.381507966576909,0.378588836372594,0.401797369598998,0.342821871630664,0.235921731416216,0.111189100227581,0.178558260481149,0.271485343844027,0.215304528770909,0.418399728200663,0.232556652804556,0.100503598811754,0.11599869474291,0.0295863701288259,-0.261831384174963,0.00181722105963505,-0.0858620427737433,-0.155302810025043,-0.180733740326155,-0.282198976021926,-0.141962414680748,-0.210618153979077,-0.273220337014565,-0.297109537617055,-0.286784423291202,-0.293389582283162,-0.219231032663295,-0.181150765143122,-0.0497813717627714,-0.204746831681722,-0.0626249704017444,-0.320493650203316,-0.229219968729798,-0.328455609721976,-0.274536202627182,-0.139074641282802,-0.09061221053882,-0.292244418639928,-0.275887214981258,-0.0645634998856113,-0.208889361570847,-0.258930356131004,-0.341849699962216
"Frontal_Inf_Oper_R",0.236883715563608,0.159741083089553,-0.234232106218612,0.0831570028621904,-0.23585520373632,0.167547107028404,-0.00628977443845457,0.3771300004577,0.141023628644379,0.238124844210955,0.43013758087205,1,0.305597863028864,0.672592488107408,0.0350584846823241,0.284887761281561,0.375309980277204,0.291671539336746,0.249596331462797,0.253848006538315,-0.158728599300784,-0.0613347128182547,-0.133915657461211,-0.167704092033093,-0.315445451059335,-0.243746584061841,-0.277878906952857,-0.206056135179586,0.318368630588455,0.501706662900125,-0.0743805929530755,-0.045885665458418,-0.0590993791299356,0.10925025403223,-0.391373093588419,-0.409539298044451,-0.127376961268062,-0.0118588201557921,-0.0512299097561626,0.00256739810177012,0.286101128765261,0.346488563557587,-0.274432413219795,-0.20274509389713,-0.330526672002773,-0.227738486556189,-0.108948033288738,0.0170691633090337,-0.170148648048444,-0.05856519733746,-0.117058535189744,-0.0823869639246322,0.106547292126148,0.0863073701764068,0.0524026940915673,0.059433036009942,0.0518631867322487,0.176019424022933,0.0313624015299888,0.205829606200996,0.34391880061404,0.396278334204116,0.391650031131143,0.504642162287398,-0.306667846302084,-0.0298506315185234,-0.365544502979242,-0.251014270100375,-0.0494071462700889,-0.0547747627596403,-0.138817849407722,0.0499936941359313,0.28283309503293,0.464975493016999,0.122367338039545,0.462901338746528,0.0420776211685017,0.183921132252961,0.255606453923208,0.261827614596906,0.342412227620656,0.296609767762584,0.0927933850116816,0.22929895122887,-0.159970756301412,0.0790746655838715,-0.144532949702681,-0.207388958559999,0.0131830940597702,0.125667253735885,0.191758947001626,-0.169638377775697,0.0409905545722673,-0.259744203508639,-0.102661945866041,-0.029038245056225,-0.0730300308777247,-0.079416897456197,0.113910474648764,-0.0075833015891661,0.222873953621971,0.035393307451816,0.213090482839503,0.0559491371503746,-0.218145294208614,-0.19796058098858,0.0456702034928415,-0.050154229654149,-0.148123837487252,0.0513249168893306,-0.0402247734400653,-0.0403764077286866,0.0503713244517232,0.0462833032503778,-0.0948979625130799,-0.226421809057271
"Frontal_Inf_Tri_L",0.13950586514211,-0.100547316790327,0.374745309062578,-0.0328975601948864,-0.0301474812682076,-0.0332311876157009,0.482064389504828,0.177246813898492,0.259239194984144,0.0902553511521213,0.71914235611868,0.305597863028864,1,0.354463677657176,0.677436715117935,0.391599805283702,0.190833666415583,-0.0869687592575803,0.166666646848741,0.0885983967840021,-0.0692952285301937,0.0876878541035395,0.192594473341823,0.0301512763559064,-0.151046030423066,-0.153786671226403,-0.161776811092615,-0.107796583725185,0.504818102776516,0.249574387794822,0.164162143219446,0.119871070387038,0.0750466621255321,0.0811096920270321,-0.136688152687881,-0.249687226387491,-0.117487360066878,-0.06159819968039,0.00409255327397229,-0.076046895645469,0.333629256723073,0.115069486237002,-0.170208047507072,-0.109694491079529,-0.25720516589746,-0.197554793961952,-0.232042257946844,-0.215759752765155,-0.231531109013031,-0.11444012340472,-0.226169440412557,-0.116294273315006,-0.115623603497672,0.0382645549780937,-0.195044812719014,-0.165864516940973,-0.187976515907078,-0.128864207830792,-0.10818683925919,-0.115682548079061,0.344103960071624,0.00814954388195464,0.217537308723614,0.159790139699491,0.0810257422445048,-0.119952506337684,-0.265697310091947,-0.261216758847288,-0.14451865204131,-0.13973586561081,0.196486772009434,0.192841194540952,0.391937849243582,0.297848032815264,0.301533953475115,0.302480231370718,0.184265934715835,0.0242559466382033,-0.0731644373030234,0.00938984632548163,0.082239527097222,0.0486732125163492,0.459571299828926,0.138866095524771,0.139899039116156,-0.0125686217211043,0.118171986608419,-0.285072420863819,0.0339632392010104,-0.0895977246478376,-0.209565892413809,-0.105686741445278,-0.233206519827525,0.033155773234897,-0.33730104174147,-0.307819949502455,-0.365928982797186,-0.331371088696284,-0.289644034139362,-0.23051209646854,-0.129640167317226,0.119389116984005,-0.212812052504853,-0.00239153812526913,-0.216170911923635,-0.180739855238485,-0.209082734525212,-0.141460554944587,-0.0976064403540181,-0.123884886059891,-0.303544178593318,-0.362011284242747,-0.122586539592824,-0.205407222453781,-0.139755389569929,-0.285712334770493
"Frontal_Inf_Tri_R",0.0515150133634574,-0.105049010749134,-0.0788439731201932,0.0802012955772845,-0.0817914118280735,0.209802404706844,0.00135672377640701,0.314867059108348,0.0388672215657494,0.243080775849756,0.49059420138384,0.672592488107408,0.354463677657176,1,0.314093086650895,0.670102355045013,0.0909542342124513,-0.120654059325669,0.00222979267947642,0.0718442726551278,-0.0738741863489718,0.030225456571315,0.171901235079117,0.205504004498152,-0.0537855390321379,-0.0878797318721623,-0.104603639478775,-0.144462182473793,0.198591541767081,0.200444921441266,-0.00814099274973147,0.0242524781341649,-0.0988104577411655,-0.0254374306558877,-0.146103330808218,-0.215672065914853,-0.107405871252454,0.0951557936244044,-0.0294113970515772,0.0471271203451763,0.302273140128508,0.19467716463177,-0.261123020888792,-0.257432660310695,-0.41829437949805,-0.395078467942827,-0.236041254197194,-0.198326409932593,-0.328283790750341,-0.227672713764799,-0.162530577710716,-0.118512963788086,0.0220846516915326,0.0111284973685331,-0.0487606838452893,-0.0196536008923081,-0.157848836351697,-0.0737364498291395,-0.163886874672825,-0.0171671701273796,0.138398413426168,0.312518060637931,0.23306814685841,0.28248320739926,-0.0863695999879723,0.206115746906381,-0.263456998383604,-0.179767027207004,-0.204396549603383,-0.13414343981086,0.059281314500317,0.189042780983431,0.318919212024062,0.237779568750449,0.217086540277279,0.323648844142648,0.144028797107049,0.183017220140014,0.0220523824507487,0.0999502886515818,0.163054213211918,0.251992383710302,0.236847766016115,0.215032573615136,0.0618288195460882,0.406841868536978,0.056754147097461,-0.0177169636281341,0.06749791116437,0.18457120424512,0.061664522946966,-0.185217054387775,0.0864670319417166,-0.116079037370912,-0.167842216127073,-0.147956206608421,-0.245259459771332,-0.197805118842496,-0.182747631712132,-0.252174941245768,0.110265248423757,-0.00895431839556215,0.107470846447436,-0.0279726112821962,-0.0893832329841914,-0.0380461781496576,-0.0632230472792967,-0.0792319054979021,-0.156988955077065,-0.0652545978618647,-0.180052016390228,-0.258559012424467,-0.0594573092738202,-0.117702386833417,0.00605415322955062,-0.188845798061067
"Frontal_Inf_Orb_L",-0.0542303254875178,-0.161769775696322,0.449344614076792,-0.147362768964994,0.150879581207377,-0.109292270482172,0.229272236600079,0.0188886404680734,0.175329172952643,0.127893720522266,0.449837358531615,0.0350584846823241,0.677436715117935,0.314093086650895,1,0.623666060171098,0.0491456928474032,-0.21943563505902,0.079830092645217,0.0435804042982093,0.143171889312362,0.233144497682417,0.380177867120807,0.2316844780884,0.0586548481991312,-0.0856748814901453,0.0502789215767283,-0.0212586448118787,0.320371056378713,0.11697015637697,0.196083935388089,0.235091190674327,-0.0174721647196981,-0.0266292060294206,0.00935564304678034,-0.157207937241129,0.0644857356916433,0.0597892018479025,0.109730391851106,0.0802296585752017,0.215029712758093,0.103083349244574,-0.193754709517275,-0.11148605901825,-0.162756168153563,-0.218513795228587,-0.223621573021523,-0.259294698684261,-0.172974214732304,-0.175256029475639,-0.298447971311356,-0.14577017021408,-0.231212915316895,0.0315938054254805,-0.307582051073744,-0.20000655009555,-0.250704509342976,-0.201839577797804,-0.315058152831394,-0.203785900454939,-0.0519078617554808,-0.0687783344455902,0.0342362451722081,-0.0688368162488387,0.230241279275219,-0.0700286404392941,-0.326932787771318,-0.309130097052757,-0.154696940812895,-0.147020101015532,0.22175786453289,0.255222741715233,0.314061923124253,0.198114596370245,0.295657553180193,0.185283415651879,0.148212961582046,-0.0169010044728034,-0.144900582215574,-0.0720100841875846,0.00579101483514561,0.0316490035000142,0.633712063013924,0.233397323432311,0.346219935957595,0.144201961047704,0.386643685571775,0.00748710752073415,-0.0105485091542152,-0.0709736259422299,-0.2981745447855,-0.0882175898622666,-0.0628628218348699,0.196757960055303,-0.203753991373625,-0.202434700995988,-0.276469923136383,-0.261651904917176,-0.361686666454007,-0.325584923605484,-0.0837568922016703,0.0591750586947868,-0.0937859245078537,0.0390570361331853,-0.0527676010083579,-0.0745492230191333,-0.143989953213619,-0.0626937291844362,-0.0561692600508214,-0.0722651545072471,-0.346477791941978,-0.324213727953143,-0.09244383373643,-0.0472445459343287,0.0962082402968178,-0.0959076421397081
"Frontal_Inf_Orb_R",-0.105845510597382,-0.221460519373601,0.185270737470112,0.0353964868036993,-0.0203879895916178,0.091741731438487,0.00805015969202295,0.168314796625712,-0.0547212338741293,0.255156156364145,0.415410173122392,0.284887761281561,0.391599805283702,0.670102355045013,0.623666060171098,1,0.0336126853561853,-0.284257523173541,0.0434798861545776,0.121702601321837,-0.0170588379326563,0.237691694570607,0.419229523213222,0.399279000424792,0.121278366215749,0.0490073503070608,-0.134088355389493,-0.090394582541158,0.30064221984401,0.246188651711316,0.234685177041284,0.281746116572825,-0.0449027548865818,0.0315382785054156,-0.0274155569486926,-0.130977740057035,0.0622034751544457,0.213940270473119,0.0304312676189576,0.149783618257095,0.260085982469514,0.220540370739765,-0.210295205534127,-0.196072487749365,-0.36244915574533,-0.413691845378293,-0.251982089117523,-0.26282029536477,-0.364785855282293,-0.406017844548489,-0.362019454215524,-0.345727233042323,-0.211647261828858,-0.117038586466134,-0.207077151261699,-0.205599724340073,-0.351130381051128,-0.319385086921478,-0.479802900486309,-0.310037465440765,-0.15377596890441,0.0932739511219071,0.112497757661092,0.123696164977355,0.0869829051017829,0.126975663315907,-0.323247997277826,-0.283771803687943,-0.318758926143254,-0.239571938038621,0.244525607454658,0.309886176900581,0.344190976483704,0.229995764151129,0.335057285427075,0.264588809509501,0.283080745767031,0.22170898365841,-0.0570445890468716,-0.00356213252907628,0.111307930331526,0.223020801607272,0.605018203067875,0.399887321084791,0.306184222296227,0.378027569594851,0.270631517195042,0.0920348332764124,0.00381246594221472,-0.0384849782687137,-0.137680284830489,-0.162277797619899,0.0935941370011258,0.0683372384935415,-0.147195593074778,-0.101887005252146,-0.214378461518243,-0.156129608178878,-0.252313229625869,-0.334809648862828,0.0432486479174206,0.000323175806877506,-0.0165504778718777,0.0268971736040257,-0.0226212373585095,0.0334842887729317,-0.113202392169196,-0.0412739070699584,-0.170877489694169,0.0112025003410695,-0.18111555185399,-0.233418176146835,-0.0536226089837275,0.0083326695638492,0.155553332077679,-0.136472993657233
"Rolandic_Oper_L",0.48871923071351,0.484268489292066,-0.240092154757799,-0.309826386722098,-0.156910226710704,-0.106532840246094,-0.21100830429499,-0.208210022097104,0.175792664123104,-0.0898131086982936,0.349236434384625,0.375309980277204,0.190833666415583,0.0909542342124513,0.0491456928474032,0.0336126853561853,1,0.751607511424836,0.409838340720203,0.370556880055773,-0.242448848225017,-0.193370213109217,-0.294043203054762,-0.383623178824753,-0.331971316529019,-0.332276658068243,-0.195552334858414,-0.110820538760035,0.545469768762412,0.7466530937536,-0.106893619362779,-0.143310699716877,0.0697933066632795,0.0766300979498054,-0.435041872787633,-0.468124160032388,-0.0229590018005996,0.0642771172203816,-0.0782607956161449,0.107603656628446,0.203462512531629,0.357755357601544,-0.246096626612534,-0.158517065055963,-0.141667715432265,-0.0492007487473809,0.0237192172660221,-0.00684431404754731,-0.0282897029615011,-0.1204198737524,-0.205344138505625,-0.233503625878224,-0.0521874175995304,-0.0878380001158325,-0.0156014016386976,-0.0054604993680321,0.585696048625194,0.487573259626282,-0.0275357625089722,-0.0758278068474519,0.0604143117663901,-0.134230770035573,0.548793222732561,0.352081635835591,-0.323254328785928,-0.320966090047511,-0.372141626851229,-0.35518252990408,0.248688926141252,0.228990490605404,-0.186574218943584,-0.158482167851788,0.22010861559937,0.483988628606826,-0.016803022340969,0.293818351763508,-0.137955626416586,-0.0712873451622288,0.782954792517374,0.622579083974333,0.846051360603786,0.637161871551155,0.289295529964956,0.43296005845622,0.0433841839190858,0.014722398869656,0.00420684008603992,-0.101675308906085,-0.151920196465208,-0.203127892563326,-0.161453224556683,-0.248054683797622,-0.275689661483898,-0.336159910122526,0.0280251355814292,0.0137480000651481,0.0990153974838233,0.0589765579881855,0.0458804531806747,-0.0560543549207328,-0.133183627972013,-0.247204294760884,-0.0484991524276539,-0.0108065892279981,-0.349367355021731,-0.388548692639373,-0.223697110979233,-0.325480130817926,0.0113880691795719,0.0121065048015348,-0.0134237446008114,0.0907723928052963,0.028798801327052,0.167276989496482,-0.23817669636062,-0.192460524151941
