"","Precentral_L","Precentral_R","Frontal_Sup_L","Frontal_Sup_R","Frontal_Sup_Orb_L","Frontal_Sup_Orb_R","Frontal_Mid_L","Frontal_Mid_R","Frontal_Mid_Orb_L","Frontal_Mid_Orb_R","Frontal_Inf_Oper_L","Frontal_Inf_Oper_R","Frontal_Inf_Tri_L","Frontal_Inf_Tri_R","Frontal_Inf_Orb_L","Frontal_Inf_Orb_R","Rolandic_Oper_L","Rolandic_Oper_R","Supp_Motor_Area_L","Supp_Motor_Area_R","Olfactory_L","Olfactory_R","Frontal_Sup_Medial_L","Frontal_Sup_Medial_R","Frontal_Med_Orb_L","Frontal_Med_Orb_R","Rectus_L","Rectus_R","Insula_L","Insula_R","Cingulum_Ant_L","Cingulum_Ant_R","Cingulum_Mid_L","Cingulum_Mid_R","Cingulum_Post_L","Cingulum_Post_R","Hippocampus_L","Hippocampus_R","ParaHippocampal_L","ParaHippocampal_R","Amygdala_L","Amygdala_R","Calcarine_L","Calcarine_R","Cuneus_L","Cuneus_R","Lingual_L","Lingual_R","Occipital_Sup_L","Occipital_Sup_R","Occipital_Mid_L","Occipital_Mid_R","Occipital_Inf_L","Occipital_Inf_R","Fusiform_L","Fusiform_R","Postcentral_L","Postcentral_R","Parietal_Sup_L","Parietal_Sup_R","Parietal_Inf_L","Parietal_Inf_R","SupraMarginal_L","SupraMarginal_R","Angular_L","Angular_R","Precuneus_L","Precuneus_R","Paracentral_Lobule_L","Paracentral_Lobule_R","Caudate_L","Caudate_R","Putamen_L","Putamen_R","Pallidum_L","Pallidum_R","Thalamus_L","Thalamus_R","Heschl_L","Heschl_R","Temporal_Sup_L","Temporal_Sup_R","Temporal_Pole_Sup_L","Temporal_Pole_Sup_R","Temporal_Mid_L","Temporal_Mid_R","Temporal_Pole_Mid_L","Temporal_Pole_Mid_R","Temporal_Inf_L","Temporal_Inf_R","Cerebelum_Crus1_L","Cerebelum_Crus1_R","Cerebelum_Crus2_L","Cerebelum_Crus2_R","Cerebelum_3_L","Cerebelum_3_R","Cerebelum_4_5_L","Cerebelum_4_5_R","Cerebelum_6_L","Cerebelum_6_R","Cerebelum_7b_L","Cerebelum_7b_R","Cerebelum_8_L","Cerebelum_8_R","Cerebelum_9_L","Cerebelum_9_R","Cerebelum_10_L","Cerebelum_10_R","Vermis_1_2","Vermis_3","Vermis_4_5","Vermis_6","Vermis_7","Vermis_8","Vermis_9","Vermis_10"
"Precentral_L",1,0.379516567741821,0.0228765845857261,-0.0989284215621763,-0.292329016983571,-0.253713436658036,0.0824423489777905,-0.010047990723206,-0.161156867588341,-0.277467313469457,0.408691055262322,0.396204269779376,0.244556035970694,0.157200656368296,-0.0891206060507726,-0.222101945615409,0.198545751173935,0.181111499461783,0.550810311475658,0.262217164731181,-0.324942945434825,-0.252254759369803,-0.235330870825578,-0.279661729520824,-0.422875691457799,-0.414812346402496,-0.219248657205768,-0.246764905371294,-0.0232327583649221,-0.035806752901996,-0.36926586791106,-0.293387691146763,0.0332876498994942,-0.0658242031821241,-0.0997445763870161,-0.0841073151232017,-0.244617098364593,-0.261729564259092,-0.310319019228253,-0.239125082158281,-0.0911721664619326,-0.221870434853942,0.130110093901875,0.138155181962243,0.0159554494877827,0.0567066091236178,0.134430468628796,0.111104482322016,0.0786191872961855,0.0293399084605786,0.143929457500701,-0.0669812886364502,0.217506581913508,0.0935267841413741,-0.0423374093470526,-0.0448581507516528,0.482629640980935,0.376063444208943,0.21748505132809,0.0695275814354489,0.230410652184778,-0.0565549848853949,0.307576129098676,0.109992061042772,-0.147596485561306,-0.269084445423826,-0.1827066377292,-0.177449509134399,0.24457892002939,0.19273951084144,-0.00957581968481748,0.0278077905894167,-0.0425325443016133,-0.0429068559302016,-0.0572738065595747,0.0121696030079296,-0.00314741930089369,0.00512690443212965,-0.0274703638788892,0.089643111137411,0.0118451736738397,0.0698955510097838,-0.154871519435951,-0.117794333840456,-0.0614641960721599,-0.229107111977984,-0.0931702983293307,-0.070881040424535,0.0886073416675167,-0.0157135073979783,0.199890740994465,0.224880680118422,0.0435848847925605,0.172198890039258,-0.196926197623587,-0.233826208068102,-0.0122570897005318,0.0661374288765097,0.257375699003067,0.339321417916953,0.185380346474934,0.198008553944871,0.173499469862746,0.339392466194536,0.0161538849683213,-0.00787045892961006,0.0444501993671387,0.118648842319632,0.0286987050418507,-0.0638162755478286,-0.0124722573069575,0.0833049888650154,0.226534834995388,0.129058047471992,-0.0732118976335545,-0.181751339462205
"Precentral_R",0.379516567741821,1,-0.12199007794476,-0.00157591212908854,-0.243299856403,-0.1412485886928,0.00587704662633897,0.0370869981178325,-0.143357799852719,-0.163829775884667,0.0709923866551311,0.29625788413819,-0.143632317376053,-0.0730115600811752,-0.348661360798432,-0.230008325881616,0.483664207337895,0.56397761049792,0.422389617861288,0.375561304391741,-0.204779430852745,-0.171695172391374,-0.245714455248815,-0.203316199306369,-0.221926204994537,-0.200209225530021,-0.163874543733174,-0.258580373024984,0.126755369094461,0.268491652288588,-0.15373128400722,-0.120115093353798,0.109928251018623,0.17262412791493,-0.294612094255423,-0.249519691122751,-0.136020370541747,-0.266315563110896,-0.183628591595578,-0.0952739902943169,-0.00122647388021613,-0.0453190143268139,-0.00106063146908718,-0.0139430587382752,-0.161030242635673,-0.101469803262462,0.036167245851721,0.054724584734342,-0.0779737818642198,-0.0844510292933176,-0.00165880159778426,-0.0767337414020441,-0.00873024324657612,0.0221773382458727,-0.156420780611049,-0.14299625832595,0.529808860765862,0.632760914084005,0.0900226400894745,-0.0612918663545043,0.0674839918700657,0.0202339207428382,0.366989135777704,0.238073412576739,-0.276841120183984,-0.198011066531132,-0.155701515611767,-0.13503241940914,0.284759701925863,0.229598098627071,-0.168503179636046,-0.0657039514617955,-0.0593224923004394,0.133142085104887,-0.0413044685280816,0.0901906745141428,-0.144840353315533,0.134561888734539,0.252914968538204,0.374521909761938,0.341287171111613,0.258646395159969,-0.165658182315768,0.0387533479831375,-0.156593042086098,-0.275452665104526,-0.185447452950991,-0.123291832894192,-0.233130190515037,-0.207247855009508,-0.0360737638831746,-0.113534162848027,-0.14428489322041,-0.146387381035441,-0.0462166340841931,-0.00992108150639614,0.0360369533807291,0.0507396300312335,0.176854496623161,0.0566171063252477,0.138671017528832,-0.00521899137828323,0.240997089942796,0.0992805605032508,0.0603470991609679,0.0405945886135727,-0.0315283273117091,0.0630257955896646,0.0790478743113723,0.0964104981272156,-0.0659735653233775,-0.0148156670592048,-0.0149305280630952,0.0399023207619126,-0.130492987067174,-0.0339536659198987
"Frontal_Sup_L",0.0228765845857261,-0.12199007794476,1,0.204048155880785,0.430816779212039,-0.0164626403280231,0.597400560125061,-0.120362005882689,0.264338362073858,-0.116883465932996,0.0596603966651714,-0.223197765768796,0.307179871431017,-0.180153162601418,0.363842564706252,0.026888464780829,-0.0639420562597227,-0.174345270763554,0.0842337395822775,-0.0660420217205236,0.04103215212359,-0.0894475823843176,0.652822996958135,0.503753725239198,0.334474913467198,0.182638448772503,0.303532479435268,0.044197512773725,0.0061749703751737,-0.200927143146181,0.163672475695018,0.164782944452014,0.232603656616407,0.0227449988207785,0.213475278002966,0.0513230656028618,-0.0910847172288451,-0.155235303257775,0.00706432313148057,0.00878618856590457,0.10323292681117,0.0526831617624227,0.0129952346089621,-0.0690108968584561,0.0671344514885125,-0.0323813952729842,-0.0158912651803919,0.0115171037621676,-0.0169092639631651,-0.12367316579265,-0.0460955649641666,-0.114451868366479,-0.0840470258001804,-0.113955692834618,0.0732950341526564,0.111762878063285,-0.0267859302654698,-0.0068809066064109,-0.033904862690937,-0.172008711742149,0.161877592088728,-0.237178418406191,-0.162504266017417,-0.213217914420222,0.451811982950493,-0.0110186183459484,0.114990360084139,-0.104243221057255,-0.119299204966881,-0.18281910150901,0.0869645736620719,-0.234041981225594,0.194437907843738,-0.0155208905767987,0.133808534700274,0.0539264739447004,-0.0518543495983632,-0.183558153779631,-0.21725157261537,-0.197490343722717,-0.274703651433494,-0.13258234370369,0.311885317714582,-0.0253922262418023,0.351483316350143,0.163413075320549,0.419348333312965,0.392543444474135,0.298947154514089,0.164664431457269,-0.388157240499961,-0.0673953105573426,-0.24273749679772,0.153755067066614,-0.236054987056212,-0.34353233553583,-0.19573664003923,-0.136184079980847,-0.155937051783678,-0.0888270984961395,-0.267756534363881,0.00646823009025746,-0.303809750377684,-0.22895485505099,-0.32654139329366,-0.122546998319947,-0.179993576927946,-0.131229133102657,-0.0238416851032005,-0.153379714268919,-0.0473835728060651,-0.20803338412592,-0.303398761035248,-0.00800805924277332,-0.0354977939896652,-0.305823794814006
"Frontal_Sup_R",-0.0989284215621763,-0.00157591212908854,0.204048155880785,1,0.00900034405774904,0.321536645671543,0.360212840280049,0.659796335889222,0.112780426609485,0.242370913535032,-0.061514006930572,0.204071658013166,0.0510434026378657,0.233940975181542,-0.0515960044123685,0.166856574557958,-0.132337492874081,-0.115399257647003,-0.12622287073266,0.138352299464731,-0.0165706595366062,0.101487310575281,0.26456792851271,0.528504738512029,0.19679706869137,0.318509995011491,0.102609727385863,0.127096478140238,0.0230932780574135,-0.0160215975826743,0.210246312204731,0.361985947331014,0.183179245836602,0.409075677511285,-0.0273425393115078,0.0831998222112143,-0.101834861744672,-0.13777951025067,-0.0699949469554014,-0.0936043911465086,-0.0445980150215491,-0.0566917898540988,-0.0844907444388335,-0.120752745312039,-0.177052954060306,-0.0686826567646156,-0.184865360412147,-0.200527606107395,-0.244804066417874,-0.0910697429847243,-0.122437091685304,-0.0041744147519669,-0.155327002342356,-0.168787984737004,-0.140957842559666,-0.0873714764799938,-0.198349024014053,0.0964381871564043,-0.0751569474366136,0.226065414530238,0.215818793549244,0.511002048381703,-0.0725148991498624,0.265616200296563,0.148561289412184,0.42573606397197,-0.0604633065524275,0.14879693123507,-0.0669756322713284,-0.059123329985319,-0.128942525633533,-0.0425126246285203,-0.000412511565328246,-0.0215197108749357,-0.00556457775063307,0.0764001352494625,-0.169584784094699,-0.067801909206479,0.0919131592626062,0.0241244506546764,-0.0993318171873607,-0.00593811646693943,-0.202877917648925,-0.273668237202524,-0.0982480247637865,0.283608333564121,-0.131614977351335,-0.0879078453177267,-0.0524283664989662,0.335614217029594,-0.231344810486611,-0.202196147401707,0.0326504040524806,-0.110050627421312,-0.203378332133178,-0.372925040357761,-0.348071701597764,-0.172853651093793,-0.339665044130792,-0.281416009820332,0.0249825121756625,-0.130313236753684,-0.18775216254283,-0.245682715015569,-0.242772948751615,-0.16780862073568,-0.263430016090018,-0.307459361178064,-0.0438099744129395,-0.212821071360215,-0.165734541284474,-0.322355603814479,-0.306134740977934,-0.209947462579677,-0.02349302785184,-0.204495047213926
"Frontal_Sup_Orb_L",-0.292329016983571,-0.243299856403,0.430816779212039,0.00900034405774904,1,0.307237025246028,0.125170690107595,-0.146635697166842,0.441714802039415,0.15294650858901,-0.257940284713525,-0.374251781673652,0.0749631735828984,-0.151835857655409,0.203995654506131,0.107381664523621,-0.176528369671396,-0.0998145466416795,-0.257656857894924,-0.294571923994268,0.3265110487642,0.126065373365049,0.414977090495431,0.38461377459771,0.689347102576319,0.647445778777896,0.664374811010503,0.452777212851699,-0.19794169209435,-0.189424710473029,0.194854287759247,0.125143974619065,-0.0287466005144241,-0.158407755001666,0.397037902496799,0.234125811224614,-0.00858764132252199,0.109910413738913,0.0844792330760714,0.0515445434986716,-0.0399006166508682,0.0676210389333908,0.0258555886366344,-0.0665452829459445,0.0167230126479095,-0.0654798420385984,-0.0824003209371856,-0.0608527975689018,-0.082475857636927,-0.208999971236856,-0.12786440862805,-0.102476149321444,-0.216045834183918,-0.140830570467077,-0.0568722679331261,-0.0597126600631583,-0.128859791627122,-0.205397129803344,-0.126199623950001,-0.190950262356,-0.136537641357131,-0.282034083409307,-0.332738452713222,-0.358778744398984,0.307871154497999,0.138575327529812,0.146570962484028,0.0270951909317734,-0.120000753911479,-0.0839822887661378,0.166584476260383,-0.0663582304365561,0.0604830257745859,-0.0651954841322058,0.00236196870204316,-0.0849491192840299,0.0567098236778297,-0.0717422129301371,-0.187627730582772,-0.0999226066401937,-0.223970333071937,-0.0635154578835788,0.0819986342635583,-0.0143353144492342,0.2208137804159,0.254635864909644,0.332920664507839,0.310353973116372,0.14215503091086,0.160179077625451,-0.270524615530831,-0.16187893048158,-0.0576159627544348,0.133041775665263,-0.194220274770463,-0.173372686149998,-0.190005408005884,-0.192906069020859,-0.256040317131836,-0.284160252880291,-0.230869401954323,-0.0310435906968369,-0.301069502849478,-0.239074605212974,-0.133376401451492,-0.0463539776081229,-0.227155059081488,-0.0737519344181015,0.0374359571823357,-0.00734441619623096,0.134952564669442,-0.159713436425955,-0.212671728476196,-0.0342007293517619,0.00765539389139174,-0.164980234327849
"Frontal_Sup_Orb_R",-0.253713436658036,-0.1412485886928,-0.0164626403280231,0.321536645671543,0.307237025246028,1,0.139102559746423,0.367413320931274,0.463668420886586,0.80886657158728,0.0217579651392684,0.0547040334381484,0.199793130282387,0.214580527919169,0.289006282159998,0.468983632895906,0.112222996316551,0.121740720036047,-0.162843884043,0.0492709598983539,0.0430954619378671,0.250787428950849,0.0445240504604749,0.194815316929251,0.163475706688733,0.485116399016057,0.037860572950594,0.512358697191987,0.268741537316269,0.330884385768767,0.269091313156103,0.402811985050041,-0.0118192847643751,0.15350892681748,-0.114479733172183,-0.134409296798413,-0.211113526633124,-0.114163586894429,-0.132289808770595,-0.0509111103323822,-0.0609436627028983,0.214658742639962,-0.28806917081798,-0.266112286299339,-0.206280556282697,-0.180976492196631,-0.264581871121575,-0.256253716594031,-0.189332901261243,-0.223700374161434,-0.214973347581858,-0.224394705711093,-0.169139467433132,-0.0248095392232566,-0.192869633527957,-0.137862166393222,-0.129189019349694,-0.0891628263314516,-0.239176735751293,-0.114136411314141,0.1092933677069,0.32250396978043,0.0425929791726694,0.249613977111113,-0.0270652782740688,0.1156127625445,-0.193939043597369,-0.185291697419044,-0.146430586088259,-0.114383004675944,-0.0113221805835367,0.0791277134101889,0.150226879371657,0.130483304267105,0.0780570290292317,0.0371851489917062,-0.153512998259006,-0.130109609112032,0.168069635992175,0.163539149235916,0.162016490145568,0.208805915452215,0.151254944234859,0.195239372618303,-0.0416763978114817,0.162375335185427,-0.107931769464191,-0.0568548439831751,-0.141914251549474,0.0527944635876264,-0.171335272236668,-0.146309180733537,0.0672932709898298,0.104139921732517,-0.155087610278933,-0.222677254558747,-0.40797891005411,-0.158901732136194,-0.299595459678425,-0.24649735888165,-0.0522333456839581,0.107228373950841,-0.177398451282514,-0.122458270423131,-0.25424248082711,-0.124638071017086,-0.292466725165047,-0.0982818937354202,-0.0110500908651497,-0.240244931157615,-0.395836545993971,-0.31862383550157,-0.157066390437958,0.0628961776778115,0.0127141658850233,-0.018389944380041
"Frontal_Mid_L",0.0824423489777905,0.00587704662633897,0.597400560125061,0.360212840280049,0.125170690107595,0.139102559746423,1,0.343256765473418,0.471998725016936,0.098349052565082,0.118228898385859,0.00254248039499373,0.413158294146417,-0.000638234435973291,0.0992967154038542,-0.108186536980629,-0.108014426716414,-0.0911008059877667,0.000472696939823246,-0.0633483461495148,-0.113537964517813,-0.117820794171544,0.36159343757787,0.179541763207968,0.0631592639549391,-0.0371253747829204,-0.074908104638735,-0.0525766876510573,0.0383897063874315,-0.108101303427956,0.252765547595339,0.264938556918896,0.274102401463549,0.139301001923821,0.130667664821621,-0.0078831728836848,-0.226372126505039,-0.31952574171752,-0.28556043337454,-0.21959524689117,-0.0398560148214042,-0.0494833913033009,0.0140274229018717,-0.0253657150079039,0.0534287593329944,-0.0256337685503436,-0.0516421815905629,-0.024802357957901,0.0233288103684665,-0.107168382833986,-0.0402084784433534,-0.161124434620796,-0.18548512371111,-0.141706742394855,-0.115189904706501,-0.0895742825305831,0.0612503638596009,0.0793770226509916,0.0289671652360059,-0.105134939078477,0.509399090845604,0.111876071704402,-0.0469763549941119,0.0400489313415002,0.292448229864911,0.0192890031152408,0.0691755222313447,-0.130922585519782,-0.263065618829692,-0.28571692304789,0.0571819468672736,-0.0830227258740153,0.0957221536901535,-0.067076787505343,0.14960572209924,0.0838213503134041,-0.0634119892519775,-0.162534965705191,-0.161049843569141,-0.162728924189895,-0.266674277970679,-0.146091957158571,-0.052354726674016,-0.23059906339058,-0.0349130016946901,-0.0415275737430119,-0.0812077092127925,-0.0278667807451822,0.0908121743398363,0.0398711589543194,-0.236820357553479,0.0247107619763615,-0.068477522467249,0.220945904182755,-0.234496452276093,-0.475166990227629,-0.340082375585272,-0.225627087221054,-0.0777592243141502,-0.0355676234050864,0.0259216048383256,0.181242989674253,-0.136569064923046,-0.0198804730164077,-0.353027506358822,-0.0986033311034005,-0.251643705634674,-0.143259874579222,0.00530307366273355,-0.263434362736908,-0.207812169725079,-0.208532132974072,-0.131332636683643,-0.0696885529108998,-0.121932801780421,-0.2519259668885
"Frontal_Mid_R",-0.010047990723206,0.0370869981178325,-0.120362005882689,0.659796335889222,-0.146635697166842,0.367413320931274,0.343256765473418,1,0.165472260996618,0.449406771766559,0.078709969368034,0.425967632780908,0.305788952690936,0.519360035946053,0.0126332784050744,0.25058168739899,-0.0504270349251659,0.083813645338899,-0.0870807057263232,0.212769934073782,-0.152264479686626,0.0219460347747979,0.0267456646040989,0.163456105225441,-0.101157861367336,0.0920388222189841,-0.133094802490617,0.0484631589519847,0.127062432025904,0.200520231571314,0.197314948660195,0.303905016844459,0.135101933746496,0.417342528522601,-0.079656638275374,0.0132674600143919,-0.232132810351478,-0.211088625517489,-0.190120623437065,-0.15259997680542,-0.0632294699648197,0.0211613769238637,-0.163079166201607,-0.140214010680061,-0.177642572769879,-0.0580280640433776,-0.313118823363298,-0.276708502707353,-0.223601113699588,-0.116632054326671,-0.252242185707005,-0.155981848439125,-0.315674572839539,-0.184347322959239,-0.276465454344946,-0.187716944758042,-0.159915685533121,0.0366224901447324,-0.15300116182816,0.0740766965497091,0.37015373834185,0.702974761136645,0.0239674523520484,0.517835758617149,0.0547534384420144,0.376522189150242,-0.15732351893276,0.0116942661648254,-0.253036877090808,-0.181887258379155,-0.129723224296835,0.0670996717503476,0.0257780891418128,0.113393135564537,0.0639378984279682,0.197750764221663,-0.071655545720081,0.0825836313163836,0.14048277794617,0.171459813140566,0.0174439601472144,0.152537339063262,-0.186756698733484,-0.0983365725486394,-0.241002747050225,0.148162932453445,-0.274799892778728,-0.230976596075639,-0.134738988755982,0.154254358471687,-0.199660936479482,-0.173474001245587,0.0523359733734616,-0.101806649350637,-0.109942789877658,-0.372709740005864,-0.371251785413316,-0.258049579173527,-0.352040055046626,-0.272184858285858,0.106285210970496,-0.0167973907172056,-0.108789169853631,-0.130066098246417,-0.161138735779198,-0.140045779350757,-0.223669323922043,-0.217837220837495,0.0941689391662379,-0.151887145771111,-0.313228449569713,-0.358337283554755,-0.112712002012625,-0.161712964723475,0.028610998406222,-0.0643624688151756
"Frontal_Mid_Orb_L",-0.161156867588341,-0.143357799852719,0.264338362073858,0.112780426609485,0.441714802039415,0.463668420886586,0.471998725016936,0.165472260996618,1,0.436727880743648,0.0690315247362449,-0.162927874279836,0.292521451444311,0.00127789721311364,0.225261914174761,0.0974826779535669,-0.0366014423943369,-0.0517106774326374,-0.0841677656139006,-0.116399065332472,0.0157470214292239,-0.0694452698766429,0.209533431739223,0.139426515483524,0.187749931917714,0.24467993587288,0.0226558632854957,0.16254610081131,0.0886663184323355,0.0358411733818816,0.25310142192678,0.269087982218619,0.0149963924460992,-0.0638391376544951,0.107036132399001,-0.0593460546260339,-0.253786915417087,-0.102582259725848,-0.22634602163198,-0.15680267854646,-0.114245450537764,0.0271474588577368,0.0203184383320312,-0.000789827076774867,-0.0678020826363905,-0.115620387039302,-0.0928530368310854,-0.0194849512729401,-0.0824252505297215,-0.165592963098468,-0.105703429336624,-0.153167505155846,-0.110383437518956,-0.0138157849202308,-0.162467744360426,-0.0751471698190653,-0.129447255483091,-0.136010515538489,-0.193285228838519,-0.274302706598326,0.111073003910476,-0.0561435621284145,-0.0939309770935029,-0.0600144285102256,0.0408733478349424,-0.0830209563817117,-0.138003262040968,-0.240445624019766,-0.194984674259682,-0.138791476994824,0.0391922702468141,-0.0826713511595976,0.0169462882992201,-0.041614255437883,0.0273596731875094,-0.0692611074170579,-0.0737183369221874,-0.152611777043961,-0.0670784554893375,-0.0125853667710044,-0.0728907059275054,-0.0070609392893491,0.0422106262607856,-0.0212277203534126,-0.0530581264506528,0.0127814404289688,-0.153411073039738,-0.0411684033774616,-0.055303609507971,-0.0406869838830102,-0.164960375921868,0.0250074993001514,0.113590046924273,0.26570435804014,-0.145263783303118,-0.131379564136861,-0.24700948156977,-0.11605132628819,-0.18093697914292,-0.160072959328524,0.02388389801144,0.145620757206742,-0.193893735478253,-0.00263991890780206,-0.307144245790912,-0.133076811077253,-0.30256357704317,-0.08775119865095,-0.0024249448037274,-0.119529296481572,-0.170730213049251,-0.177338044027793,-0.0542153293243509,-0.0100406513602425,-0.0583355246296409,-0.209513063194711
"Frontal_Mid_Orb_R",-0.277467313469457,-0.163829775884667,-0.116883465932996,0.242370913535032,0.15294650858901,0.80886657158728,0.098349052565082,0.449406771766559,0.436727880743648,1,0.101128201412963,0.0990572411244609,0.22450068886179,0.330306774717555,0.388775443824534,0.62926787626098,0.113954845660537,0.129124359243137,-0.211887951958702,0.0867760205308535,0.038222014583225,0.18893004043,0.0713116196500033,0.177249616521515,0.0376227748593119,0.30372857776556,-0.0657446760474739,0.358087326667309,0.316201015024101,0.335092853379912,0.237702804224169,0.311758274055085,-0.0236635299000243,0.161875193165772,-0.136858490805835,-0.177502101274594,-0.101511976637725,-0.0145796630780193,-0.0904058713663375,-0.0122899716110667,0.042093704690513,0.280273336807459,-0.336009406288053,-0.261448683861366,-0.256189033638482,-0.200302853304946,-0.338460908003547,-0.286945826019411,-0.220521751745683,-0.239455977248027,-0.261939778175897,-0.191130953941557,-0.233781222445294,-0.108595703322097,-0.122873836793828,-0.0762038904622535,-0.154432026021545,-0.146209517815045,-0.287906558841755,-0.145564783751611,0.102600605497798,0.40484596196802,0.0718661979460797,0.290505182313668,0.058504533757592,0.191752309852753,-0.256311732044894,-0.236168701685452,-0.151494316545686,-0.120512648351686,-0.104320312538396,0.0289362265022523,0.191616409202485,0.227308113662218,0.0985932399640501,0.175671216721656,-0.170242337474573,-0.109725694215464,0.238740566884653,0.203218257253717,0.207219928979101,0.273370307852985,0.178341814097408,0.253934897740406,0.0852249253299307,0.252253670570447,-0.017166489967935,-0.0328554472912555,-0.0671815034032474,0.137152751695332,-0.182672671454545,-0.192606813246123,0.0893994030261775,0.0521841669706718,-0.104522468224047,-0.181381569954455,-0.370079595724085,-0.061081432309408,-0.323608830084672,-0.268673214979619,-0.0603058483193767,0.0665439653783606,-0.226935331302461,-0.168630410499701,-0.26631214391136,-0.0883531818429725,-0.258885120904834,-0.136291441602868,0.0580030054143527,-0.208491678726479,-0.427818582680369,-0.337739048958273,-0.131365752531401,-0.00587067247284388,0.00193370366982127,-0.0428344076192646
"Frontal_Inf_Oper_L",0.408691055262322,0.0709923866551311,0.0596603966651714,-0.061514006930572,-0.257940284713525,0.0217579651392684,0.118228898385859,0.078709969368034,0.0690315247362449,0.101128201412963,1,0.420592863786029,0.638461377967742,0.467158232580493,0.383447825540301,0.199661084857352,0.335024931957346,0.156969627292616,0.320745523487989,0.148434541955591,-0.484067713384282,-0.223560500645842,0.0228108012041324,-0.110490528990063,-0.404214795118652,-0.432606368419661,-0.301860028452849,-0.110933724214204,0.305173487292859,0.20169208816002,-0.183537165360497,-0.160729368896408,0.0459590699791558,-0.00394553607482608,-0.0877823107974975,-0.18058536583918,-0.0385296133460842,-0.193666844523744,-0.142400239902027,-0.230867655776511,0.0649691919195146,0.0579411911802134,-0.154258186366638,-0.162709699094788,-0.218968244894616,-0.184597125359643,-0.111212383391468,-0.12945955680207,-0.187950717859066,-0.100007753738619,-0.0360682597897913,-0.125946223105616,0.0422552771763763,0.0138628122026914,-0.0170182013435382,0.00115987337548953,0.0787429717871553,0.149305225694981,0.10634288386739,-0.0461991688694519,0.3551078690965,0.148973403914088,0.375133710545982,0.173548668131331,0.142713363823641,-0.0136572001390114,-0.15313857987565,-0.266078774527323,0.0139118799369207,-0.0328128374295762,0.00683290590627749,0.0439447960058106,0.258606413992024,0.193455074744556,0.247642776858113,0.303148810254196,0.00289499339752881,-0.0107249678395298,0.171159355768174,0.268695330658305,0.198601147726535,0.219031104098376,0.223473313154372,0.10963597092818,0.184672265298679,0.00401756136240604,0.0550316373553487,-0.00742830151499092,0.181572622608627,0.1126516411908,-0.0272755891749215,0.0707422881256472,-0.104745151991199,0.0931988205207136,-0.150978952666469,-0.331995026843716,-0.137301157256872,-0.130229298823437,-0.069582162918969,0.0105318394395894,-0.0683022248536488,0.109045126867382,-0.119191622936612,0.00246863867342536,-0.231770230960272,-0.210819888592673,-0.0450667997432396,-0.0219094158774134,-0.0505848206664649,-0.253308948778717,-0.356544092041831,-0.256054743081473,-0.020674534032641,-0.115595157192629,-0.151154255403293,-0.161148645973407
"Frontal_Inf_Oper_R",0.396204269779376,0.29625788413819,-0.223197765768796,0.204071658013166,-0.374251781673652,0.0547040334381484,0.00254248039499373,0.425967632780908,-0.162927874279836,0.0990572411244609,0.420592863786029,1,0.293849974880016,0.623010857005433,0.0119877313639524,0.142273059629102,0.391655372563603,0.448312588828651,0.309769029342651,0.278773010943935,-0.299945458886375,0.0324384225003497,-0.208654956156276,-0.173690294373498,-0.412447741212304,-0.28765552945695,-0.340721351057642,-0.1492705500326,0.297975640303251,0.420174768816864,-0.074853808500621,0.0252413558178734,-0.0361864211392338,0.0632256350108671,-0.291130072847408,-0.25518906690061,-0.132964476811726,-0.166745547682138,-0.243086294930728,-0.157928708643229,0.108145745301109,0.0990418928306984,-0.137526405206295,-0.106072021218396,-0.141376431538737,-0.0776480856194377,-0.131072736396679,-0.127923824064474,-0.187833092572071,-0.103421773734738,-0.21290507315936,-0.252843876419311,-0.00987004866680979,0.027328396648096,-0.222859829615213,-0.113578104775219,0.205522240983712,0.448323585367907,-0.0127624739557324,0.067401599570785,0.294034440764227,0.313991258836401,0.364558361844993,0.44990863419215,-0.147826831639463,-0.0229142267912268,-0.248222374755745,-0.18081481030419,-0.0350175097982094,-0.043958370081901,-0.0766355752181629,0.276589554193681,0.119499055496909,0.353890850212775,0.10516393832216,0.296509176752078,-0.0104661894161282,0.148329262733788,0.270026038793188,0.283558392895778,0.320004927630143,0.238643519706098,0.000846317093153728,0.0399483602462551,-0.0764843862879097,-0.0775439443277506,-0.127837280119554,-0.238819222485542,-0.0891752521265077,0.0126116510614084,0.011563768265876,0.0104943313574507,0.00446305892504725,-0.0751647607160223,-0.136268302873626,-0.262670531605361,-0.159508188092401,0.0302252007417946,0.0648793991153258,0.105574317200297,0.213319511443377,0.0504445334348428,0.223138257610673,0.182656082450644,-0.0551683087682915,-0.0996078392718499,-0.0360491948809653,0.0253263285514778,0.0677245055226188,-0.109718952706328,-0.282535817568793,-0.196445626281924,-0.0166598251091936,-0.100427256236392,-0.0950672810779165,-0.100167522392587
"Frontal_Inf_Tri_L",0.244556035970694,-0.143632317376053,0.307179871431017,0.0510434026378657,0.0749631735828984,0.199793130282387,0.413158294146417,0.305788952690936,0.292521451444311,0.22450068886179,0.638461377967742,0.293849974880016,1,0.564867742292571,0.521334299357931,0.323137180263325,0.0587035350923069,0.0274582269101349,0.0137361260055344,-0.0604801159098621,-0.187974201255354,-0.100881207883599,0.243420284467815,0.157229900738697,-0.0846375544097763,-0.116998842676965,0.0236596250664848,0.131133135487582,0.186504796698104,0.0954363178565439,-0.0383741050990361,0.0229684974852293,0.0039907771118436,-0.0762000833939532,0.123962142786676,-0.0373917216738668,-0.0558708038414499,-0.154836976579446,-0.098606972461728,-0.0511915708382189,0.105234727750413,0.154524810159579,-0.0789560888073275,-0.127408935661895,-0.0709527291695601,-0.101390832402136,-0.115690034401362,-0.078367548443008,-0.114711894660896,-0.136575267558611,-0.143279597477134,-0.198670826877571,-0.108728008851548,-0.0109376508149242,0.0116301918380431,0.0400084525361914,-0.0107831259196294,-0.0702053319656998,0.0187198078457469,-0.177093300030297,0.367389372778755,0.0782824746876058,-0.0423898023830407,-0.039057575145039,0.376153429649965,0.116343144231156,-0.00981491247283712,-0.174641680570258,-0.217075030992751,-0.217650576304514,0.0137405650397936,0.0156193508790197,0.26376194915386,0.0992319461550412,0.267622418689407,0.260554660076279,0.0197048429313106,-0.0760880335259103,0.0370983005600537,0.128631882375639,0.0120516472863738,0.120085885827721,0.164264154174905,0.0914467064715459,0.18549315446906,0.112001963908333,0.127641568528048,0.144178614653893,0.296597727630356,0.167923772711482,-0.26246170668153,0.0189621233827122,-0.172196227735543,0.177533722254161,-0.211517068746276,-0.408284187305501,-0.26592436255311,-0.175803891754802,-0.242664793465391,-0.114061504426797,-0.230409872831548,0.152105354966929,-0.302912900336212,-0.158363545531438,-0.372400510886349,-0.298108432222021,-0.248858933695942,-0.148089510960815,-0.0712903761666998,-0.367681344015381,-0.297020483449327,-0.356639001930862,-0.0999366885551215,-0.0662532939034209,-0.0869413664098834,-0.242670727738268
"Frontal_Inf_Tri_R",0.157200656368296,-0.0730115600811752,-0.180153162601418,0.233940975181542,-0.151835857655409,0.214580527919169,-0.000638234435973291,0.519360035946053,0.00127789721311364,0.330306774717555,0.467158232580493,0.623010857005433,0.564867742292571,1,0.313928408607968,0.533433429161527,0.149330316091194,0.196643971829452,0.0103007555842026,0.133514701923549,-0.157114704646854,0.0735943993374958,-0.022232812485443,0.183178827360331,-0.161467797054706,-0.0403136491846685,-0.0449731273353792,0.0811517765170993,0.164218249277875,0.279398925536303,-0.138822101410125,-0.0339887432000052,-0.0952917482627589,-0.0200543069243004,-0.089724704066242,-0.122683193541128,-0.0418347938738036,0.0536305975643782,-0.04667091480836,0.0110553136751975,0.137969374569994,0.170476443204107,-0.117109337239977,-0.0851499771803467,-0.190465271107837,-0.137175758851908,-0.185237226307483,-0.198632115862118,-0.307201503200111,-0.212104871382899,-0.243533229284326,-0.202622851501806,-0.164646244142526,-0.0584747132281394,-0.0513052606788604,0.00502393503478258,-0.0777942852919468,-0.0121738035178136,-0.150839618599737,-0.100579683987493,0.133435231941789,0.304043624635065,0.0853517529157862,0.289360057044434,0.143195765046106,0.289791080752157,-0.142932075502738,-0.0611282614323654,-0.142205480688604,-0.13402463334922,-0.0971431602914819,0.211125412957773,0.151258749391399,0.218177184346505,0.165063432059692,0.319989253844766,-0.0481608139698333,0.0592431873775452,0.220172341837841,0.279772801854077,0.213803506624455,0.280848276621101,-0.0025684824282214,0.0953575062514318,0.0636230614615074,0.333890330405844,0.057738160107953,-0.0133771385018228,0.191847911282661,0.252439434283754,-0.175767195901069,-0.149567999989659,0.0140681111216251,-0.0895501708584818,-0.0681076870326775,-0.219676222066464,-0.177386421535865,-0.0443222014199109,-0.261902107055522,-0.224367778424129,-0.0387656881328967,-0.106580972390588,-0.159671844902512,-0.149078512356993,-0.208447260323057,-0.271535690173864,-0.190509495724882,-0.154846058999925,-0.00101424120774403,-0.183817823933713,-0.329723200748389,-0.415092268731535,-0.110370254199553,-0.22476699874432,-0.0762689623589916,-0.142583107919111
"Frontal_Inf_Orb_L",-0.0891206060507726,-0.348661360798432,0.363842564706252,-0.0515960044123685,0.203995654506131,0.289006282159998,0.0992967154038542,0.0126332784050744,0.225261914174761,0.388775443824534,0.383447825540301,0.0119877313639524,0.521334299357931,0.313928408607968,1,0.667873533977298,0.0242488253712329,-0.0560886762150087,-0.118675594041047,-0.157321936109744,-0.0450317193269242,0.122022086545128,0.432080933024088,0.317887691364428,0.0901505943007007,0.106855929440929,0.139252063923925,0.277179817771788,0.357048181584293,0.133193179861958,0.147706507950396,0.124023967965158,-0.0374343057120978,-0.161954462699414,0.00549772968868319,-0.11050955455944,0.0510433219940221,-0.128141764762632,0.200988831540286,0.0897748400008771,0.236412374162261,0.243998000372733,-0.2269982085117,-0.169304400380375,-0.104910859286317,-0.122111382515441,-0.211717437000991,-0.130779476447442,-0.193913361984899,-0.160520338397271,-0.311396155133887,-0.24021151028496,-0.184724496596872,-0.159317806070618,0.053790683480221,0.122949279062861,-0.183713569599968,-0.176557106587998,-0.180828568812333,-0.249816250749755,0.0840426101376507,0.0717422434732712,-0.0337642741694743,-0.039378071934872,0.358758555138642,0.0792174159960611,-0.234125169812225,-0.345167884717516,-0.157749231818814,-0.138110326496174,0.15353509100296,0.0611163313403515,0.423697330755448,0.268717725633631,0.295616925471796,0.254229483643972,0.0141706539279914,-0.113066349975031,0.0125727013712863,-0.0196435493564045,0.0458800144370513,0.113899370018825,0.661369870295566,0.342793811016219,0.398132990338998,0.267645782279932,0.446850750765585,0.325679813509911,0.322792483508269,0.0971173966507864,-0.357924800052741,-0.149529509672024,-0.160852189959903,0.0677989182884952,-0.117023697800179,-0.217212042286955,-0.232450576989989,-0.0970452481417462,-0.379866725059993,-0.253735746482162,-0.335755140559734,-0.0233609025643001,-0.394282304976175,-0.287333626902648,-0.396466913298426,-0.230192113994627,-0.249537216514426,-0.143016329013581,-0.0470252647741255,-0.273653100199609,-0.36985007722068,-0.350963518022345,-0.205088648776403,-0.00807353333067015,0.0243339938045088,-0.135350093058669
"Frontal_Inf_Orb_R",-0.222101945615409,-0.230008325881616,0.026888464780829,0.166856574557958,0.107381664523621,0.468983632895906,-0.108186536980629,0.25058168739899,0.0974826779535669,0.62926787626098,0.199661084857352,0.142273059629102,0.323137180263325,0.533433429161527,0.667873533977298,1,0.143993862549191,0.105933111844133,-0.175899986915307,0.052623231036874,0.0948253472300933,0.338924640915154,0.246238095782884,0.414794558420558,0.103098766870728,0.22366867545552,0.168682496159988,0.372836458840802,0.374122132720791,0.376190763413647,0.16244433743019,0.162149383223324,-0.0279907015543997,0.0084555918855412,-0.0991560085552264,-0.0968642545765705,0.10106468084774,0.0894741686317657,0.2069841791642,0.258952249650655,0.299131098643025,0.468350814497283,-0.35280313103519,-0.308124106525445,-0.287797173647057,-0.274682532648533,-0.328952730862112,-0.274335474746061,-0.321598300320012,-0.305038388138657,-0.298942482811497,-0.256377493431032,-0.21841491988222,-0.0571388648744943,0.0496255770829519,0.13130034830147,-0.172878500459245,-0.148649890039805,-0.268998227395948,-0.2089664906147,-0.0481535595985448,0.24009758447322,0.107151916530456,0.236072704427817,0.170109778633514,0.197121398549526,-0.24795771198952,-0.191541743255593,-0.0675528695752813,-0.0529631907919923,-0.00232621280903224,0.151809514246821,0.428497065638901,0.445081896112411,0.241409510227095,0.382444457107507,-0.0896697333548657,-0.0240847959197844,0.301702035938884,0.218058179743607,0.24056453928322,0.30437923551482,0.473964858136709,0.48486054943858,0.28760546501822,0.41064441360016,0.375964967440693,0.263740637567728,0.211642065064349,0.20251599390333,-0.345661553034394,-0.347179780454108,-0.106403833308339,-0.148127532484139,-0.106417711277619,-0.1145065907715,-0.240449757667878,-0.053010872671209,-0.433849808524065,-0.387930395975335,-0.281825141536104,-0.158899094638326,-0.397831330762885,-0.39961571738697,-0.370689792953642,-0.298603681200231,-0.271665979839498,-0.263670989579252,-0.0772553597128457,-0.230275734611138,-0.403919138310819,-0.41739271691009,-0.304425452310402,-0.14106235743481,-0.0775344201552088,-0.147885830836662
"Rolandic_Oper_L",0.198545751173935,0.483664207337895,-0.0639420562597227,-0.132337492874081,-0.176528369671396,0.112222996316551,-0.108014426716414,-0.0504270349251659,-0.0366014423943369,0.113954845660537,0.335024931957346,0.391655372563603,0.0587035350923069,0.149330316091194,0.0242488253712329,0.143993862549191,1,0.807643527644335,0.40838325257725,0.361557908362145,-0.246146585990472,-0.0266319471798881,-0.236006602545498,-0.213413498120565,-0.200033120727134,-0.121576131712115,-0.125494708636927,0.00362622268549086,0.600636014704574,0.699626708172662,0.0688450668853275,0.0368152971048601,0.306032425375723,0.255014648860402,-0.303180785650019,-0.352818742903369,-0.061941774620251,-0.183337180159698,-0.0768154823267079,-0.0295518733649738,0.231398724870645,0.267094456109784,-0.278812569049872,-0.311809508750842,-0.354252614716981,-0.352882464572562,-0.236344474144277,-0.239026691175305,-0.394329427036479,-0.387310645822493,-0.344339351905546,-0.385976489787967,-0.126239058384232,-0.0098591775737501,-0.226957326725508,-0.230286231345346,0.5522151838339,0.424563088042219,-0.123331706936471,-0.314066001374582,0.0831036433945881,-0.0547740694880463,0.668205485057087,0.445768976909488,-0.163764669443407,-0.222154956642278,-0.239517910872178,-0.250937932427043,0.100036441220392,0.0586047057326236,-0.0611828889800908,0.00600285195166956,0.220985588833291,0.459200733756077,0.152390344591156,0.308179202482802,-0.0113898993177288,0.170973924289537,0.681809718348392,0.687132431783805,0.737196561881261,0.597981163766087,0.243808141605175,0.323050521978785,0.128957503397354,-0.0439350981371721,0.0351875317562567,-0.00289312346026523,-0.104597546541255,-0.232406691762563,-0.26614901515621,-0.239404589500618,-0.23753779500699,-0.146109160900586,0.00804901196017542,-0.0399308435797498,-0.00683846110265981,-0.00186050149962915,-0.027497202183254,-0.123233107126646,-0.0351952198247385,-0.0276579511709676,0.0960515683315893,0.0614965715046242,-0.074946034513703,-0.0701119046674878,0.0178649696952005,0.024433602835401,0.0841276355951179,0.0524534004258713,-0.250440867423114,-0.169785656650715,-0.175876102359629,0.106833273550847,0.00714380203543896,0.0100896304728126
