"","Precentral_L","Precentral_R","Frontal_Sup_L","Frontal_Sup_R","Frontal_Sup_Orb_L","Frontal_Sup_Orb_R","Frontal_Mid_L","Frontal_Mid_R","Frontal_Mid_Orb_L","Frontal_Mid_Orb_R","Frontal_Inf_Oper_L","Frontal_Inf_Oper_R","Frontal_Inf_Tri_L","Frontal_Inf_Tri_R","Frontal_Inf_Orb_L","Frontal_Inf_Orb_R","Rolandic_Oper_L","Rolandic_Oper_R","Supp_Motor_Area_L","Supp_Motor_Area_R","Olfactory_L","Olfactory_R","Frontal_Sup_Medial_L","Frontal_Sup_Medial_R","Frontal_Med_Orb_L","Frontal_Med_Orb_R","Rectus_L","Rectus_R","Insula_L","Insula_R","Cingulum_Ant_L","Cingulum_Ant_R","Cingulum_Mid_L","Cingulum_Mid_R","Cingulum_Post_L","Cingulum_Post_R","Hippocampus_L","Hippocampus_R","ParaHippocampal_L","ParaHippocampal_R","Amygdala_L","Amygdala_R","Calcarine_L","Calcarine_R","Cuneus_L","Cuneus_R","Lingual_L","Lingual_R","Occipital_Sup_L","Occipital_Sup_R","Occipital_Mid_L","Occipital_Mid_R","Occipital_Inf_L","Occipital_Inf_R","Fusiform_L","Fusiform_R","Postcentral_L","Postcentral_R","Parietal_Sup_L","Parietal_Sup_R","Parietal_Inf_L","Parietal_Inf_R","SupraMarginal_L","SupraMarginal_R","Angular_L","Angular_R","Precuneus_L","Precuneus_R","Paracentral_Lobule_L","Paracentral_Lobule_R","Caudate_L","Caudate_R","Putamen_L","Putamen_R","Pallidum_L","Pallidum_R","Thalamus_L","Thalamus_R","Heschl_L","Heschl_R","Temporal_Sup_L","Temporal_Sup_R","Temporal_Pole_Sup_L","Temporal_Pole_Sup_R","Temporal_Mid_L","Temporal_Mid_R","Temporal_Pole_Mid_L","Temporal_Pole_Mid_R","Temporal_Inf_L","Temporal_Inf_R","Cerebelum_Crus1_L","Cerebelum_Crus1_R","Cerebelum_Crus2_L","Cerebelum_Crus2_R","Cerebelum_3_L","Cerebelum_3_R","Cerebelum_4_5_L","Cerebelum_4_5_R","Cerebelum_6_L","Cerebelum_6_R","Cerebelum_7b_L","Cerebelum_7b_R","Cerebelum_8_L","Cerebelum_8_R","Cerebelum_9_L","Cerebelum_9_R","Cerebelum_10_L","Cerebelum_10_R","Vermis_1_2","Vermis_3","Vermis_4_5","Vermis_6","Vermis_7","Vermis_8","Vermis_9","Vermis_10"
"Precentral_L",1,0.625990872215386,-0.041980707002845,-0.0647018202882044,-0.248849639225068,-0.0846618517074055,0.171877771586304,0.00630972400496164,0.00666170721698435,-0.00665030562990377,0.64374038692553,0.27508345033288,0.477314499083874,0.134991347994205,0.144109418245259,0.0141060371927634,0.47870010451693,0.323059241349325,0.524536609069534,0.521236279137555,-0.24519023808895,-0.0416072314810433,-0.282173277441569,-0.31227355279842,-0.422912711335955,-0.386081713572082,-0.276626269201168,-0.164003219576384,0.360242916980688,0.27400083559531,-0.258466555840206,-0.225316813716469,0.177264978905636,0.0713087921419301,-0.324833273380657,-0.397401794438357,-0.0550784926897319,-0.128872017073138,-0.11843001905884,-0.0521905146301307,0.178392331942004,0.284897829204171,-0.169843491882922,-0.155871272002797,-0.103546386055577,-0.138243583980358,-0.0457864214252968,-0.137229684822467,-0.0475655535296334,-0.107037317533082,-0.106496416782291,-0.179062729344943,-0.162206160738677,-0.119254226147785,0.0215309500289381,-0.00564690305723792,0.577985003210067,0.412455044875867,0.322592519072971,0.186633630553469,0.40515956160746,0.0105689987959364,0.436527931338939,0.1753634289966,-0.107467092781638,-0.2341177747389,-0.0947875506202418,-0.16308186437993,0.353105033540803,0.247460922423285,-0.127617288573586,-0.00586489024319301,0.389737649742326,0.384345688557067,0.112456180870773,0.32752463147672,-0.0749701230567491,-0.0187916128075752,0.338891039795653,0.187422692069009,0.370435833234601,0.269807720775175,0.103952661817466,0.0420484000242403,0.116295059753019,-0.176596013365217,-0.122251722634846,-0.216493311253202,0.265515419366936,0.0430283751744105,-0.192058335796876,-0.148348865620402,-0.308063648120273,-0.201032725933456,-0.132325777590755,-0.234397584830414,-0.068820945373897,0.0697087681514706,0.00539196850855496,-0.0627184156580931,-0.218516068946044,-0.0886369594487427,-0.0948832636594304,0.051257491364738,-0.42433927655821,-0.327265493724953,-0.160503777308426,-0.0899976400024176,-0.131048507383317,-0.272652151262206,-0.21226210923137,-0.0473760144433741,-0.0622156933758843,-0.0398867794568678,-0.314186822402634,-0.35532016416896
"Precentral_R",0.625990872215386,1,-0.227888564011449,-0.197806620727469,-0.228800878474332,-0.138235580031865,-0.205847597361152,-0.1238054448054,-0.162913964498942,-0.0802333453767908,0.391777251045968,0.269709080838822,0.192776380026252,0.0786059068218514,-0.0193669106591701,-0.128925125043973,0.491726392389542,0.517426522115541,0.448519362151615,0.493398618883837,-0.27282792863401,-0.164973953644401,-0.262874949038642,-0.257056846597248,-0.381485332007901,-0.345712978295778,-0.222361401575811,-0.246504905212145,0.231349958114791,0.271545708487543,-0.339704327208998,-0.296482225642715,0.0324218891729049,0.063114439320812,-0.267384774607737,-0.292099461834185,-0.0721467633571073,-0.0911345581546791,-0.0452062414996369,-0.00786151653919426,0.215421061005544,0.305477264825059,0.0278996082583967,0.0229528989746764,-0.00233516821542408,0.00804086004314125,0.0991838986696889,0.0574653110333833,0.0698333389542285,-0.0101186674857063,-0.0347957420324838,-0.0664980263662709,-0.057911318245807,-0.0372869217706304,0.072304574773037,0.0592349559166729,0.638312455269688,0.64122586192015,0.0393944330731123,0.106656266513735,0.103328939725977,0.0299373133495632,0.337512710714662,0.0643302724689319,-0.087339823495316,-0.189333595572643,-0.222872787174219,-0.272939329986184,0.365769600837291,0.30026590177681,-0.264253432335934,-0.163912965292874,0.199016405880678,0.313102733343906,-0.0120700663612568,0.284144593065016,-0.0762232036810482,-0.023647226801441,0.429689734299994,0.376074692288106,0.432922985247142,0.355779979163561,-0.0196302395416484,0.0155076241953223,0.133492394957817,-0.104062430755303,-0.171332753175455,-0.149171637054997,0.0843053869585775,0.116218584711801,-0.129623414983331,-0.15121884694787,-0.294572419256852,-0.270347063420806,-0.00909089433812636,-0.023210925246388,-0.00168866842901859,0.0524920643392384,0.122697533179542,-0.0855007854098955,-0.204301539762672,-0.29600274250412,-0.0701853706372177,-0.131631275667763,-0.342696411782357,-0.402431140325261,-0.131578549862349,-0.239326433886496,0.0358479477505865,-0.00711942806640667,-0.0623999370802473,0.0674976964853474,-0.0222102838496168,0.0601029556660751,-0.229100342437149,-0.251853282304361
"Frontal_Sup_L",-0.041980707002845,-0.227888564011449,1,0.295788956398065,0.559062736957407,-0.0211305828088543,0.542798052373628,-0.117662109224891,0.350581968124546,-0.119567673500597,-0.00575194722762533,-0.379045326595415,0.217501013895672,-0.0972660130005101,0.248548784094562,-0.0150866484867884,-0.0572391157848851,-0.0377441561878299,0.0161936566905773,-0.126524304717183,0.412844396527226,0.22006346642191,0.672442919708666,0.521585853945229,0.484467474876936,0.366525274718252,0.416049210930196,0.227129899674251,-0.0833766105362796,-0.235529186152924,0.283159162069558,0.277679040705358,0.143509041693918,-0.0803609189013418,0.352856068994408,0.245684509943255,-0.0790297892132041,-0.0805969597344625,0.0380747300102875,-0.0689249599332037,-0.019658495272186,-0.0856369215960587,-0.230315903817117,-0.22416634382045,-0.110598014895286,-0.219535405522891,-0.282680881913519,-0.200173909450337,-0.276482102234729,-0.286341274094088,-0.14372180113759,-0.196095657910088,-0.205636434591365,-0.0435847061160721,-0.248691906320248,-0.221496871238184,-0.0697517878869994,-0.278890516356244,-0.0213765960644819,-0.302163958312456,-0.0348542208837588,-0.280232334269804,-0.122740323309295,-0.192733342818544,0.421935431875135,0.127263487104342,0.132263293170094,-0.100930672502193,-0.0687621054372589,-0.159226330116178,0.239823807926967,0.0626042218578508,0.112880674897559,-0.140085579120496,0.0826720099655366,-0.0479706858605948,-0.0139787378203726,-0.235116123095339,-0.152316510563094,-0.0342658355499452,-0.178139552679393,0.0222574820551966,0.118776570572096,-0.176419040715855,0.200549796705621,0.14293867617982,0.2286372860461,0.163564930606555,0.202765345561401,-0.0281824199790325,-0.323610439240691,0.13441393029547,0.03772897499344,0.410320701109673,-0.229996090873862,-0.262585089211738,-0.263030954521046,-0.164568667225859,-0.328372175389325,-0.147040949922237,-0.213125927697807,0.186822356412752,-0.24643651175266,0.0052417232115911,-0.0389706099939798,0.0342776527231121,-0.172671332539612,-0.0847677048738937,-0.179483353037243,-0.265109173898765,-0.145483329628371,-0.210928024541006,-0.28357273050858,-0.159427045829077,-0.0344121487440064,-0.0300320766735265
"Frontal_Sup_R",-0.0647018202882044,-0.197806620727469,0.295788956398065,1,0.142730061927467,0.486292251818616,0.423362494652667,0.696168317009078,0.300824482034228,0.462110119845708,-0.0813399140713107,0.186568225749485,-0.0459027141243049,0.176915534180492,0.022157871333155,0.13251956402773,-0.286944705197036,-0.14280986684933,-0.0422985456427158,-0.0574228846862739,0.0823110684854868,0.0818202367109652,0.258367238047381,0.510021164367679,0.21776049833932,0.445548538210263,0.0761790597393322,0.324658255524078,-0.147988927641526,-0.093944444499782,0.224188019230692,0.440090932739769,0.117136864458526,0.250679253661478,0.0687911645336598,0.16121057786724,-0.394276805884379,-0.132146713108849,-0.302802828001189,-0.257329673357973,-0.170985005198272,-0.10777019135274,-0.211472252871309,-0.143353187319273,0.0115683053694498,0.0185789402991937,-0.304453776809728,-0.202604334679969,-0.112909765382901,-0.0413499355228129,-0.19599705118893,-0.00125761211546249,-0.269542706862902,-0.11498570332655,-0.290937036644302,-0.277016680865165,-0.211008196542541,-0.139561046224824,0.0680978094903315,0.131307403423429,0.158508898312308,0.399268143961161,-0.159273976335472,0.132527761658779,0.0911000740431885,0.415743527590031,0.165653328277838,0.275882111671086,-0.171280013289851,-0.168475863393018,-0.0285853222935079,0.10167320078101,0.0238099238067328,-0.0493495617836078,-0.0262627445566596,0.00649542784141016,-0.18702563189043,-0.102138418471514,-0.260531247498611,-0.1786541809648,-0.308927843362077,-0.111454724151679,-0.13621185985892,-0.0699793021064378,-0.0620782902545185,0.232882052893317,-0.0700249527719676,0.0183130238934209,-0.250494090918277,0.192709901037156,-0.133180336431525,-0.0633017106165722,0.168301784946396,0.0632417566742952,-0.253477674852589,-0.283004210421814,-0.345583851064812,-0.220355240693798,-0.27736918782969,-0.163200835944527,-0.0460174493277141,0.0677527324036525,-0.208515087184738,-0.0406938229457442,-0.279890444939065,-0.23284722514142,-0.273040723397458,-0.0404882006352025,-0.204898075582212,-0.313905914483253,-0.251316311663865,-0.270252811724706,-0.184129691088214,-0.193828049677113,-0.16018508338416,-0.320065788374256
"Frontal_Sup_Orb_L",-0.248849639225068,-0.228800878474332,0.559062736957407,0.142730061927467,1,0.183916914648854,0.154445896799448,-0.184164779289017,0.49048451847223,-0.0586258790294994,-0.130702592695364,-0.295070519050135,-0.0189641571181936,-0.020060550723681,0.19127302755032,-0.0339301311972403,-0.166996932408375,-0.107661610102009,-0.204169144034928,-0.229938773553155,0.595916388117207,0.384584644373022,0.550324565197288,0.49606056074055,0.763454971091083,0.654219634137988,0.805097712678015,0.646420154076686,-0.237086861518409,-0.354476930319611,0.232560781832246,0.194486373837362,-0.0423131334974271,-0.0815158566212867,0.431156132167943,0.376740499021619,-0.0544928081135551,0.0185768868916221,0.127535402416867,0.0775291477001115,-0.00204890387601734,-0.0520931138966348,-0.0744755106508278,-0.121570859080043,-0.0463349453647791,-0.0951838330019644,-0.173745323725666,-0.0384783315424846,-0.110301804762003,-0.052778282643404,-0.0425957463199419,-0.0258205665471004,-0.087856953407099,-0.0592844808551877,-0.178054580263854,-0.110850597588432,-0.136337173723575,-0.190761842737333,-0.102578414206578,-0.0835898282536615,-0.178547463611838,-0.14801543185276,-0.23582519800587,-0.347710888837291,0.244603426355522,0.248871729454907,0.161486450602842,0.0239384890947395,-0.142326599386332,-0.12883546889055,0.126171709000688,-0.011900784487408,-0.0658624082291813,-0.200002628608249,-0.014972289393062,-0.0845494071968029,-0.230400968309084,-0.292923274958736,-0.0946672066723173,-0.127147397699046,-0.117409388843512,-0.0415427559669618,0.00500044021589876,-0.0907253758420915,0.0681492235162199,0.159945739500776,0.252887927047091,0.315882244436213,0.0991124506534541,0.117525195288907,-0.281553075398966,0.0843271848830583,0.149449032854726,0.33117531598388,-0.171268011640333,-0.0896878287045983,-0.155179528573246,-0.0948316346802403,-0.321679090114653,-0.203473008424399,0.0126652520707628,0.10786982521357,-0.0790933659196319,-0.0233318839061347,0.160688886706447,0.089431910522273,-0.0981502440175095,-0.173021803761677,-0.133469950157662,-0.227547854393761,0.0986600437560664,-0.264012307367919,-0.267759634374223,-0.136471461306007,0.0361644337688222,0.0643773660764944
"Frontal_Sup_Orb_R",-0.0846618517074055,-0.138235580031865,-0.0211305828088543,0.486292251818616,0.183916914648854,1,0.110611036797195,0.612743981714737,0.398942073741108,0.823296876939582,0.035558403565343,0.336062820942892,0.0492572120980931,0.403127599664769,0.255391953640006,0.368696301457235,-0.326918959956701,-0.206006268627994,-0.132781383055649,-0.216204766593503,0.0328940179185955,0.237686382671019,0.106399671467023,0.302768292524043,0.144825485729708,0.429265873880199,0.0419304886492782,0.534067293393779,-0.184101204864927,-0.0704925648184722,0.133989404696238,0.262033545379237,-0.117694628557518,0.0242272751604772,-0.0233873508314839,0.0598712212480067,-0.268109096596785,-0.0817214212848852,-0.286420681379267,-0.228939945629999,-0.0675717532212167,-0.0745679826077945,-0.142806676688732,-0.170578712045929,-0.0570178674060972,-0.0440603145202875,-0.267819115108872,-0.237237948346143,-0.0545480557554294,-0.0326453107979463,-0.0921792224404908,-0.0528491840330911,-0.0484991064998698,-0.0412226788379458,-0.225993780427863,-0.213265488864844,-0.226800500640503,-0.082341360930022,0.0462336368212029,0.185997794453954,0.23991083631042,0.476512821670871,-0.155842027704552,0.132652905472043,0.0185633034465344,0.330667138252741,-0.111947809383541,0.0654476984547116,-0.278041102310691,-0.193192058318248,0.00323969481143855,0.170452951460096,-0.0233820547029918,-0.0259833832722104,0.0661744382348759,0.0365915113095987,-0.103058360000909,0.0931588959219824,-0.267211497591666,-0.286782125343966,-0.244639928310825,-0.234456187457044,-0.0866160524216342,0.0681908045552502,-0.141029263509691,0.0862664893723339,-0.175001690565576,0.00762079942560259,-0.151782628031788,0.256782589683214,-0.0246605219668288,-0.0477640577589348,0.377378396233622,0.157098172880131,-0.336971030204724,-0.260023789975661,-0.32513942386637,-0.320208683912088,-0.179840720673624,-0.196828128798324,0.217940928009257,0.177726100302166,0.0526712122081455,0.0596501326907543,-0.142033141981607,-0.096496952347407,-0.143753532248051,-0.073298582571713,-0.248445647646568,-0.369702008173996,-0.32317700364286,-0.315288916161184,-0.0523742884980907,0.0188452867589586,0.061258013184574,-0.118699273392551
"Frontal_Mid_L",0.171877771586304,-0.205847597361152,0.542798052373628,0.423362494652667,0.154445896799448,0.110611036797195,1,0.307806922772398,0.472616409864725,0.105664048187296,0.185152614890002,-0.110134111121016,0.385823990522985,-0.0472355296252436,0.22164591569039,-0.0181216103660805,-0.0189645072783222,0.0348005844525984,0.0926258554470054,-0.0969992100207509,0.0946917010541116,0.174671124485968,0.254609697237505,0.097468866523306,0.150871762529384,0.195986549431382,-0.04099243008377,0.117030468949485,0.161431062412204,-0.0306518289787813,0.262933331948256,0.348178048907977,0.255496619654499,0.140243687240959,0.0902013760811388,0.0684298188822182,-0.278128363022615,-0.208073094837533,-0.253966330013595,-0.286454778202381,-0.0973662850781576,-0.035827318676344,-0.300606875331311,-0.237049225340122,-0.0598546615764156,-0.162214725113095,-0.264916439392879,-0.301528681537745,-0.125223007547382,-0.176646882698084,-0.175279011796185,-0.147532305960744,-0.266226843483754,-0.13282100013104,-0.301746172689787,-0.328859602283913,0.0156094329856767,-0.195808681259675,0.247752317393331,-0.109422402097399,0.343125962271065,0.0650610919103951,-0.00622471512018648,0.0359402386197291,0.226636728289991,0.15041492421983,0.301096443077194,0.112905149610701,-0.0685421040482116,-0.0940263136228625,0.140146610862787,0.111463559497769,0.21401733072821,0.0258279064385338,0.0497949274903213,0.0686627102042506,-0.0909740929668353,-0.235800643434366,-0.0701281492290951,-0.105597401922821,-0.136925571240389,-0.0581021028235852,0.0597452597290486,-0.128452524006587,-0.0352782361643295,-0.0480833244969426,-0.105244238909499,-0.202612458584275,-0.000337803460251522,-0.140476109528582,-0.188328329775901,0.0283123351814305,-0.0146561287476732,0.130023018590076,-0.337989446485994,-0.406785518556314,-0.345472619851936,-0.308235339509882,-0.204008622352525,-0.100669103044116,-0.147023022132152,0.1058114550728,-0.159961757580381,0.0393766245538571,-0.155668231191795,-0.080308940559817,-0.217706479107563,0.0246856870526833,-0.24820061990843,-0.466413057453088,-0.412629386711108,-0.211656318300613,-0.126746825963332,-0.256338019616063,-0.251177761173654,-0.280482725963223
"Frontal_Mid_R",0.00630972400496164,-0.1238054448054,-0.117662109224891,0.696168317009078,-0.184164779289017,0.612743981714737,0.307806922772398,1,0.246092303785811,0.69636800146111,0.0847232775114086,0.485323455207556,0.110810066045164,0.456794614763957,0.0340204659695858,0.30641166467367,-0.232122107492163,-0.116288149825992,-0.0199091649099879,-0.0537909025005775,-0.130267551496412,0.0784568710332514,-0.021970315492269,0.195893334515049,-0.064078373224165,0.197888796333603,-0.193135944965446,0.194619722644398,-0.0247688343634626,0.119203091440452,0.15940542065994,0.287381387856163,-0.0096051543305449,0.17454990355997,-0.215786859256842,-0.102819671134436,-0.364843754546659,-0.16863572091288,-0.398154196475108,-0.333751890381935,-0.0610319010838998,0.00765351196423996,-0.190964922044238,-0.119038777880956,-0.0646269305755882,0.0187023061816026,-0.238921507430225,-0.239875869332165,-0.0268921744746472,0.0754700496708848,-0.112260818098469,0.0904331749910778,-0.0785548008492283,-0.00478884185080852,-0.205743792505965,-0.216370670305848,-0.194861034746378,-0.0118150468947466,0.108535809696871,0.29795386712218,0.324175596298954,0.691245098834416,-0.0883143099989487,0.37877257862009,-0.115040298421477,0.306720506083183,-0.0433662224094202,0.174608406554476,-0.16431039407987,-0.0810925012123775,-0.133255139135154,0.190772887139985,0.0428386029708233,0.117251948509436,0.0326949246755709,0.164039001469252,-0.0881834595777989,0.148111983150506,-0.179488619107012,-0.143988353593181,-0.233793438170874,-0.180787229090834,-0.120030874279118,0.0932202523577876,-0.192146766495265,0.0590705772542684,-0.218870819350108,-0.177869976191405,-0.245235449393059,0.219308082835093,0.0250751161177137,-0.164632567538674,0.222853733249524,-0.101594402468119,-0.279519566683675,-0.22475401294281,-0.34909029232688,-0.260905096335993,-0.109633066157276,-0.162860763849351,0.121234670762667,-0.0114763845736465,-0.0816646791003712,-0.0590301077009466,-0.295474480496598,-0.262731654467781,-0.122745939615861,-0.0383173156293283,-0.161925079719791,-0.225241114173916,-0.341146280952397,-0.214606922362299,-0.0161682995519322,0.0238079176233633,-0.114942061658864,-0.288895664068984
"Frontal_Mid_Orb_L",0.00666170721698435,-0.162913964498942,0.350581968124546,0.300824482034228,0.49048451847223,0.398942073741108,0.472616409864725,0.246092303785811,1,0.357206843831075,0.205738996831599,0.049495603052835,0.342985310375946,0.138835531269439,0.358756551869821,0.157343489196935,-0.0611621780773024,0.0487388638984801,-0.100658049280297,-0.232757595409024,0.180817416404844,0.327812886291897,0.23879806010153,0.112154129028953,0.24565321938329,0.358749438561586,0.0900369075073657,0.403012283412598,0.131489964116623,-0.0715539797410531,0.147517353609109,0.230392797911799,-0.0801328897957047,-0.0716824744785366,-0.147577220039201,-0.12292479592659,-0.0939480750468963,-0.0755879720463462,-0.102788973766745,-0.123931781590639,0.062761121789702,-0.0845918167765405,-0.278660914039232,-0.250414086731152,-0.209805738381355,-0.21042584120237,-0.28823340841231,-0.248017726879439,-0.200175954341523,-0.182622529645591,-0.237311053128965,-0.131561552877179,-0.0677500774616017,-0.0474232957253959,-0.293652433798567,-0.233556796879352,-0.0219042324976608,-0.0395308673860398,0.0788827570847047,0.0587946094266882,0.21097802200612,0.176591416656281,-0.0473577897390816,-0.0392907665387346,0.0218189520645763,0.078772524092485,-0.0199174067452294,-0.112363447675997,-0.349585484322119,-0.24710621773199,0.250492299986309,0.258655894317696,0.245433990573668,0.0024646359534691,0.204502567012351,0.0686035800219997,-0.172729348320116,-0.156198518520755,-0.073930414909364,-0.182054169162376,-0.0323599893207647,-0.0723352380235804,0.0304948835985691,-0.0199503948055363,0.0299936095060117,-0.000702010168612516,-0.0603669777033977,-0.0939942871063158,0.00865626671732163,0.0171789891371456,-0.162438120242064,0.0894729559979314,0.150782758974378,0.22768676573876,-0.364897002898676,-0.353114562265445,-0.350707591755624,-0.280824723680715,-0.211412697034986,-0.120544322374924,0.0519619814433224,0.21213199794006,0.0350064788186974,0.0994025262186864,-0.0464021939805031,-0.125382481696518,-0.278134188232979,-0.123191389803867,-0.269688041281021,-0.484995711438123,-0.391959601390516,-0.297541691820965,-0.138836157811038,-0.153433801872701,-0.0557127454836594,-0.0462144958809135
"Frontal_Mid_Orb_R",-0.00665030562990377,-0.0802333453767908,-0.119567673500597,0.462110119845708,-0.0586258790294994,0.823296876939582,0.105664048187296,0.69636800146111,0.357206843831075,1,0.141489009190402,0.422493637386618,0.155056323342807,0.537685681435245,0.270485111067944,0.433919041324948,-0.259189351357422,-0.20073056059785,-0.133550582807202,-0.171896379142816,-0.148415230906905,0.144904514992455,0.0403772670184728,0.217575224107191,-0.0453707707037088,0.229887700548096,-0.187981827133186,0.273678787811441,-0.125948463323264,0.0132306866348496,0.0124631545395067,0.182049407798735,-0.174083734085813,0.0280760578210004,-0.19453351597293,-0.110871567315718,-0.268432555563531,-0.0236728195247418,-0.30876939975737,-0.229990339744102,-0.0842458440250824,0.0429257449941382,-0.177934027973337,-0.166515875608991,-0.152720243069961,-0.136005730177552,-0.290897115571801,-0.25837698368991,-0.164718499768325,-0.0778373224868262,-0.1621471900846,-0.0694782175266642,-0.0971459588194272,-0.00735305622267079,-0.227571189715861,-0.191727367076523,-0.207313746444924,-0.0467236772847346,0.0259139052764408,0.238483440029318,0.273110553311462,0.626595795817457,-0.115698814016538,0.204022403393607,-0.0230778609220539,0.333963536567502,-0.207455832234482,-0.0741924870136908,-0.281055499221571,-0.244084578301679,0.032326677575794,0.269345227543684,0.0188652262606014,0.0317046570005063,0.0995005474177491,0.0967413439843838,0.0308103412584623,0.259169591572151,-0.239718168610028,-0.197615871142889,-0.24422325818592,-0.18220661403738,-0.0973298730363387,0.0200669896852726,-0.116813029935554,0.0899287398890889,-0.144505613566217,-0.0385659293255893,-0.138551046790357,0.274977471057925,0.0106665912137057,-0.0778924974089922,0.359241912553266,0.0749397837755504,-0.283350786881418,-0.157611086299841,-0.305662698876292,-0.22856844168364,-0.121703528469987,-0.167030351312594,0.199291397879752,0.118981965075162,0.104759630633799,0.085560277961517,-0.119712713937473,-0.077364006336868,-0.0686378093097763,0.0452438182663836,-0.213491130318562,-0.274664444181032,-0.357870443752181,-0.26320250397728,0.0279441617262465,0.101514991528926,0.0704342201567655,-0.11503452010567
"Frontal_Inf_Oper_L",0.64374038692553,0.391777251045968,-0.00575194722762533,-0.0813399140713107,-0.130702592695364,0.035558403565343,0.185152614890002,0.0847232775114086,0.205738996831599,0.141489009190402,1,0.465413455084937,0.810268536150486,0.49666287589675,0.496315776873243,0.368759295160959,0.398778095608767,0.161646733947296,0.365523596834142,0.25739057438296,-0.185222349407748,-0.0195176816942678,-0.0380557333343973,-0.111361689156454,-0.299566555402639,-0.318702664490715,-0.225355162245762,-0.122347468992042,0.449019793840815,0.231454419216945,-0.196673553165385,-0.218159959397289,-0.000422770805242788,-0.0284164309753682,-0.339952963959295,-0.372826372032727,0.0434357846955522,-0.170487386424871,-0.0955957603125168,-0.0380372723821142,0.227203306964999,0.29010622798,-0.112438995585715,-0.132321089592562,-0.215564170528567,-0.233675047269756,-0.00793405929188841,-0.163326465226638,-0.131462478434303,-0.164123876935549,-0.102303032943405,-0.183029016363781,-0.101141493211535,-0.0968992611443565,-0.0166223421029356,-0.112516114792846,0.24895688453675,0.185795175747162,0.0601645238844629,0.0498766086621837,0.410213004336212,0.129203387122548,0.304405578611056,0.120063977438954,0.00127328202228092,-0.116234376126258,-0.248591861046511,-0.351803630139117,0.0103968053662839,-0.0299725824789633,-0.0386986594673109,0.0717242023847832,0.363124970502706,0.293288958426069,0.303102200686889,0.372547197683241,-0.0519646671463074,0.0307381438860619,0.286795555253652,0.10755405089295,0.267878449053054,0.20386129935314,0.32230192096085,0.0474126943945439,0.29847499786157,-0.0145522342583639,0.000216976051079657,-0.0811041665533145,0.397008630315198,0.00254392179529046,-0.220309521457229,-0.0109046016437734,-0.150240627992267,0.0213262735494882,-0.201590135709615,-0.186203564619825,-0.165539054246671,-0.0563730380912038,-0.0158598292036651,-0.131372593241001,-0.0358261289789493,0.122638684522068,-0.0902968151206129,0.107634835505464,-0.36219330719696,-0.235417039962873,-0.120160611931617,-0.173737780701135,-0.20414576728772,-0.24648382646969,-0.284004612238895,-0.0853756180151946,0.0718703133745319,-0.00966749889186655,-0.155607981834012,-0.307889607549558
"Frontal_Inf_Oper_R",0.27508345033288,0.269709080838822,-0.379045326595415,0.186568225749485,-0.295070519050135,0.336062820942892,-0.110134111121016,0.485323455207556,0.049495603052835,0.422493637386618,0.465413455084937,1,0.313843325959725,0.67539816228071,0.229420434168681,0.468874191923216,0.173348291823629,0.182393040998607,0.310447219287249,0.285524244028172,-0.263781678343682,-0.0818636458277425,-0.188647983685669,-0.0369274149209782,-0.296624318428199,-0.20685700474036,-0.266136189925017,-0.0528013872115348,0.241574213351746,0.46818393298019,0.0142895178774362,-0.0458651667002732,-0.00164731333696601,0.125124599254199,-0.463071242266963,-0.387490178185537,-0.266549928025375,-0.207283960416659,-0.325172672439679,-0.209805801246338,0.205220328700486,0.185841961724153,-0.0036499521577215,-0.0237730655274344,-0.104241001426937,-0.0104306397736771,0.000286950998077481,-0.00355559775915053,0.0489307963579352,0.156147536836164,-0.0281984240876109,0.0373025728579202,0.102099859596721,0.0254894850178008,0.0692274547486336,0.0263504156894958,0.0305059832366649,0.290900147722922,0.011258143841967,0.294949265848802,0.293966883834171,0.557424282079966,0.256320531267649,0.512431298898956,-0.292073934098012,-0.0399193432090088,-0.361687741070046,-0.205485291689002,-0.12199205451128,-0.0632117836801842,-0.195164629898635,0.0827376155484276,0.241720147986502,0.367810523194512,0.187178171521996,0.354406655874182,-0.127611457747708,0.217580365782009,0.129970300069183,0.154275348586017,0.232828058047341,0.146482878120344,0.140133629012818,0.255925361706663,-0.0487910069100625,0.0372710953345379,-0.286630225866714,-0.216198095710871,-0.0429568858485328,0.199326320471284,0.132519580854606,-0.0222692750017403,-0.00352934921187526,-0.201890631031128,-0.219835017012898,-0.113484887165082,-0.168504630244705,-0.03715490698166,0.229960852841931,0.0671173947058662,0.148218960858458,-0.022524303852694,0.116711625332843,0.0849407907865669,-0.325543355467353,-0.250518330229014,0.0195969241894012,-0.0406119287597945,-0.127362512131897,-0.102715415753124,-0.176222086967348,0.0677390280998335,0.13284941637519,0.13302308510279,0.00576819356988362,-0.261072308467262
"Frontal_Inf_Tri_L",0.477314499083874,0.192776380026252,0.217501013895672,-0.0459027141243049,-0.0189641571181936,0.0492572120980931,0.385823990522985,0.110810066045164,0.342985310375946,0.155056323342807,0.810268536150486,0.313843325959725,1,0.429125308638697,0.651005540191631,0.395169259466747,0.301543709551396,0.117730227553753,0.254110819726154,0.0952504049857823,-0.0837929989536587,0.142413567834591,0.0909498099823793,-0.034668058313115,-0.184862145337165,-0.204650903670295,-0.205081477416238,-0.0844427008183006,0.484152701852805,0.239933496896289,0.0120857845362065,-0.00511828926549861,0.0869761061249497,-0.0620922993089501,-0.310270609936097,-0.3541148586127,-0.0462382186991942,-0.188901078345599,-0.182790777833465,-0.116099036159064,0.198899772476125,0.233061126891664,-0.185039601423108,-0.186662725403739,-0.296781447792978,-0.326949962262713,-0.113497507118921,-0.253216722688791,-0.188958192320578,-0.277560629783882,-0.177015767041428,-0.270009611348367,-0.152731583391191,-0.133190903627596,-0.129656902918323,-0.232385959233341,0.151171330044417,0.109781495738995,0.0730857114242574,-0.0065030193305999,0.388779929664706,0.0369169417773118,0.278875291265799,0.147017575317741,0.0148796213666895,-0.193856538267796,-0.198167937863356,-0.353310508601045,-0.0445622374987346,-0.125884913957487,0.191277380281461,0.200825118571218,0.405156432911839,0.248188641867244,0.369668887006693,0.306938418493255,0.0158820659818458,0.0114775325978774,0.224959133916653,0.0801048276584931,0.174790420655001,0.1616192140242,0.410254305359906,0.0861468989400018,0.262121563082908,-0.0785737284330519,0.025773371910807,-0.0992503512619902,0.328914497281212,-0.0522241925871337,-0.230485360123963,0.0706197720039566,-0.0960711822197452,0.143326921819775,-0.34445095797796,-0.330170579416419,-0.260703811354116,-0.191739618212092,-0.0994508492462419,-0.192111282047862,-0.0628597407590675,0.26308938257231,-0.0927316724292468,0.174858379701448,-0.344122879094813,-0.182729562142701,-0.227744426678478,-0.173449685105948,-0.327619320218566,-0.349136121203993,-0.382419984939598,-0.12089161547197,0.0189833511244549,-0.0403945513461108,-0.169826964666251,-0.255751340715461
"Frontal_Inf_Tri_R",0.134991347994205,0.0786059068218514,-0.0972660130005101,0.176915534180492,-0.020060550723681,0.403127599664769,-0.0472355296252436,0.456794614763957,0.138835531269439,0.537685681435245,0.49666287589675,0.67539816228071,0.429125308638697,1,0.367396630535589,0.649024862049496,-0.100063804613439,-0.154488152572904,0.103099324997279,0.110652985492742,-0.0652689322393618,0.067479930685823,0.0894623091319999,0.240850966632945,-0.0834214175670136,-0.0475819928243109,0.0179855222863459,0.149586485239253,0.0106916581360043,0.144455879998988,-0.0924737260060254,-0.0915706407655603,-0.227658684195715,-0.144450614524955,-0.269760793213121,-0.250536916026941,-0.121660497762568,-0.00938046960196413,-0.131006879121302,-0.0860287934503048,0.172044231102803,0.203470989862894,-0.0465180175971892,-0.07015007747132,-0.215585639363461,-0.149599190923766,-0.103934123320322,-0.0993085087101458,-0.132528746623237,0.046409324942998,-0.0621921447400737,0.0433165988378358,0.00608721774641541,0.0773485659069068,-0.0103685461664932,-0.0256610702137603,-0.2183834731753,-0.044722785211795,-0.072269310672491,0.172693308866158,0.160355744801494,0.430317345552415,-0.0519363333160807,0.203735398794271,-0.0167929061773832,0.151326287497372,-0.297263629078688,-0.254222148125088,-0.185724280909321,-0.18118871458437,-0.105639850631221,0.146312960394948,0.152031289208191,0.169651214507865,0.223833209787527,0.294304614575742,-0.0164701111865447,0.300789042284424,-0.0452091699259875,0.033478733329816,-0.0558245769004384,0.0835354953790851,0.231301429873702,0.16444395808057,0.141557610328839,0.208146142596249,0.00391937633692028,0.0551760160870677,0.127158736495099,0.269893073576514,-0.0406922009534677,0.0200068086522348,0.174681106786418,0.00724879270884693,-0.204422420641725,-0.0441111590114987,-0.197441582131565,-0.0793878192084548,-0.0102733812870182,-0.108109769171963,0.157559295894945,0.0361700340171574,0.0248879095086453,0.0824167210742756,-0.242000507104821,-0.135593934614653,-0.0163230989032394,-0.115299875352966,-0.117272807662158,-0.0619343241713071,-0.175034420315837,-0.116611833050983,0.0613256892717165,0.153084222129554,0.0464847906933305,-0.192964725560189
"Frontal_Inf_Orb_L",0.144109418245259,-0.0193669106591701,0.248548784094562,0.022157871333155,0.19127302755032,0.255391953640006,0.22164591569039,0.0340204659695858,0.358756551869821,0.270485111067944,0.496315776873243,0.229420434168681,0.651005540191631,0.367396630535589,1,0.625731094146559,0.0768501811040849,-0.0497486452278545,0.0883748332119031,-0.0464252164083595,0.146004588241734,0.333204388999553,0.382973774400036,0.245936183420833,0.128075977783144,0.131340369663996,0.0293324221120427,0.166703568552563,0.38760535766851,0.160208181010123,0.197362209637529,0.131488194450754,-0.0235524615740179,-0.0755914107489825,-0.176247087185627,-0.227514989914555,-0.0427251991614587,-0.0387987206472147,-0.101191107236477,-0.0604188733407856,0.215675460250979,0.23359155116554,-0.222345712192832,-0.328551342851915,-0.365338089934861,-0.346701201911888,-0.181876571934423,-0.255473268529674,-0.333169704666357,-0.313195304340684,-0.281265813332917,-0.272852405132158,-0.135630195037295,-0.0501832999095942,-0.116445933606204,-0.154238897860372,-0.0502036783107923,-0.112689162082924,-0.129113350371879,-0.132234275952572,0.149406404835786,0.0219576756425629,0.0898962767018541,0.067419281914351,0.153581097047523,-0.10540259104874,-0.273114461921177,-0.399857651217891,-0.183064599029425,-0.243188455567923,0.276370343533985,0.223311570071869,0.254886809128702,0.147587889174098,0.415787087773319,0.287549120501662,0.00308194569012138,-0.0212405654095099,0.0455611829709449,-0.0169814857482388,0.0796385560945001,0.166872894152222,0.599651530898526,0.235314299933283,0.35480345452986,0.118337880250392,0.277109486816893,0.218480606259117,0.289467314290716,0.0530229853560214,-0.262083121201703,0.113330013207047,0.0488241317176819,0.292605188133381,-0.37257485392255,-0.208956370426682,-0.300240971567604,-0.186448354194346,-0.138899430962423,-0.192971121410781,-0.00133757369075527,0.324043615800267,-0.0768428050375358,0.10762291972589,-0.294119328642786,-0.191325141232299,-0.128354626889321,-0.108488993218498,-0.294963575095174,-0.371386105313334,-0.400218108005471,-0.248788870590183,-0.0254803569872752,-0.102353361903811,-0.043561048601732,-0.163665957128259
"Frontal_Inf_Orb_R",0.0141060371927634,-0.128925125043973,-0.0150866484867884,0.13251956402773,-0.0339301311972403,0.368696301457235,-0.0181216103660805,0.30641166467367,0.157343489196935,0.433919041324948,0.368759295160959,0.468874191923216,0.395169259466747,0.649024862049496,0.625731094146559,1,0.0131904174332511,-0.143266750985743,-0.0249875862542036,0.0199158654563534,-0.0660451681456617,0.128264365175295,0.281376196146304,0.338273044103249,0.0594839598072635,0.107704749168444,-0.0240504286363381,0.149732684303856,0.271935147966564,0.32760077774006,0.180175505572816,0.0826145958141486,-0.178043825486853,-0.164776885195749,-0.304775737747904,-0.301253170207135,-0.108878217429691,0.019068437078296,-0.105915513413963,0.00112010968489509,0.198137499649037,0.203361779827892,-0.190752135784707,-0.222460168124983,-0.256414877245286,-0.140708267627807,-0.168492739608808,-0.162718489363645,-0.255474062096264,-0.12909474955682,-0.191818622135925,-0.104143422694215,-0.070713681796116,-0.0368527733102205,0.00888682956645707,-0.0295884416731369,-0.148034235243974,-0.153689228145964,-0.145672147000821,-0.00775671852520148,0.0643020677997066,0.279282597710148,0.102343574425015,0.384664233816054,-0.030661868434632,0.0153961536920046,-0.316723030588409,-0.285397181846397,-0.242457602356073,-0.257543663437894,0.0134933663816615,0.132719060833952,0.124875927395944,0.148612589521179,0.237354147103363,0.266828882684304,-0.0356705838297893,0.114610772610533,-0.00649607263595291,0.0858593382341565,0.120922245414312,0.222072014357988,0.487020363989355,0.489670978628871,0.377162294209888,0.394880582830677,0.188892279798017,0.228412866201012,0.187471020343529,0.196649669196964,-0.104903761539178,0.0589192494545507,0.0868714586382349,0.0835920561602594,-0.314897357697397,-0.0861784804897944,-0.278666311559132,-0.0928714464815926,-0.0887778789555073,-0.0840799412677177,0.0780136626793905,0.117077745121939,-0.163355969014314,0.0350134145146363,-0.34041980928521,-0.211327530232058,-0.0970625105734799,-0.112700811961807,-0.228755017836116,-0.237438398213942,-0.276001647549032,-0.223591363048771,-0.0334659075135852,-0.0184519849117201,-0.0328194324026691,-0.210904730187414
"Rolandic_Oper_L",0.47870010451693,0.491726392389542,-0.0572391157848851,-0.286944705197036,-0.166996932408375,-0.326918959956701,-0.0189645072783222,-0.232122107492163,-0.0611621780773024,-0.259189351357422,0.398778095608767,0.173348291823629,0.301543709551396,-0.100063804613439,0.0768501811040849,0.0131904174332511,1,0.787224115809231,0.388790000759513,0.370651765808833,-0.318342193956095,-0.0920428296071104,-0.186565788791303,-0.27608412122377,-0.195504469184193,-0.243871543191006,-0.226021437945409,-0.329193412993627,0.630885666657781,0.588862808724911,-0.0680899616755599,-0.0955858851208422,0.265455775312189,0.140995848196589,-0.218983433982296,-0.34573353725705,0.116533457041385,-0.0715229651676321,0.0250856231547129,0.115225383993834,0.319374869645343,0.409927273794048,-0.203659839353717,-0.228767903484196,-0.235902071769842,-0.281409555595101,-0.130872559661623,-0.215124315072496,-0.253394480269268,-0.270855328177475,-0.302230381934528,-0.340579859510986,-0.214901549024317,-0.235160615743655,-0.0496273866527984,-0.119376350504248,0.745970849243468,0.473657002230051,-0.0481354609291955,-0.102358383213176,0.0762142244645894,-0.137763282544889,0.597583255485088,0.209281875085008,-0.144652404728326,-0.2947879846015,-0.190342421522934,-0.311226782476301,0.304771930349461,0.302994327396113,-0.0563104327661383,0.0498554261803433,0.453020648850342,0.540710378446093,0.15602190532076,0.416106656879722,0.0342232883891257,0.0305524860707377,0.749515794836295,0.594887199776436,0.79826527636716,0.600631823769559,0.0804403534120515,0.151154155889923,0.145492579303418,-0.101270366473517,-0.196964450532422,-0.250824006713853,0.0803485487858637,-0.161593429794638,-0.253838487220052,-0.140708526546569,-0.308867895524573,-0.149303894820819,-0.0115218919379599,-0.0341105058779259,-0.011423850930714,0.0546188822580753,-0.0117546876486376,-0.0856165914015261,-0.170458648907154,-0.111231651723895,-0.0782494796904712,0.020093035049724,-0.312183758099539,-0.28519362148775,-0.0525876955838534,-0.0265600829937356,-0.0559907485867742,-0.0766358302502678,-0.0690984110366048,-0.00182683105524678,-0.155365253396682,0.0678635206306346,-0.166564422164243,-0.197588012251834
