"","Precentral_L","Precentral_R","Frontal_Sup_L","Frontal_Sup_R","Frontal_Sup_Orb_L","Frontal_Sup_Orb_R","Frontal_Mid_L","Frontal_Mid_R","Frontal_Mid_Orb_L","Frontal_Mid_Orb_R","Frontal_Inf_Oper_L","Frontal_Inf_Oper_R","Frontal_Inf_Tri_L","Frontal_Inf_Tri_R","Frontal_Inf_Orb_L","Frontal_Inf_Orb_R","Rolandic_Oper_L","Rolandic_Oper_R","Supp_Motor_Area_L","Supp_Motor_Area_R","Olfactory_L","Olfactory_R","Frontal_Sup_Medial_L","Frontal_Sup_Medial_R","Frontal_Med_Orb_L","Frontal_Med_Orb_R","Rectus_L","Rectus_R","Insula_L","Insula_R","Cingulum_Ant_L","Cingulum_Ant_R","Cingulum_Mid_L","Cingulum_Mid_R","Cingulum_Post_L","Cingulum_Post_R","Hippocampus_L","Hippocampus_R","ParaHippocampal_L","ParaHippocampal_R","Amygdala_L","Amygdala_R","Calcarine_L","Calcarine_R","Cuneus_L","Cuneus_R","Lingual_L","Lingual_R","Occipital_Sup_L","Occipital_Sup_R","Occipital_Mid_L","Occipital_Mid_R","Occipital_Inf_L","Occipital_Inf_R","Fusiform_L","Fusiform_R","Postcentral_L","Postcentral_R","Parietal_Sup_L","Parietal_Sup_R","Parietal_Inf_L","Parietal_Inf_R","SupraMarginal_L","SupraMarginal_R","Angular_L","Angular_R","Precuneus_L","Precuneus_R","Paracentral_Lobule_L","Paracentral_Lobule_R","Caudate_L","Caudate_R","Putamen_L","Putamen_R","Pallidum_L","Pallidum_R","Thalamus_L","Thalamus_R","Heschl_L","Heschl_R","Temporal_Sup_L","Temporal_Sup_R","Temporal_Pole_Sup_L","Temporal_Pole_Sup_R","Temporal_Mid_L","Temporal_Mid_R","Temporal_Pole_Mid_L","Temporal_Pole_Mid_R","Temporal_Inf_L","Temporal_Inf_R","Cerebelum_Crus1_L","Cerebelum_Crus1_R","Cerebelum_Crus2_L","Cerebelum_Crus2_R","Cerebelum_3_L","Cerebelum_3_R","Cerebelum_4_5_L","Cerebelum_4_5_R","Cerebelum_6_L","Cerebelum_6_R","Cerebelum_7b_L","Cerebelum_7b_R","Cerebelum_8_L","Cerebelum_8_R","Cerebelum_9_L","Cerebelum_9_R","Cerebelum_10_L","Cerebelum_10_R","Vermis_1_2","Vermis_3","Vermis_4_5","Vermis_6","Vermis_7","Vermis_8","Vermis_9","Vermis_10"
"Precentral_L",1,0.591859764005426,0.020274419964026,-0.0606009762415525,-0.122237933212025,-0.144218964491408,-0.1329644928539,-0.0348721825508759,0.10218498397531,0.050996539880483,0.336592423201615,0.286014321945287,0.190781450165193,0.0488602404674524,0.0596273377207996,0.0275972943137267,0.205351189548388,0.189511227184152,0.368420437429411,0.392165203291308,-0.214212253513573,-0.364081323696614,-0.248588441186902,-0.28310916184655,-0.333841191187377,-0.428970656858983,-0.188933235999845,-0.14021572130889,-0.0644316271756932,0.0269703427763381,-0.426502586337743,-0.361310069341929,-0.0870508225726487,-0.159360042681189,-0.350544279038789,-0.317821450064956,-0.218647658959225,-0.32072003820655,-0.269120446785525,-0.193282275611185,-0.164055907123231,-0.0665341403077933,-0.169744378515772,-0.0996903725049092,-0.11591330824207,-0.043433729583127,0.0901291839780165,-0.0188135176106332,0.0369726320829516,0.0380967628739985,0.052713676216046,0.0640994352057345,0.0941921522801708,0.0481399292517544,0.0140322575620606,0.0258802800759122,0.614915561544651,0.572358751948687,0.335812686128534,0.267670783040153,0.428712027462117,0.138636326300433,0.26853892585324,0.223743958897049,-0.047181630589397,-0.0800471691975598,-0.162522006616466,-0.157053485607732,0.51243035342457,0.478483645894014,-0.0618374088237217,-0.0635276706079536,0.0397969007049152,0.0221928983805831,-0.110455037127079,-0.021886531275796,-0.194841692893436,-0.0768073590409805,0.109395994478628,0.168648064377128,0.0870865987168846,0.131926376197967,-0.0123785584013217,0.00591351805675814,0.0755132930703492,0.0114030906683339,0.000406826366653107,-0.0214347203865833,-0.113348791490241,0.0741955258099148,-0.158312391509125,-0.237296308177552,-0.320159025424869,-0.306339383463276,0.0155835026221703,-0.0459628106266895,0.0272131485803686,0.117488081555063,-0.0287301397402534,-0.0848880581735785,-0.157744784895105,-0.141650729003095,-0.077203562756984,0.00494332762392464,-0.161815960953887,-0.176674419359359,0.063452771670117,-0.0895476267114745,0.018063583486534,0.190166506550565,-0.0892945433683153,-0.192979635508865,-0.248031051755991,-0.101422595401584,-0.114662350208703,-0.125487322658376
"Precentral_R",0.591859764005426,1,0.0236226661158786,0.0202277052150568,0.0255021700337233,-0.162728296238105,-0.289168612729858,-0.0986174520248241,0.0581531079781593,-0.0921848623670524,-0.0122720293022883,0.187082255183999,-0.182979815644502,-0.0327235874236135,-0.122133251793681,-0.0699045087740583,0.310721692641872,0.548735354936069,0.33156231495816,0.538534691169899,-0.0272297543421143,-0.244222618005666,-0.211422272727056,-0.0888820063699162,-0.129013001094075,-0.171534273380955,0.0414362418322227,0.022483167644048,-0.169595416355077,0.0496909473247635,-0.332563701324939,-0.339845385963092,-0.0524598190872285,-0.050553093410523,-0.230170854375184,-0.163280284734168,-0.155877967004475,-0.1361363876089,-0.0656756304459016,-0.0366389938780773,-0.016005930808719,0.085467113170934,-0.114981701074796,-0.0637030682232902,-0.0195125118368247,0.0254912873744339,0.111260364902717,0.0603077313180266,-0.115617142236987,-0.0522507653106889,-0.114821016168692,-0.00336708285208611,-0.112945624116638,-0.0370782582851979,0.0757900226513856,0.034279068446898,0.705936443031609,0.645588035552327,-0.00206202346670063,0.0316034505911088,0.0259644473691652,-0.00740144529847176,0.266551625236377,0.236723961399452,0.106722038089089,0.0232577157717196,-0.0999242630844168,-0.101775569243492,0.625362992520065,0.503106791714297,-0.144481642439841,-0.131779115245536,-0.0298585375574632,0.0739455667463118,-0.0719148628826627,0.10116223899146,-0.201466412618556,-0.00726194971609343,0.23237240040481,0.248613349242901,0.209392852490123,0.33941119558838,0.000824718264266845,0.15135403635284,0.141748732517722,0.233588166495538,0.142783050085421,0.169399817754677,-0.00767306767961702,0.196923912187039,-0.198362995807546,-0.295670911935437,-0.277718490163138,-0.329372711765289,0.0569062033081581,0.0557465680863902,0.0623674630067862,0.147467495775882,0.0434907071223819,-0.160684159263175,-0.160328884668681,-0.222205302705147,-0.0921208542102864,-0.139347386340943,-0.178394159071318,-0.258625614554548,-0.0480653027301303,-0.192592891803918,0.0914439632087621,0.172295962261758,0.103118529965057,-0.205442029647084,-0.3407971760532,0.02705788088714,-0.134211756231095,-0.208403154681424
"Frontal_Sup_L",0.020274419964026,0.0236226661158786,1,0.146744223986193,0.233075422529153,-0.428025093204286,0.688125653092036,-0.451919434936989,0.00184121265154561,-0.362122593350932,0.0687059248807397,-0.384844732117743,0.18146030358982,-0.35905055509213,0.212512426021891,-0.0304572477351457,-0.110478579972922,-0.176734648060742,0.0268471092949946,-0.126797642270107,0.156320395005613,-0.0231270946517427,0.721301678047007,0.406224840267268,0.220459229991415,-0.00664818788218398,-0.00519938536904227,-0.178370637628805,0.0200230391025203,-0.286281786290079,0.371819980312339,0.338445955890572,-0.134750493484904,-0.348120827813997,0.036981719272448,-0.183895845392671,0.0273657370743904,-0.118118392655034,0.0210752187762986,0.0132406366711958,-0.0418207905291146,-0.178704751302908,-0.0477543681485756,0.00142825387519886,-0.143281672141098,-0.211361109977087,0.0171700850942029,0.0155744203738417,-0.1574251396539,-0.173298075812993,-0.0437203835904577,-0.136545763294653,0.057340492222927,0.160747054083769,-0.053378189089706,-0.0712686087845793,-0.0855502909837943,-0.0698032885458679,-0.0627918138571844,-0.324088806282311,0.0595989828598408,-0.376350601841068,-0.0858642414964048,-0.456134900464106,0.452970141431599,-0.121515525625732,-0.0554132378584395,-0.334769983687421,-0.112123187870254,-0.270577240140708,0.302652522392607,0.0206961286102897,0.037749562046858,-0.278143915690139,0.109720732280922,-0.266091410997279,0.0705747110893294,-0.270106122436887,-0.0432984148470551,-0.0638805634547728,-0.181978002137064,-0.0125630451561996,0.241143083239562,-0.0414831789475292,0.288303211997331,-0.0344684940717953,0.256681573297802,0.214736040364084,0.103911419218898,-0.194852424757568,-0.0862228873761184,0.33617492549645,-0.103573167088041,0.420164523611305,0.089325037859172,-0.0338543710092516,-0.0995258994495477,-0.101471956167521,-0.273361473073429,0.0953853936796563,-0.327438325166063,0.296067833158282,-0.200868534824365,0.101711916556774,0.0333385823974182,0.165731734024855,-0.196012665682932,0.142548009141538,-0.0133610826480968,-0.139339349560953,-0.169961832183768,-0.0998285267501486,-0.148198638258491,-0.0763443187900722,-0.0865516962671676,-0.0106089370104013
"Frontal_Sup_R",-0.0606009762415525,0.0202277052150568,0.146744223986193,1,0.0981302475317556,0.232251498050753,0.283342193401987,0.524851587579076,-0.00792664148044155,0.194249980810246,-0.137326906630739,0.0399499796404681,-0.0628509854459764,0.0944018779378305,-0.259584177031304,0.0290788736865824,0.0211856196955913,-0.109913966119081,-0.0420136953949067,0.0966842411004547,0.0988152575411943,0.0593788514118825,0.109303107578394,0.530248214444565,0.252782475673869,0.445325103859772,0.107141069440944,0.298913985626828,-0.0175596554596535,-0.0038987006423064,0.198821866898491,0.388982271535192,0.150502551516203,0.280780882635767,0.186952520429933,0.165386810332747,-0.296850006662689,-0.160867849544052,-0.14500611453786,-0.238225594404664,-0.0243487444830761,-0.0873990600866918,-0.078288130248947,-0.0842070280662249,-0.0520342052130218,-0.0775247443789614,-0.21858614215426,-0.122136593728731,-0.20126228133059,-0.125339567427256,-0.105129088090361,-0.111839437234367,-0.114792847396511,-0.100875113781288,-0.112992877814783,-0.131514731837318,-0.133999649451461,-0.0589824250691642,-0.190991083319858,-0.0629522012226804,-0.000572579271596996,0.278553634172716,0.0245096351458719,0.14263778050244,0.19188367782798,0.482530942330369,0.038184116749549,0.126491045122417,-0.216455572670983,-0.228085911390107,0.031670526220936,0.091198748986905,0.106633455034368,0.0604401877362132,0.048855251817187,0.122946105992583,-0.128865383595257,-0.0241933439198917,0.112505781697127,-0.0590458701607931,0.00958825251962447,0.0594309259951348,-0.325231660761611,-0.154971395926489,-0.00285575268982776,0.255401775061091,-0.216505201607278,-0.0360219323502369,-0.184136872104386,0.0292309798777575,0.0316112226888959,-0.121031151624027,0.116483356226145,-0.0377155325570716,-0.103973335228126,-0.0666046882541203,-0.292846942283968,-0.11157246574358,-0.159950539323079,-0.295843489651649,-0.0729743158235536,-0.057298766797659,-0.0536920607223033,-0.0473260993234291,-0.0483513729323029,-0.0359109066348694,-0.110118395795992,-0.0920409968047359,-0.0603124152825767,-0.243801257623682,-0.167170847858814,-0.350266050065348,-0.250423941967829,-0.0490342198630903,-0.037428660335024,-0.0361919989685101
"Frontal_Sup_Orb_L",-0.122237933212025,0.0255021700337233,0.233075422529153,0.0981302475317556,1,0.0502928403557802,-0.0298877145101361,-0.22883303301751,0.465737492374411,-0.0454964463957771,-0.278181197023105,-0.131695480083994,-0.0879591594916893,-0.0170263061590537,0.0829958934088252,-0.0432319137260362,-0.255309501817218,-0.116142923312217,-0.280484106018673,-0.141161719080269,0.391113943407762,0.15539408958773,0.383724880248889,0.262190350147117,0.710756906545596,0.481600793113154,0.720450190394526,0.452772582556685,-0.32343842104676,-0.282580888341144,0.130836157163751,-0.0581104299808568,0.0011212391144126,-0.0145506446685815,0.488831627568193,0.396847188306683,-0.0239787650538453,-0.141443610603557,0.137259632046342,0.253086654620797,0.100099334246651,0.070408830016761,0.1811838761607,0.0301906119481877,0.201996916790466,0.0891983677226354,-0.0209891220991112,0.0592850155523349,-0.0372506755053495,0.0277998460331329,0.150126634445806,0.14766920860795,-0.039221097529391,-0.0334876160442563,0.0792347888244985,0.021369850865726,-0.139606486079345,0.0542318601012543,-0.144668762242035,-0.130427416742395,-0.0160764446049535,-0.0138616052641617,-0.222483837481509,-0.23401338208265,0.43998291102989,0.315476036153823,0.366836328194206,0.191543536044607,0.0854578052279784,0.0463900354352722,-0.143711125928386,-0.335251704559628,-0.135101738347984,-0.224859894406867,-0.0873529527103107,-0.125903738405681,-0.170920846415835,-0.0783627281711796,-0.123778219921492,0.00582455993723072,-0.209969511955019,0.0294445341134219,-0.0315831796516171,0.00388795034388358,0.212723613848674,0.338112754491325,0.175729372281794,0.385332169699858,0.0825251708608277,0.079742562300921,-0.291311769892324,-0.178326159421824,0.0606008226447239,0.0307862365786662,-0.0348062380524946,0.122892165056735,0.0583482114965833,0.0914767227089905,-0.16374627272219,-0.176646341623553,-0.0359633533175645,-0.0318384414436879,-0.0863083094030879,-0.20004133464424,0.00736528111035887,0.0543928600013355,-0.224797501529111,-0.184469187297738,0.00722732516384625,-0.173813848010912,0.291950847872615,-0.0715003787546285,-0.151178347190696,-0.208220660308382,-0.0444605810612736,-0.307819727006208
"Frontal_Sup_Orb_R",-0.144218964491408,-0.162728296238105,-0.428025093204286,0.232251498050753,0.0502928403557802,1,-0.147592979386797,0.584334603071587,0.378115264149085,0.732298632733171,0.00186598947229482,0.309248474098638,0.074334150703761,0.370248722925553,0.0659545889983037,0.193271240002038,0.0581872074970483,0.00203022225135629,-0.258422361352612,-0.141804482112277,-0.0166968479683343,0.333801442630536,-0.256307148816295,0.0234681623023018,0.00713364820649176,0.447755552209701,0.0872686802352304,0.464187718190265,0.123071313629699,0.293823391505538,0.00976249324674841,0.16119512419043,0.110938938665442,0.344387883847101,0.0655048275409668,0.220627089003344,-0.211295125927287,-0.161956882639525,-0.261676722900956,-0.109093735121873,0.109888667176165,0.366461558752358,-0.0760357710417065,-0.133231903106061,0.0232316200176641,0.00581413617301852,-0.262113178995621,-0.194110482011754,-0.104245863094747,0.0589831393177598,0.00966497531707606,0.0256438900921601,-0.189846408877452,-0.0967669091504688,-0.193475547035487,-0.210017635319733,-0.102666699918406,-0.0833027599816137,-0.131998058403526,0.0766222437978503,0.061267608396713,0.387183816038165,0.150015603820294,0.312109047259756,-0.0745902028029192,0.213831016334155,-0.053925053298934,0.143777707370423,-0.207619950775832,0.0864109357906622,-0.073081025561793,0.213645870397227,0.183353657281084,0.283472283640279,0.0221924007770947,0.286771790951403,-0.0857580389587867,0.145555462602916,0.0419981320472252,0.0419920135913238,0.101289957998905,-0.00199102100500831,-0.217778046346034,-0.0599725930005888,-0.24069523780544,0.00310538683076647,-0.313244212296416,-0.233026567648311,-0.162413774463279,0.0474554841635093,-0.168272914303128,-0.3046425286931,0.0289658731589748,-0.27628547102351,-0.21364033644327,-0.176808176839967,-0.232535046312205,-0.152374225488941,-0.104862974904644,-0.317845400837277,0.148493917855635,-0.204133402418878,-0.0561402470541839,-0.298480235925926,-0.242438494183652,-0.213292276122988,-0.110767138580753,-0.20421907601193,0.029866404262182,-0.183562462410225,-0.109122607337139,-0.150831037799553,0.00585753753351726,-0.11861077747676,-0.0908305003173187,-0.193640689579406
"Frontal_Mid_L",-0.1329644928539,-0.289168612729858,0.688125653092036,0.283342193401987,-0.0298877145101361,-0.147592979386797,1,-0.0181522486107985,0.0799725716517019,-0.147977433659735,0.0890480657485384,-0.272557515555811,0.274878140582213,-0.338704545068364,0.134111302292312,-0.127387683805994,-0.127223305558208,-0.203344560249647,-0.00881235151177451,-0.258005204992402,-0.0130276756220242,0.000967042271860173,0.442557058709665,0.212765177033594,0.0314237659095618,-0.00394654836331996,-0.249485281247571,-0.166822082902028,0.116014144704192,-0.155791262131916,0.412821634214526,0.455634296453611,0.0208259296653072,-0.0977619959337418,-0.0382787697462488,-0.160675093374745,-0.0691853419245036,-0.138656550469216,-0.107285117561302,-0.153840925664214,-0.144895600443682,-0.274604460958551,-0.104293488993239,-0.0972909842145539,-0.142780320040905,-0.227317559517473,-0.112768034261653,-0.0868386775998055,-0.0628599157674736,-0.164174923694224,-0.0553694718991335,-0.142206980639215,0.0625547116975788,0.137940562546742,-0.134436005856932,-0.119989280361324,-0.332091986279754,-0.318136501643055,0.0233739131083861,-0.157889807218777,0.189907580927923,-0.195955935423401,0.030470891524428,-0.218591265879217,0.248602807641154,-0.0812918830637232,0.0204250311790531,-0.163355369905579,-0.318551953729502,-0.420464696027175,0.378095840667061,0.159193086176077,0.060119812949437,-0.223863309182498,0.0552702057780622,-0.24761429830398,0.126382375753222,-0.187587600887267,-0.183749395987645,-0.127146846819579,-0.237990957114737,-0.187789625651612,-0.00762001851699172,-0.222576293181674,-0.052991720038248,-0.23903627146862,-0.0933498952658854,-0.115713978692984,-0.0197673197258031,-0.312183793852861,0.0882472946124694,0.405792074767136,-0.036796800408505,0.351907053916903,-0.0237974502571401,-0.114953652448078,-0.255779118673646,-0.267763290994853,-0.229826002246805,0.0931653223931521,-0.217107023961699,0.251416737353389,-0.155684086877637,0.104552704818605,0.00768121873793515,0.179997028530455,-0.0830770539589032,0.189147424055464,-0.0368737767594438,-0.242698044514979,-0.399549220676157,-0.0955910511666891,-0.0870107165477945,-0.164617905300377,-0.154523056240943,0.070918129028132
"Frontal_Mid_R",-0.0348721825508759,-0.0986174520248241,-0.451919434936989,0.524851587579076,-0.22883303301751,0.584334603071587,-0.0181522486107985,1,0.115332784314116,0.595923004249903,0.120381565873796,0.417234880966513,0.136180481326388,0.431940968661168,-0.0880082837615773,0.16472043014312,0.173632214490725,0.020885889791848,-0.0260997252251177,0.0287482623869615,-0.066928071567712,0.166759893719176,-0.382462933029969,0.0149005924462508,-0.191676954897458,0.20585642624469,-0.0983893847537033,0.22316639404276,0.164119933747173,0.346983180718742,-0.00730832271110246,0.171991354049073,0.157980459171006,0.358628516377445,-0.0980828904126975,0.0533680160284604,-0.265440816524429,-0.122706638612919,-0.243515878457955,-0.232037679069459,-0.0405187214728479,0.16281045800636,-0.153770156894217,-0.132576883293979,-0.00655355066106603,0.0407695901453436,-0.292079364203197,-0.220076393380204,-0.0479670378612558,0.0433027518623051,-0.0620580505707622,-0.0504202827645701,-0.109778070737502,-0.112253800413538,-0.165037709113243,-0.105974488386741,-0.0904282382812205,-0.0876024574849305,-0.104948278907291,0.178693581589439,0.0991606625851531,0.563783144258331,0.182717423156896,0.505058191152005,-0.175254073458091,0.335689524894105,-0.0751001247068777,0.142381020655631,-0.180369821223175,-0.0837797113633947,-0.0325644970666627,0.218896782998787,0.135291773826418,0.306610143433668,-0.0416907532296507,0.253671603094715,-0.136749303919887,0.10157647060814,0.110514251146567,0.0338764875938955,0.152368897305387,0.094155995713508,-0.274167434328825,-0.0229626928376163,-0.237196496086142,0.0505229634814204,-0.391795581636437,-0.277564669916551,-0.210967241238951,0.082025148012364,-0.0141935797432712,-0.332016166029097,-0.0691813788952826,-0.356937422293008,-0.165594994221705,-0.192824462246906,-0.343349440995951,-0.220963352992411,-0.120492530561431,-0.46165619941436,-0.0324631080705314,-0.35775143513275,-0.13277456180114,-0.301036417141619,-0.216853357149417,-0.290263844014954,-0.146328877590702,-0.166430433238889,-0.00816441365979719,-0.267612466255298,-0.323791779395782,-0.249388958485385,-0.158541429496535,-0.123371528249804,-0.0790982668844094,-0.0391847539493
"Frontal_Mid_Orb_L",0.10218498397531,0.0581531079781593,0.00184121265154561,-0.00792664148044155,0.465737492374411,0.378115264149085,0.0799725716517019,0.115332784314116,1,0.460448863278907,0.136287151137919,0.241510953925313,0.217609847229248,0.0532203976531448,0.42542157095186,0.0325864868191812,-0.0511117359957587,-0.0312286207657975,-0.120029423649779,-0.0590341561991649,-0.0794873733119496,0.0986730152967927,-0.0182728988699991,-0.113631461033899,0.0906391679522681,0.105610612936395,0.0590225901811761,0.139516837024005,-0.0501201568625295,0.0156231230255881,-0.0609591453694404,-0.161265798145676,0.0105979131903945,0.0689050324940035,0.0422023523388763,0.0826329014197923,-0.142883803743067,-0.304872382800471,-0.251091406991409,-0.0651470015313413,-0.0737397479932341,0.208701554403085,0.0851611203711724,-0.0174581402013151,0.11370735370006,0.0707101819830515,-0.0556506721115291,-0.0793423607586619,0.0564687905927023,0.0725877560776456,0.105027556940044,0.0258230706831326,-0.00927850684605495,0.0266377913193912,-0.082645694921153,-0.123051819017367,-0.0460955750215349,0.0838676731327027,-0.00456092322047821,0.0494961334967004,0.255404195724239,0.229785271672798,-0.0141387909492418,0.0787200998104226,0.219460859331354,0.12544219542992,-0.0369753620018791,-0.0290694663066569,0.0737053163934844,0.136796526730541,-0.0629827608691231,-0.0428601088116536,0.112942803003763,0.033731720587328,0.0477140172685988,0.0207911515148593,-0.00425998446685233,0.101467595187388,-0.0974847718603988,0.0696635355783329,-0.16458449428396,-0.0817191356470899,-0.0970131644899655,-0.101160956938923,-0.0724234036168157,-0.0430153437016411,-0.186456222351036,-0.0331426337450526,-0.0773904762727272,-0.0174044382026068,-0.299639020304375,-0.190487573799647,-0.0966062426259464,-0.198905500050129,-0.114155711699815,-0.237301246180091,-0.0573586767145762,-0.0532833878528611,-0.0756827517957227,-0.168287254371857,-0.00443070318571141,-0.0500112727608217,-0.0679806728356827,-0.176322955266291,-0.201854150431083,-0.230855849483084,-0.057290712948921,-0.231487918546041,-0.0137449182000526,-0.0110447564935819,-0.0550858001731769,-0.0237085501851964,-0.0746296976511215,-0.236793724723124,-0.103813346314444,-0.239520096231936
"Frontal_Mid_Orb_R",0.050996539880483,-0.0921848623670524,-0.362122593350932,0.194249980810246,-0.0454964463957771,0.732298632733171,-0.147977433659735,0.595923004249903,0.460448863278907,1,0.358670930120324,0.543241917350195,0.350629295981493,0.540451249686787,0.322216361339769,0.404796851986249,0.228752180458113,0.00669104404049946,-0.229491117598256,-0.0814510480846785,-0.213365938060161,0.182052736730965,-0.270073530000036,-0.0274619303847136,-0.16413478281782,0.11916594924463,-0.0893849109323419,0.199538906166538,0.284315041852123,0.323864391665049,-0.139677944905639,-0.0259659608186657,0.000210452338340225,0.151635756416976,-0.0766491704473759,0.0112362985904059,-0.268677782839581,-0.199743420701425,-0.287067253821084,-0.128290045865485,0.0924062188883612,0.423818876111895,-0.112896768438329,-0.124826503261299,-0.0684173683286805,-0.106697624070498,-0.197634576527603,-0.207272639004802,-0.117714871412009,-0.0638422582481606,-0.0614958874142977,-0.0950520694611242,-0.112297790160749,-0.0215490721779439,-0.0714525305057822,-0.0911411457279027,-0.0325917884590132,0.0211522376666102,-0.0748517795268778,0.11563186931648,0.234592542821022,0.59089010555576,0.142166627744768,0.346708334487271,0.0155046955211387,0.314835469234542,-0.208027314984107,-0.0562709549335308,-0.185807712865557,-0.00781613568287213,-0.16964973459751,0.176902979857969,0.337549449169251,0.414083336174572,0.125862381321177,0.417208491934955,-0.0608019307715776,0.206793949291643,0.107005410756593,0.080091024074814,0.155872792110108,0.0905633591525335,-0.0747747603671288,-0.032342236238144,0.00375375953453663,0.114818888100318,-0.207913101703114,-0.172007945941278,-0.0262447644795348,0.141632917895654,-0.18947892638659,-0.379364610015038,-0.0740270464208193,-0.337203306750022,-0.240272412533608,-0.332607733176243,-0.242809706836033,-0.102760390967436,-0.0519477854489293,-0.330857628376853,0.000909881406215475,-0.231827480083311,-0.17734952868673,-0.206090101723101,-0.311768884411916,-0.357527386085786,-0.0738891597890405,-0.24411169873965,-0.0195559502031371,-0.108472503387875,-0.242002341661275,-0.177288152300662,-0.070298897544716,-0.122348745690734,0.0269903809706518,-0.198304526644441
"Frontal_Inf_Oper_L",0.336592423201615,-0.0122720293022883,0.0687059248807397,-0.137326906630739,-0.278181197023105,0.00186598947229482,0.0890480657485384,0.120381565873796,0.136287151137919,0.358670930120324,1,0.542844066176155,0.773058197546057,0.456885781991477,0.54320380114672,0.396860129019788,0.379808035049533,-0.00377993793917279,0.0142647373518643,-0.0531828487405387,-0.39880268397934,-0.147988601574571,-0.00724140440001218,-0.198742324101246,-0.459255841926516,-0.512101218564481,-0.424542730887171,-0.371435870443594,0.435506477363194,0.287600171675638,-0.145055182748287,-0.130221687467765,-0.11405701119845,-0.182830322617057,-0.407145044843021,-0.501960436352546,-0.105561523835102,-0.219407579989702,-0.264474070099617,-0.151795472190487,-0.0298965747044836,0.144760868301881,-0.0775023998389451,0.0605923912837987,-0.167442094172766,-0.0821859723473213,-0.016187153460042,-0.0645183596529029,0.0109729015118002,-0.00674003053008736,-0.00450324155445296,-0.0555074102151509,0.138209386426775,0.157335639292613,0.116195967935765,0.0814547905153315,0.0801429614510668,0.0570367768740943,0.228685177297208,0.165996245551228,0.465351945099882,0.306623596576737,0.190197319292604,0.127724875801773,0.0219387665853699,-0.10224423441514,-0.364944512606594,-0.367578595649885,-0.0615694323581515,-0.0138781973029645,-0.0552395129233966,0.104496404705253,0.279366703701312,0.257878508409556,0.101572332094925,0.151247774754282,-0.119499937721244,-0.096260659335449,0.118551986943344,0.150425966535691,0.169889737058415,0.178786241031141,0.211341622579577,0.0420812300577007,0.271789975877258,-0.0651658877889867,-0.0209408295048503,-0.109237895779044,0.16593492970395,0.0218482881662678,-0.103733939437452,-0.100216160602622,-0.276954842301339,-0.0837483260675506,-0.013731368008241,-0.260486303244463,-0.124269366594434,-0.0829997982543931,-0.0729376964504431,-0.103550797040906,-0.18153820802998,-0.027948791423369,-0.144088263056427,0.0210798523873441,-0.252366897565554,-0.199097862604684,0.0801937558245039,-0.0755522262197853,-0.0768064145599159,0.0125289851312627,-0.415792852507319,-0.110715070412387,-0.0396331813270803,-0.0812956938217433,0.0427997061204716,0.00957503264568078
"Frontal_Inf_Oper_R",0.286014321945287,0.187082255183999,-0.384844732117743,0.0399499796404681,-0.131695480083994,0.309248474098638,-0.272557515555811,0.417234880966513,0.241510953925313,0.543241917350195,0.542844066176155,1,0.386727577578124,0.693038987194355,0.140052046305187,0.34874941570556,0.372698044558533,0.215260386340434,0.0780953681975364,0.207673926262728,-0.341252782273279,-0.134749176245652,-0.422153370880225,-0.228746208343714,-0.372093067282391,-0.195346218033451,-0.213924109552592,0.00178752943068542,0.291740040036342,0.499459813975923,-0.251151232983847,-0.239852979072082,0.0203943039371509,0.125265633460436,-0.356669999388583,-0.298613903784619,-0.322568851990256,-0.197102854238322,-0.28469721008307,-0.162184919060032,-0.0179291501807777,0.298787572642147,-0.0592600509042028,-0.00472322369460787,-0.037390371521725,0.0229535556699174,-0.0119352493586516,-0.0107976581579373,0.0269010650768883,0.115168056926512,0.0151247382521301,0.0902725433150438,-0.0341253488837832,-0.0570687642171387,0.108873197222801,0.0828424308168071,0.172312721078424,0.325209689658361,0.154222519627238,0.327780290916851,0.333560785205678,0.530209160288137,0.267009738545902,0.539601696049199,-0.156809649045213,0.0793451036160438,-0.274525248351922,-0.108646587294557,0.0388527630560973,0.174480318063859,-0.319397448839913,0.00137751873153171,0.159584853205314,0.420091214283088,-0.0170328495544517,0.358222387086126,-0.2727669277757,0.112710624137189,0.213339421978077,0.162527225534497,0.273673139587403,0.203639447643787,-0.0632816981595103,0.0617646643644204,-0.0126035859061401,0.0720851997100886,-0.18041917034814,-0.235984658109744,-0.11793839091965,0.0958720440018954,-0.103205446940809,-0.423035508386653,-0.236187541492188,-0.491942392463111,0.049200546556895,-0.0846788091805595,-0.0304367804803318,0.0601330658359629,0.141662215589224,-0.270002134578525,-0.0365456824044172,-0.341919194629029,-0.0530490717029656,-0.212825625450063,-0.298524486328914,-0.317380732677884,0.0747669941771403,-0.277146394269183,0.0452886401319507,0.144355788434242,-0.158372496412835,-0.145002624284202,-0.0681555233384932,-0.0734416683506916,-0.0491186262098907,-0.0890759585628702
"Frontal_Inf_Tri_L",0.190781450165193,-0.182979815644502,0.18146030358982,-0.0628509854459764,-0.0879591594916893,0.074334150703761,0.274878140582213,0.136180481326388,0.217609847229248,0.350629295981493,0.773058197546057,0.386727577578124,1,0.440589830381394,0.675845223647811,0.460835324741137,0.158569867220661,-0.134621044879987,-0.0893324195472238,-0.12355517405637,-0.238998188647773,-0.0713591501359871,0.186700779163482,0.00419308297446094,-0.220638725950155,-0.294633485568016,-0.304099134805683,-0.308831429995926,0.382611371168178,0.225600622224883,0.078413633566044,-0.00208130500812254,-0.0846549358659416,-0.194397434730777,-0.285952354062434,-0.382700977867556,-0.0623270914476451,-0.2467017986405,-0.176331609268085,-0.0737543837415962,0.130024713067545,0.176032875925936,-0.0657276764600289,0.0214289414431724,-0.0502194966660675,-0.108616281164508,-0.0252899785732751,-0.00469527053273361,-0.0171812251290644,-0.0652300891504422,0.00949789937379203,-0.118745815734233,0.145003201192142,0.158483552679336,0.151050863138921,0.0688122783555859,-0.155278650331988,-0.106098197090984,0.158080962055129,0.122685360371571,0.461935229305458,0.263464855105691,0.119900183281608,0.0650089466071399,0.101477616863789,-0.0588280138917858,-0.220385986470348,-0.296480080540372,-0.227588274856875,-0.0823618631315681,-5.00867827347718e-05,0.0386475590226497,0.291247955265673,0.22107058488093,0.175257727267561,0.145384509293849,-0.0688195914769892,-0.0375996901733929,0.0493666717562597,0.148380575361053,0.0584815407241313,0.159113587398786,0.339491429616868,0.0698339816754792,0.358781965064878,-0.0288108072844926,0.0834777425468002,-0.0555667996348311,0.200484718078899,0.0362421748655706,-0.172390168935033,-0.0880156351937492,-0.288807552155739,-0.00116891249066515,-0.132366734084487,-0.283941876215691,-0.208337087635239,-0.0829082134569531,-0.174785265477779,-0.14004229231101,-0.238451113490539,0.0243492485131082,-0.235718778716722,-0.0627789194814879,-0.347280278610501,-0.166730453169737,-0.123711993532123,-0.136654555924508,-0.146787093057463,-0.142008618307187,-0.479290102459249,-0.152060486024879,-0.0298721443023225,-0.301080827217339,-0.0105195983778305,-0.0214661338033454
"Frontal_Inf_Tri_R",0.0488602404674524,-0.0327235874236135,-0.35905055509213,0.0944018779378305,-0.0170263061590537,0.370248722925553,-0.338704545068364,0.431940968661168,0.0532203976531448,0.540451249686787,0.456885781991477,0.693038987194355,0.440589830381394,1,0.193620631133098,0.607342234542811,0.219619320522097,-0.0116092055923372,-0.0763886904149863,0.0794485782128136,-0.07657785438962,0.108111439441424,-0.190567757618155,0.0188998385167334,-0.0774668019949507,0.0491055074535237,0.083927362530515,0.142614931374956,0.3045315035851,0.422947462419756,-0.0598956909889303,-0.108680627826878,0.0478734742599905,0.170029549667342,-0.0948963560165877,-0.101431077309054,-0.182502896714263,-0.107523895110498,-0.0257714888563051,0.0869145351180566,0.17492321330474,0.440409630238938,-0.024529196525029,0.00135586096326177,0.0430664947265874,0.0542871002845292,-0.0615137344484046,-0.0368289883561035,0.00515012587242395,0.0561510844492581,0.0489884436149403,0.0476444295099913,-0.0856576359689545,-0.0876672349673251,0.193942085421943,0.171430825550277,-0.0908267987905242,0.0241134636912337,-0.00628919648111124,0.119741357901197,0.0493575818856831,0.396828697951792,0.0662974713534399,0.292827202876134,-0.0977876157593443,0.175120919188665,-0.0729393767057206,0.023264283246732,-0.0303342636681621,0.0620928144833887,-0.327710612569027,-0.0704220091581705,0.243645191417567,0.417046604422445,-0.0348765828423682,0.313123021886906,-0.255335612180354,0.0783964399804605,0.202554394993603,0.190886702008771,0.295676806423564,0.382498831217099,0.103834506189146,0.218114011240573,0.213397462421246,0.292277554840245,-0.0216266029351253,-0.0583271221797933,-0.0433786479643217,0.205619640694279,-0.136000599323974,-0.459704013138625,-0.16588487059423,-0.343470153372383,0.011656604816928,-0.0495924625908374,-0.0188057205217841,0.0763565297645588,-0.0320985334268032,-0.401410092837084,-0.0606507496520315,-0.320957447478095,-0.133522985206616,-0.288134281364568,-0.334111098954877,-0.269386481960356,-0.0237664623810869,-0.171198876269504,-0.100319542951627,-0.0634053163273861,-0.0984126425969786,-0.185271816266727,-0.0854575317470462,-0.157666570433346,0.0181333025062519,-0.108331778969511
"Frontal_Inf_Orb_L",0.0596273377207996,-0.122133251793681,0.212512426021891,-0.259584177031304,0.0829958934088252,0.0659545889983037,0.134111302292312,-0.0880082837615773,0.42542157095186,0.322216361339769,0.54320380114672,0.140052046305187,0.675845223647811,0.193620631133098,1,0.564732502981835,0.0351987656609302,-0.156292687575651,-0.144356115890756,-0.135445231636385,-0.0892650724971112,0.138764127976583,0.291987498681456,0.0253911595459504,-0.00994161831974484,-0.172287708704073,-0.202760021164206,-0.292276725719944,0.333416708278484,0.170685249462231,0.198445674710508,0.0371454601614873,-0.0356263694131021,-0.16855547764013,-0.115853887027492,-0.173151285611473,0.0652659399458991,-0.196401149529881,-0.0815277705367785,0.0172001525736527,0.251919346866877,0.305535897448456,-0.00992335335010161,0.00846604623321374,-0.0537723598158074,-0.104997913469257,-0.0114990207301632,-0.0646501662023186,-0.0944639591144702,-0.152777786491307,-0.113565385644146,-0.234947394478726,0.0138317458666529,0.0508015414407607,0.0544515839991742,-0.0281230351917805,-0.100635710442893,-0.0738047996484371,0.00100136074993364,-0.0620847300071879,0.269769006031071,0.121275618472451,0.013193695724651,-0.0613140266564705,0.189892453083739,-0.107765504884158,-0.245955322068488,-0.350847725240328,-0.197070757327504,-0.0683502764987753,-0.00944046466962211,0.051754417270893,0.300227910858893,0.204747843783962,0.216183647590449,0.0823295164442673,0.0411532408779118,0.006984699000379,-0.034097358047618,0.155973517513637,0.0332128533340382,0.143110875701437,0.551324521575158,0.173226469799875,0.403367913964917,0.0136155096680203,0.263659495756385,0.138055356262994,0.276280198830951,0.0401378220166265,-0.320404523822336,-0.0629275828532181,-0.290652984932903,0.0507730933878872,-0.146921642003671,-0.329219687674618,-0.0439177063674504,-0.015510665906713,-0.174544516137125,-0.0327628788764073,-0.215842093458564,0.000728965644678587,-0.173567326649927,-0.0815017569181292,-0.216117776685657,-0.180418471934235,-0.153048861476876,-0.189533736061021,-0.134602167410824,-0.175434652294476,-0.258324425319947,-0.0430953117263907,-0.0228148545359284,-0.273239793338795,-0.0670736628840044,-0.0950584719166884
"Frontal_Inf_Orb_R",0.0275972943137267,-0.0699045087740583,-0.0304572477351457,0.0290788736865824,-0.0432319137260362,0.193271240002038,-0.127387683805994,0.16472043014312,0.0325864868191812,0.404796851986249,0.396860129019788,0.34874941570556,0.460835324741137,0.607342234542811,0.564732502981835,1,0.05645663102051,-0.122510403003596,-0.022960271346234,0.13417992265624,0.0698698262169201,0.275468061636611,0.162239109778551,0.224584451158902,0.136752936732662,0.111225727080152,0.0049008885679239,-0.00289181447034326,0.440136337295971,0.378563391367976,0.272148216866359,0.197272210042781,-0.0761021052188028,-0.0853762660841308,-0.0572093735427514,-0.11857182484907,-0.0875795215493306,-0.0719613145457677,0.013399015472942,0.138328238301527,0.3728345575104,0.462507147259151,-0.0229655038616842,-0.00299347441836298,0.00401150439686818,-0.071902458101462,-0.0173819966079381,-0.0646953590645657,-0.106943817937991,-0.175422566887435,-0.136347249415453,-0.24638208445043,-0.133576770567243,-0.07847668028847,0.0899248739402763,0.0563400321076617,-0.172495864749535,-0.100946736131054,-0.15032718264157,-0.11486311792415,-0.105228224380464,0.160620041161391,-0.0886926570899633,0.0569359169721658,-0.065819174478567,-0.00391589396258311,-0.236998705716139,-0.271418130755966,-0.216538495965384,-0.150188066477827,-0.160479904089047,0.0695335335157349,0.378576052592361,0.388741922858214,0.124876684918406,0.260133343179036,0.0186472103918353,0.0620462064892406,0.0922110689257234,0.215335014466467,0.208576979465713,0.349226465363491,0.514386361225596,0.424038925938927,0.358217135302334,0.258893406934689,0.214174571774394,0.132893510891139,0.0263550636187677,0.100547104127116,-0.196249921951456,-0.211594061087882,-0.164490341637986,-0.0534167964863266,-0.0650991859693917,-0.213458284211659,-0.0799207029898421,0.011425244734624,-0.179663512765764,-0.156821921348272,-0.168529921589947,-0.128097561359439,-0.215582119078322,-0.124737055600038,-0.258789368933754,-0.271202748191176,-0.221837111662715,-0.113641230231823,-0.119200962276881,-0.0725687418819478,-0.10557310738976,-0.146909387268157,-0.0150935620226353,-0.19448987528192,0.0118448556509621,-0.0956252780088453
"Rolandic_Oper_L",0.205351189548388,0.310721692641872,-0.110478579972922,0.0211856196955913,-0.255309501817218,0.0581872074970483,-0.127223305558208,0.173632214490725,-0.0511117359957587,0.228752180458113,0.379808035049533,0.372698044558533,0.158569867220661,0.219619320522097,0.0351987656609302,0.05645663102051,1,0.714704271451906,0.20802688433517,0.212319215081012,-0.345348309735571,-0.108019021975225,-0.246196541929008,-0.253439141050798,-0.312236875060883,-0.20876752381901,-0.247554566652339,-0.065963832392947,0.616396068373227,0.642103462222435,-0.0870225267076355,-0.0485172187424857,0.23754693259443,0.246698873923337,-0.293480512464084,-0.41072824334992,-0.0435291166473571,-0.0812546928839283,-0.121970199339369,-0.0612839833664669,0.179326285962475,0.26929402237519,-0.288585077091627,-0.177573366228003,-0.273775202280981,-0.160181581396716,-0.173866599770155,-0.187654528075911,-0.242922635222356,-0.268374992240277,-0.300531679893849,-0.222613980264232,-0.172385486114099,-0.138024382242165,-0.0917443544035518,-0.00448155324165943,0.55106941456431,0.348357343876165,-0.142440583600271,-0.00372702072937194,0.0948122783790443,0.127383689634841,0.560087589098294,0.496314245313358,-0.0600474452428399,-0.114028105529189,-0.295512823389257,-0.219502139111054,0.123045289773212,0.119648141550608,-0.16953671137453,0.0581168501100596,0.317118641911844,0.55963575613162,0.121394492227374,0.378521396736614,-0.205151640550408,-0.137080411021189,0.680091976960282,0.476973137999024,0.72762077869919,0.525508977857039,0.0902484638083832,0.251156492322013,0.203103566035496,0.0580751733296202,0.0360419252144107,0.0152457673316385,0.0645797617200055,0.00898049208524459,-0.26095337399663,-0.351970521394251,-0.465071245497977,-0.422105377748038,-0.0482254118400873,-0.257854744258189,-0.266021145709365,-0.0988488296091228,-0.0779057262525174,-0.140148859545731,-0.322368906816276,-0.338624420040692,-0.171219891899556,-0.0791533952505451,-0.159857237671043,-0.193970641369643,-0.0409276925166864,-0.263347545477798,0.0195475954784872,-0.109191373272146,-0.308678297529796,-0.114878044284827,-0.21304839214757,0.00560668203565535,0.0230255141864663,0.0621562915264811
