"","Precentral_L","Precentral_R","Frontal_Sup_L","Frontal_Sup_R","Frontal_Sup_Orb_L","Frontal_Sup_Orb_R","Frontal_Mid_L","Frontal_Mid_R","Frontal_Mid_Orb_L","Frontal_Mid_Orb_R","Frontal_Inf_Oper_L","Frontal_Inf_Oper_R","Frontal_Inf_Tri_L","Frontal_Inf_Tri_R","Frontal_Inf_Orb_L","Frontal_Inf_Orb_R","Rolandic_Oper_L","Rolandic_Oper_R","Supp_Motor_Area_L","Supp_Motor_Area_R","Olfactory_L","Olfactory_R","Frontal_Sup_Medial_L","Frontal_Sup_Medial_R","Frontal_Med_Orb_L","Frontal_Med_Orb_R","Rectus_L","Rectus_R","Insula_L","Insula_R","Cingulum_Ant_L","Cingulum_Ant_R","Cingulum_Mid_L","Cingulum_Mid_R","Cingulum_Post_L","Cingulum_Post_R","Hippocampus_L","Hippocampus_R","ParaHippocampal_L","ParaHippocampal_R","Amygdala_L","Amygdala_R","Calcarine_L","Calcarine_R","Cuneus_L","Cuneus_R","Lingual_L","Lingual_R","Occipital_Sup_L","Occipital_Sup_R","Occipital_Mid_L","Occipital_Mid_R","Occipital_Inf_L","Occipital_Inf_R","Fusiform_L","Fusiform_R","Postcentral_L","Postcentral_R","Parietal_Sup_L","Parietal_Sup_R","Parietal_Inf_L","Parietal_Inf_R","SupraMarginal_L","SupraMarginal_R","Angular_L","Angular_R","Precuneus_L","Precuneus_R","Paracentral_Lobule_L","Paracentral_Lobule_R","Caudate_L","Caudate_R","Putamen_L","Putamen_R","Pallidum_L","Pallidum_R","Thalamus_L","Thalamus_R","Heschl_L","Heschl_R","Temporal_Sup_L","Temporal_Sup_R","Temporal_Pole_Sup_L","Temporal_Pole_Sup_R","Temporal_Mid_L","Temporal_Mid_R","Temporal_Pole_Mid_L","Temporal_Pole_Mid_R","Temporal_Inf_L","Temporal_Inf_R","Cerebelum_Crus1_L","Cerebelum_Crus1_R","Cerebelum_Crus2_L","Cerebelum_Crus2_R","Cerebelum_3_L","Cerebelum_3_R","Cerebelum_4_5_L","Cerebelum_4_5_R","Cerebelum_6_L","Cerebelum_6_R","Cerebelum_7b_L","Cerebelum_7b_R","Cerebelum_8_L","Cerebelum_8_R","Cerebelum_9_L","Cerebelum_9_R","Cerebelum_10_L","Cerebelum_10_R","Vermis_1_2","Vermis_3","Vermis_4_5","Vermis_6","Vermis_7","Vermis_8","Vermis_9","Vermis_10"
"Precentral_L",1,0.562377421296847,-0.113664285855755,-0.052691622161125,-0.296740942219432,-0.0222060303256712,-0.0641171654715638,0.0920488539916725,0.0195292508131362,-0.0346683881359789,0.580107599661781,0.43901650130271,0.256525261579971,0.296369811680106,0.15080057257701,0.0135320562192435,0.451218438441643,0.320841051169329,0.503104983403104,0.497118261435839,-0.206686914312438,-0.197469056689481,-0.365301165782599,-0.321644345803613,-0.487061263270239,-0.363290381619412,-0.152676790237545,-0.0682697072235726,0.215420414658651,0.285615468702712,-0.440710398310239,-0.464503461476877,0.0251067890184154,0.0663218374007047,-0.393830956873152,-0.499322065700486,-0.198888908734174,-0.295973677630666,-0.0478627321367946,0.117917589105391,0.186285524265513,0.121088862152946,-0.0246554124347982,0.0531263487800701,-0.0586561963554431,0.0554114414901989,0.166137109373525,0.171640631894465,0.139259978783735,0.131716584012956,0.201654374123761,0.0869660441829108,0.277359178600106,0.0826907748708619,0.253932835541024,0.298694819888566,0.612408563797505,0.430897315169776,0.376839997938228,0.256931182124919,0.480254411506809,0.154001870247969,0.466027809518637,0.274418926487121,-0.276692642096341,-0.221409103256191,-0.0995589600681684,-0.0661565814070291,0.424177901061983,0.433413661717757,-0.401348077343704,-0.230086112502969,0.209552172532302,0.200528393653563,-0.00997275337539407,0.221447611984536,-0.18844820729773,-0.0196858606919422,0.354456595436979,0.171646355540137,0.375406343333236,0.281367096819166,0.148747962961837,0.232453468089618,0.105925893396174,-0.0150179739281581,-0.0370644530894425,0.0274980777974634,0.139321132740221,0.0870203649551833,0.0480595634217078,-0.0905692062550721,-0.217573992379797,-0.257598367318436,-0.130861687860953,-0.252863793896319,0.0351667714144232,0.224776679644787,0.249944650143577,0.24835185431444,0.0850955409340491,-0.0608988610140942,0.282885692224681,0.180545325902343,-0.430719186551413,-0.143272197669783,-0.11462839583361,-0.00259029695835486,-0.280345262525103,-0.175820000377241,-0.162751530439727,-0.0741557548269525,0.053959125881152,-0.0107471468284229,-0.36623975397958,-0.510818123250816
"Precentral_R",0.562377421296847,1,-0.153216845051649,-0.0651204713377453,-0.0695715573530697,0.0536724403693678,-0.341002394756639,0.0212839409817109,-0.0614603226365838,-0.0166808941558059,0.145344093293108,0.417428168286779,0.0451955395818642,0.200766149959698,0.0993844833149396,0.168014271243603,0.558842224976575,0.641372922185,0.316945410701166,0.575224826559916,-0.201547712013463,-0.153493988417871,-0.22830466494995,-0.145449938336515,-0.240690622635763,-0.06853858784859,0.0253858770186127,0.029148116541231,0.170031086584161,0.397437052072939,-0.374234279127264,-0.446980202613882,-0.0500837185518425,0.0612003359974511,-0.259317907762124,-0.329261858880787,-0.103835923723967,-0.141840492389615,0.0181582923665025,0.15517428657957,0.307388196802223,0.300665715154355,-0.13597305527088,-0.0477337492326563,-0.0591764833247572,0.0501525231312519,0.0130994933463537,0.0517160278790875,-0.0598338340406893,0.00494628650671114,-0.0168708815791538,-0.0150376851481376,0.130509505282266,0.0800802357345466,0.181692686095894,0.257162998370994,0.755752750300489,0.732063470168638,0.0517445724429353,0.0971113426370208,0.144075065031043,0.165849093292639,0.395946563427464,0.337127527727545,-0.222022659770853,-0.0720306829627642,-0.260826148463848,-0.155788375735964,0.479926025287599,0.509607900658791,-0.486899259771609,-0.337296404169697,0.0878829819889248,0.327557631263368,-0.225826044060475,0.242147388807023,-0.394091087273758,-0.0904485581245314,0.557151886560933,0.431475707315335,0.526915992711385,0.517210505971413,0.213676122869972,0.319427945257912,0.264122371939746,0.219722308633332,0.0797747061873356,0.207339007492793,0.142486218650685,0.132680911809105,-0.114082335784352,-0.270554011098219,-0.0832284717123805,-0.250680590461434,-0.10070893836218,-0.313766089130038,0.0203543085248081,0.150333546198893,0.135104079353181,-0.0310292791245038,0.032724339184108,-0.157162086333372,0.111226729474481,-0.0958354764629725,-0.426358963182702,-0.286979549484262,-0.189665571745542,-0.127614122756335,-0.223415074738336,-0.242498258728754,-0.139980461302397,-0.182361704416868,-0.120330829022307,-0.0111180046586592,-0.378667778269462,-0.361055436364197
"Frontal_Sup_L",-0.113664285855755,-0.153216845051649,1,0.276471570517241,0.321824217347118,-0.134156673530123,0.64169770960836,-0.00990999329796175,0.245352843114425,-0.0406973935798688,-0.0635095050865642,-0.406061874729461,0.155006790179571,-0.187052372040743,0.240049227251098,-0.131458110189692,-0.306348577432659,-0.270222408961291,0.142952060829212,-0.0274810484957402,-0.120363673424081,-0.195731645299635,0.680723196427378,0.522359565906994,0.251787977704724,0.116681079332913,0.0601891653644866,-0.180381808830187,-0.0719367964854087,-0.378669594926808,0.179280484219157,0.226156092779262,0.151884719160642,0.072898354280257,0.282691307222651,0.0862191770060272,-0.213211525287149,-0.285137276583151,-0.112578629291498,-0.151932207626807,-0.120915971528079,-0.214049708532444,-0.0538581195676715,-0.0636485995393661,-0.158614994040134,-0.282368676975183,-0.197307190846499,-0.130997162789451,-0.228468358596065,-0.192736397607444,-0.0700688751211412,-0.11932780641516,-0.0645851174163752,0.00961058028341408,-0.193001812767203,-0.217871938854216,-0.240480195540395,-0.231380041340271,-0.166568031712962,-0.263776553844442,-0.0820867743898913,-0.192353871924181,-0.254343236864445,-0.364421448822558,0.456898376040178,0.164102065595527,0.113291987248535,-0.209038501411119,-0.107655616952292,-0.192555315422079,0.20724187343134,0.129468921226004,0.199033878589187,-0.150110518116171,0.121439385172853,0.049082903613447,0.0455239956183744,-0.127280598853942,-0.131810896287459,-0.202807214962702,-0.375000148987335,-0.121549304586921,-0.0993240313490723,-0.241093301503908,0.153153079204528,0.0989812612601873,0.185603619103982,0.11724325581869,0.111369778918743,0.158668284635778,0.086676589244529,0.264203849348837,0.123028677733877,0.354718176268667,-0.0351535629087835,0.069266572860846,-0.0875451370317619,-0.202884303535667,-0.228017099926739,-0.0601868556068032,-0.166701911827591,0.169849112359963,-0.278720549403053,0.0437719792515067,-0.0191722691738428,0.075536029371008,-0.172853890395954,-0.121836433281181,-0.031023387194316,-0.0897567078415875,-0.0688355257500109,-0.0631418120363684,-0.143690621106078,0.0489352999536468,0.0686215029086644,-0.0533158444943994
"Frontal_Sup_R",-0.052691622161125,-0.0651204713377453,0.276471570517241,1,-0.132147273952147,0.207573272983534,0.408397374153791,0.622576182798043,0.114758513983646,0.379229528806306,-0.0373366269385086,-0.0455984097755284,0.0778832354398933,0.0949286009362357,-6.31796501232822e-05,0.0372207126093018,-0.200840894152042,-0.235928353898827,-0.0465201953201991,0.147020516670876,-0.188198438272335,-0.0150515892584058,0.215501594992646,0.520784753695067,0.0160303894093884,0.180860126428492,-0.158782843109701,-0.15830454196816,0.0617789802666368,-0.151227203242528,0.206918602673116,0.376691487577782,0.208037116224545,0.411256543437837,-0.000927650785911872,-0.00240240453730962,-0.304591016091427,-0.206854154400185,-0.159813705137295,-0.159045337615492,-0.0760398368938783,-0.0737644722790951,-0.127653497855526,-0.0870165062483274,-0.051775674880588,-0.0126637158080489,-0.20366497935041,-0.136749613631067,-0.156866388926975,-0.137302844231098,-0.114844475908477,-0.115828820588403,-0.218227718445843,-0.139130530843974,-0.168911314540089,-0.271821220916441,-0.159072942160408,-0.179955317697168,0.00831202998648224,-0.0310706364328467,0.148455406819322,0.362573337936015,-0.0937338125099153,0.0839414120314094,0.23268434010578,0.472957827976254,0.0926478039248134,0.181887566173885,-0.19512248942624,-0.238038709292923,0.0124872028198853,0.255506655118924,0.183892772299643,-0.0232444927772729,0.156556977575481,0.133708004688515,-0.00323519797196713,0.100871067800053,-0.108654633912304,-0.11508606394799,-0.268895826304993,-0.173505425859302,-0.181552082995516,-0.268033921359543,-0.141239811067877,0.0936192109944187,0.0672152742209121,0.00985387156001002,-0.0665813884665392,0.0617528157135616,-0.0451461906759241,-0.129859396517492,0.124221898144436,-0.155865583945954,-0.324374398162342,-0.292607282757614,-0.241946411322952,-0.211084135294464,-0.138749775199916,-0.224284221451126,-0.107651401972393,-0.101200095905421,-0.133180615796246,-0.12845287336123,-0.0785418116180819,-0.182983116332578,-0.133386884186321,-0.0270240761689757,-0.167995821722628,-0.257133556264368,-0.206389192170536,-0.125121050538922,-0.15578153878343,-0.095702413974213,-0.197782841798247,-0.0365643169404437
"Frontal_Sup_Orb_L",-0.296740942219432,-0.0695715573530697,0.321824217347118,-0.132147273952147,1,0.189002914005739,-0.0717565648331551,-0.365291439159484,0.39053072842919,0.0375124972352554,-0.283100964434503,-0.40516917550897,-0.263797186566626,-0.352152120826406,0.102974273547575,-0.205892858536169,-0.239821848908711,-0.223728449168404,-0.250673745147176,-0.266258426476906,0.362366666513787,0.1874870454357,0.33060456003466,0.241572000567058,0.708134285470053,0.630480760142645,0.740777079745733,0.527212287825032,-0.37267711518204,-0.341512018186716,0.0422421593310898,0.0206674524189164,0.0760348856085201,-0.0679252224055406,0.493068791228117,0.423020154955946,0.0875612947313211,0.13988300576706,0.172920175360772,0.159555145370795,-0.111187269079539,-0.123194851908461,0.0857870203124222,-0.0290751346204965,0.0242408717301492,-0.169842199838255,-0.0413755096483873,-0.0916937212960481,-0.188779325538236,-0.0922942244353633,-0.0493821504592606,-0.0368681431779019,-0.0917332661123204,-0.0116531651955432,0.0165028072364946,-0.0284115249511945,-0.131732164636883,-0.0617153266286276,-0.36104142648616,-0.217106563275184,-0.304420151755436,-0.168340248003126,-0.270601743210139,-0.299179995001888,0.43502289132823,0.261330147265764,0.0322683514149138,-0.156324550404125,-0.100696653305466,-0.0753787317729842,0.11567794579049,-0.122889625818241,-0.119070306752404,-0.259953336923636,-0.0466735319177745,-0.185995962092186,-0.122006556822386,-0.12617983345812,0.0251470467650193,-0.0671524389312703,-0.142993380342883,-0.0889459560794811,-0.0215851130422927,-0.124437081888277,0.258864784709192,0.154042697589387,0.276279710021822,0.199305512452187,0.216577247410877,0.0947581306062975,0.0912618089687704,0.138978099815292,0.226328004318142,0.400761966539515,0.304087921567698,0.212410383408259,0.16720427508189,0.0490355996958046,-0.104141454300141,-0.0450335272476738,0.0139022754784048,0.208382861876777,-0.12217722412105,-0.0728466037935072,0.168845522283474,0.143415348767549,-0.0713512114720498,-0.145587099388717,0.206993610408888,0.165184231746865,0.215427599259822,-0.055085942540321,-0.0568789341379783,0.0416289001783022,0.149510577762137,0.117417291846439
"Frontal_Sup_Orb_R",-0.0222060303256712,0.0536724403693678,-0.134156673530123,0.207573272983534,0.189002914005739,1,-0.0266140622453051,0.351423621233957,0.425910836264091,0.845240413561006,0.150875501289885,0.230930249804028,0.0368899227770269,0.182085285250104,0.284553322054579,0.234026470820464,0.21097489302373,0.0893627727209197,-0.167372047060474,-0.101171561115764,-0.0339041656745611,0.234011265770996,-0.0317818048360218,0.0796813584835644,0.0781412077172607,0.336009078554673,0.137989611975237,0.443825040668066,0.148024812275893,0.21527950259013,0.00604436116623044,0.11728101607908,0.0154692711165914,0.179963321998546,0.0892547487841241,0.0586394216888498,-0.166325400579525,-0.0429002575984984,-0.153768371850528,-0.149082071889279,-0.00691439342590797,0.0319694540296856,-0.202741027386493,-0.150490649542252,-0.138596417239918,-0.159732735491668,-0.272690102586989,-0.30017659164436,-0.215961076156326,-0.118427730123837,-0.135403728649375,-0.120417900909705,-0.150764106519321,-0.162838046108056,-0.242279676800153,-0.280232325507567,0.0224159759403722,-0.0459217141062814,-0.143953766744302,-0.112827657565951,0.217112529216828,0.416760214084147,0.196889419573506,0.142610325911642,0.0833300378299467,0.323439520988946,-0.217943489420398,-0.0749516838978991,-0.0626219497032917,-0.0402632194481275,-0.0196831244869718,0.0309390387618125,0.141346045630047,0.178303936369485,0.131714853434074,0.139771787651603,-0.0812542358660723,0.0619517681637709,0.256957428177795,0.193265095890457,0.127829264003367,-0.0128838037017031,0.0123309873373493,-0.10986980901131,-0.0390075146201086,-0.0788775694729471,-0.036618684927122,-0.214435185828296,-0.0559641747224625,0.0282958463084005,-0.0902908973004879,-0.194843650246988,0.0849421251455053,-0.127105645710398,-0.116338438165899,-0.219584272642789,-0.24469610394719,-0.166388954335969,-0.134515515688479,-0.269309297411156,-0.0367183253497868,-0.0183207440252979,-0.230380803879262,-0.113523963522688,-0.123308332597803,-0.163050673850827,-0.0780877655687672,-0.129459868246525,0.00768820724097017,-0.141369913826757,-0.257051074728526,-0.289900618972653,-0.170274815394507,-0.10998688376502,-0.0848423258397527,0.00013908761940554
"Frontal_Mid_L",-0.0641171654715638,-0.341002394756639,0.64169770960836,0.408397374153791,-0.0717565648331551,-0.0266140622453051,1,0.352904833961147,0.328501924246392,0.099123966475029,0.277950567765749,-0.197624389986728,0.488545364418925,0.0133815144400838,0.225773997348541,-0.0622824761803989,-0.182120869054683,-0.27610657922167,0.037701457986469,-0.130215487030324,-0.160500190695445,-0.132484969022427,0.357569678439089,0.29278217567965,0.00263153439793579,-0.018001218680297,-0.210648269662895,-0.227511626779967,0.204175626618084,-0.164280363008885,0.292559849316215,0.384881742086362,0.147478994966121,0.177055108799787,0.031035656264038,-0.0523881423685952,-0.319701234753916,-0.393549145895446,-0.264141123177792,-0.286978199348111,-0.230982931147023,-0.215799386015759,-0.137441658555921,-0.120159594596138,-0.183684146313039,-0.211955982579166,-0.240102029268049,-0.221732677168539,-0.125716253082329,-0.195566975742767,-0.074603490242103,-0.146012548716691,-0.143432998503147,-0.159287001411627,-0.27620997270073,-0.370401490474028,-0.387331502757229,-0.356772241912326,0.065987022393055,-0.173256633111999,0.266582543462419,-0.0266131778804946,-0.0998620174357804,-0.102858007934528,0.302684114714003,0.0907856703257871,0.224986838660037,0.0178546911225788,-0.276565581943363,-0.293107965036783,0.263447000059586,0.325163039577722,0.264242378962462,-0.0781633083335107,0.219673627769682,0.00600149362957025,0.122315111818734,-0.0434661168390938,-0.216401933658659,-0.23216266445821,-0.336781795017097,-0.171866255948608,-0.120237487467186,-0.20360138699044,-0.0868610677284723,-0.0826948082696759,-0.0844588416027689,-0.163822600119006,0.0214583097683761,-0.0680076452578554,0.0513837888095276,0.242145158070142,0.0445014815184642,0.216789534933307,-0.180131563900402,-0.129867594412725,-0.241873242044909,-0.282613105799381,-0.262032915388942,-0.0783002748713121,-0.112007514332486,0.255579454771685,-0.0944394345842139,0.213428192783081,-0.00019469822465019,0.117294565880557,0.00229444513217021,0.059711401527662,-0.110813348459829,-0.219867272350878,-0.295532212109593,-0.194052973194142,-0.0153080939030468,-0.0505904238025841,-0.0403094855138315,0.000731789830353113
"Frontal_Mid_R",0.0920488539916725,0.0212839409817109,-0.00990999329796175,0.622576182798043,-0.365291439159484,0.351423621233957,0.352904833961147,1,0.127256029418172,0.469291591973978,0.260415212489372,0.403306688864489,0.365218403762832,0.52646291737652,0.118710931992446,0.286327873035511,0.0367866119684245,-0.0251948082305594,0.0681982666915614,0.178546522889602,-0.285799338455245,-0.016564618710846,-0.0294814344556674,0.190042219143709,-0.215828704385354,-0.0470237982755565,-0.327655134079794,-0.125815365722637,0.32006936915795,0.263373383506084,0.186189206000923,0.302543329280204,0.131095567286946,0.433793820239091,-0.106232984753697,-0.0930408960309138,-0.341848919663909,-0.318931520222242,-0.315102963288801,-0.246466519578534,-0.102303530786828,0.00118062844974654,-0.137322082125445,-0.0539179886252507,-0.0644110202841292,0.0741812217865946,-0.232114279799303,-0.151841629166356,-0.0886420685601535,-0.0648400276541997,-0.115425165662475,-0.132045990230148,-0.195511889112363,-0.119677537939746,-0.223608206508816,-0.209766891505638,-0.105710740263687,-0.120573023793072,0.0420373933922507,0.0143449881515695,0.451900521129231,0.559450071818475,0.172227519227182,0.381836671301074,-0.0492219533465244,0.319603599021199,-0.111075352834438,0.100106132228818,-0.200525329563498,-0.225073541251851,-0.0404210687642176,0.246689170509065,0.139401498271598,0.1554977226132,0.101623313209337,0.193002740424642,0.0550215519849923,0.137361302160859,-0.0778168388017039,-0.0672102020985946,-0.0177275417009933,0.0279142113792145,-0.111655970709,-0.0871307866549594,-0.228430891701782,0.0109106159661405,-0.248165190951743,-0.254954140979287,-0.171513961047618,0.0597081298524631,-0.145035262322944,-0.185088897339744,-0.0342880166297203,-0.300750282672934,-0.372892856506453,-0.379224635366086,-0.343703169086722,-0.232671099725002,-0.121723648262229,-0.234087613917083,0.00464011793924434,-0.0791881501902847,-0.0109638182065213,-0.0172264272792385,-0.211139266975218,-0.165958049289303,-0.0824389956038,0.045254644413434,-0.11147499247913,-0.244811777667675,-0.344041734641646,-0.220827579727745,0.0201632980817707,-0.0866713881420452,-0.169379298697164,-0.0831454326955849
"Frontal_Mid_Orb_L",0.0195292508131362,-0.0614603226365838,0.245352843114425,0.114758513983646,0.39053072842919,0.425910836264091,0.328501924246392,0.127256029418172,1,0.44508707626086,0.213842703584885,0.129253676798644,0.138800634476549,0.0663663016122507,0.256934272173218,-0.116509642108831,0.0231220304202617,-0.0431069230460516,-0.0717718540281412,-0.141917924834981,-0.0975872924010705,-0.0774605428266076,0.00387488886403578,-0.0592577007055684,0.100482469706507,0.218940926687949,0.053783520237212,0.182335026964163,0.15332080283671,0.0179012947068855,-0.0219484416915942,0.0845919519561181,-0.0497788855558619,-9.07134472228412e-05,-0.0194047024256009,-0.0591561372933498,-0.373397229237436,-0.172392531581407,-0.399693733131707,-0.246769276040501,-0.267920707524357,-0.127390191694437,-0.121795760275523,-0.0324678465893208,-0.162404878216576,-0.170816855796046,-0.187321383618006,-0.19176563646324,-0.0731431577546481,0.0263210947354907,-0.0607765174569342,0.00623279917625394,-0.0336255573022767,-0.0963454973263916,-0.280928766832422,-0.231962495418706,-0.122563693018972,-0.0405979893270973,-0.0291170847770221,-0.0232518444698377,0.212588112310677,0.190011860654558,0.0727146282063881,-0.0216482484530591,0.158105697707728,0.135167083936592,-0.139877880613447,-0.212223915426603,-0.161088430245232,-0.0869353283526819,0.089900226585888,0.135973122415522,0.153067981932458,-0.0471588796163632,0.12330582865752,0.0957746644456017,-0.0504518699182116,0.17612677955739,0.0712837848365123,0.0847938142999627,-0.0402418916574453,-0.0646309899525273,-0.151105422308493,-0.166331185330179,-0.0545128590973037,-0.111557038334685,-0.217493727507344,-0.263904561853464,-0.0970015689731877,0.0360164420997146,0.0959745072413639,0.171949236808301,0.21537104221691,0.275210882241485,0.0269168777313159,-0.0893035154846805,-0.216709686211066,-0.184283220054637,-0.141878915876848,-0.0428613580010907,0.133790169075832,0.262849247857983,0.00569863293196436,0.228217959703182,0.0301074882907729,0.0762255376931236,-0.0837926506409109,-0.177344193070982,0.0555546898375168,-0.143023576078097,-0.269984739858423,-0.180953312462818,-0.041479916719719,-0.00418960367877853,0.00869797526384332,-0.0420731355124307
"Frontal_Mid_Orb_R",-0.0346683881359789,-0.0166808941558059,-0.0406973935798688,0.379229528806306,0.0375124972352554,0.845240413561006,0.099123966475029,0.469291591973978,0.44508707626086,1,0.148158456123032,0.258978068082087,0.110929436683733,0.263146474386979,0.279777994645047,0.283448408132647,0.119530332486334,-0.0135661024550883,-0.163431106731439,-0.0140205529752008,-0.168362950284913,0.0101203353425457,0.00798409088569602,0.163472535728724,-0.0273910167730765,0.225972998831738,-0.0458101385490762,0.199269487573602,0.178175404717745,0.131197931317401,-0.0261718853471315,0.128382479875736,-0.0907883280574519,0.138920388284277,-0.0205629684013206,-0.0272824585500464,-0.25874600824838,-0.0984656384538074,-0.292076929160203,-0.202233182303353,-0.0829014487358483,-0.00358121803344755,-0.165024522792239,-0.0815458860617537,-0.173525990462826,-0.118070171163042,-0.246304818841254,-0.224048209353475,-0.170526808733746,-0.030615692518246,-0.0435113668629365,-0.0192075164012075,-0.0613101809103579,-0.066354896194135,-0.222066123372333,-0.23231273491158,-0.0521751293715304,-0.106157781567766,-0.0119305068361051,-0.0306673892298955,0.26520878268142,0.517332241359351,0.0962788367765813,0.107083088385989,0.107124985364737,0.38107216538361,-0.157506543735684,0.0289491301395199,-0.0501346959361794,-0.044370938375894,-0.0681096968899099,0.0614380206341916,0.186431243168438,0.148829573742934,0.0856502952047091,0.167596750334697,-0.120390334093508,0.0921645755700124,0.144878745982342,0.131656347949671,0.0620593432633112,-0.0241561621160411,-0.146563914364352,-0.0423068204444951,-0.060316368230057,-0.017985869169097,-0.116577765110665,-0.204266081661033,-0.136165164805445,0.0540166329216677,-0.11353240404098,-0.159326000544866,0.0743035771904383,-0.168840405268272,-0.23050763950748,-0.250632099096947,-0.351443438422627,-0.226211166374739,-0.177898489890156,-0.293939701753581,-0.00152566433042752,-0.0800370417332574,-0.214938672330113,-0.0984067721832714,-0.175256700679241,-0.243334172565315,-0.200745275066805,-0.138168717834315,-0.11264960125368,-0.219097982677055,-0.281686480092631,-0.299056413697028,-0.190452109103872,-0.0900481690110929,-0.0925377672788488,-0.0212801111593672
"Frontal_Inf_Oper_L",0.580107599661781,0.145344093293108,-0.0635095050865642,-0.0373366269385086,-0.283100964434503,0.150875501289885,0.277950567765749,0.260415212489372,0.213842703584885,0.148158456123032,1,0.539257579401634,0.690260162946941,0.526247774790203,0.384092923477818,0.159256678621752,0.424966786705935,0.228348650909199,0.245427035273467,0.160977784820739,-0.245569647298413,-0.116414271914227,-0.211946291646577,-0.247480261220369,-0.413174663266362,-0.38469575721441,-0.243860659710391,-0.0711188592556176,0.486746777098151,0.35005903243715,-0.141548728322364,-0.155334029392259,-0.107468793142433,0.0651680904906719,-0.351046009468045,-0.442455832889993,-0.181663232998503,-0.300818593946797,-0.264489030534209,-0.0509619085491877,-0.026146588978948,0.0685535251756744,-0.229964257232064,-0.128671424208709,-0.304665776867508,-0.153585930685436,-0.126756446958855,-0.154226522435369,-0.00577525653750147,0.0288265962815129,0.0751287859289975,0.0450027460560573,0.10867268409467,-0.0932789028308884,0.0196270837675382,-0.018038699078752,0.126500548374677,0.0917824834379557,0.193842351697318,0.066155100212234,0.558755057283262,0.260102717807807,0.373769727978958,0.293622242750448,-0.190911914511615,-0.195699607802157,-0.17090472245919,-0.187686433673238,0.039865452765922,0.0654559719204269,-0.0825269643614753,0.0967061861186752,0.28962391647688,0.247882660563704,0.144438621255273,0.256129871182469,0.0431650304669676,0.16633336759192,0.16363247513191,0.0721192447835424,0.246155277239961,0.139948518856002,0.117054229230791,0.1751202453954,0.0188727616487174,-0.103901626660215,-0.181875428358189,-0.139611366364812,0.154018236935995,-0.0282253292339378,0.0567876854986819,0.092121549838313,-0.0812748277228623,-0.0757200653784603,-0.0275555021908418,-0.133309856006352,-0.137188689644897,-0.0164148522018343,-0.0326154353704676,0.0925452303912462,0.16933695410854,0.046371587858772,0.15328913202725,0.251374285435112,-0.199765049762857,0.00671149364997133,0.00263070301904825,-0.118948544565991,-0.183322762033599,-0.208419997472781,-0.356256143123975,-0.353058893094799,0.0258806171771549,-0.198896905265199,-0.202106730620822,-0.265821685748938
"Frontal_Inf_Oper_R",0.43901650130271,0.417428168286779,-0.406061874729461,-0.0455984097755284,-0.40516917550897,0.230930249804028,-0.197624389986728,0.403306688864489,0.129253676798644,0.258978068082087,0.539257579401634,1,0.260751034313526,0.697066299357989,0.246934236498793,0.356186821399427,0.455892333527306,0.415432816167114,0.313894811798873,0.451143372058398,-0.247922392071671,-0.072803099350227,-0.402066542468134,-0.337541274419775,-0.462529354595451,-0.303933683522005,-0.272634189046534,-0.037606447698144,0.458635318355417,0.629681969386809,-0.155336690608118,-0.217334879534356,-0.142002168668468,0.0533521960495585,-0.532225729923453,-0.544305725372079,-0.239695067408814,-0.19937219138853,-0.30076784361348,-0.0584340594994724,0.0592517265834345,0.249894431646531,-0.0825824038144835,0.101029050504658,-0.079090783442352,0.130136178593015,0.0124819739296958,0.0559239124404691,0.108998448334716,0.148757413474361,-0.00276557911430431,0.0783656405195162,0.16563823975787,0.0227208252710785,0.0519366436074604,0.161769605049407,0.30926197126636,0.31467672153921,0.152576809575886,0.12178419691623,0.424738109254429,0.339309454239603,0.542877063695347,0.561621953685449,-0.457397211148479,-0.203916535470758,-0.425149132196369,-0.155929848840501,0.208930266958618,0.214629168240627,-0.396565718956141,-0.0535007866175474,0.152349848734811,0.469974843158705,-0.105115442673441,0.331474354415797,-0.184832774364391,0.124164324600513,0.189950017287423,0.251433016153772,0.430917490979885,0.302196118547477,0.147853068911379,0.292623773227277,-0.054017461529004,-0.0215497140102271,-0.311359749156609,-0.175020031761675,-0.0858080055169869,0.0391008268478996,-0.0985643145847199,-0.19312160418118,-0.0557840827744981,-0.320125001040308,0.0330579375702604,-0.13001251516515,-0.0911877882287453,0.102562534814935,0.106232926086059,-0.0365717148171026,0.230813836258345,-0.134270118901635,0.231515883985557,0.0295033203204474,-0.290774464768336,-0.193633897320232,-0.0204278013930594,-0.0577637089517653,-0.0390596278279904,-0.091640994132705,-0.273774693335509,-0.234914109510022,0.0528043051145622,-0.00853288038595577,-0.13822835404781,-0.174321355886308
"Frontal_Inf_Tri_L",0.256525261579971,0.0451955395818642,0.155006790179571,0.0778832354398933,-0.263797186566626,0.0368899227770269,0.488545364418925,0.365218403762832,0.138800634476549,0.110929436683733,0.690260162946941,0.260751034313526,1,0.534586011195648,0.43231686492027,0.249475255178738,0.246794377496071,0.115001826820623,0.139455914606315,0.0267296210147231,-0.208237964885312,-0.263664697037217,-0.0396426343945364,-0.00524116522474018,-0.260659873951423,-0.317878682634302,-0.239129941017886,-0.174603486499654,0.398154189922825,0.226326903395517,0.0459951453029792,0.00317000972634321,-0.053323742463003,0.0727301359493011,-0.159578786533468,-0.238942016614533,-0.14596000821241,-0.211246272892632,-0.160569933477908,-0.0279351534472187,-0.052368768222037,0.106905019841214,-0.239983292653522,-0.249469940489279,-0.321100843398167,-0.227382867453838,-0.205916529310142,-0.218111843966125,-0.150615388763877,-0.111005717194925,-0.0726441245529599,-0.0422931476922471,-0.0865699076024838,-0.125898552963647,-0.0920392771764822,-0.126823650742555,-0.0804230484869756,-0.0188761463766379,0.0414919167687279,-0.0309975643258429,0.40770847905485,0.168994394327312,0.129033662711581,0.109762396439096,-0.0574545176223189,-0.0508511465763197,-0.103315532687089,-0.166654799921675,0.023693490102701,0.00102279551415952,0.116756471283373,0.19771419644946,0.196882458953351,0.161754725960953,0.135390495161171,0.0899678365395834,0.0754990368544016,0.102362110234844,0.0309081428719792,0.0665043274540785,0.0743171318992501,0.180644892692097,0.00428982404809106,0.145896052226452,0.0747053234057189,0.0741583506125025,-0.0888295735054216,-0.0220511677887814,0.190219871499398,0.0451337256659127,-0.0449662971324902,0.0637851989158921,-0.0432019157214817,-0.138994221230921,-0.182026900020313,-0.127880252167556,-0.19627535092312,-0.169527957133071,-0.203246242427957,-0.0462201860761846,0.0916303838819108,-0.0243363072679744,-0.0311778115252968,0.100833740699546,-0.155952736428296,-0.00537792250409647,0.0239421332874545,-0.0667048102150725,-0.145481980425238,-0.260723142254349,-0.348194532913183,-0.308587359224765,0.0556410239933195,-0.149721621347847,-0.193674850649611,-0.240708725452815
"Frontal_Inf_Tri_R",0.296369811680106,0.200766149959698,-0.187052372040743,0.0949286009362357,-0.352152120826406,0.182085285250104,0.0133815144400838,0.52646291737652,0.0663663016122507,0.263146474386979,0.526247774790203,0.697066299357989,0.534586011195648,1,0.388530383222589,0.529572159497599,0.215034826000882,0.152438458740344,0.172537344945469,0.296771113239774,-0.175506527307767,-0.127347349205834,-0.219283622990025,-0.0499153752158225,-0.271641354267906,-0.267205603417669,-0.182834480985092,0.0166579275352231,0.329398040072301,0.402256909467672,-0.0356772932880318,-0.101845164339071,-0.067426415031607,0.0862552163486151,-0.27659037738353,-0.304280226861209,-0.161148538288922,-0.10707444861892,-0.165818941263701,0.0714787383146621,0.05428116319521,0.148033927207574,-0.159360028031138,-0.108756570373782,-0.195938234551438,-0.037654932116184,-0.157360023778879,-0.150409033278426,-0.0208540825670713,0.0492288754890568,-0.0441916083126186,0.0460088858620245,-0.0579423138310779,-0.0428950836711485,4.14830823007261e-05,0.0799547625620577,0.0791270704003317,0.0892485225585498,0.021109287816917,0.0323380752217971,0.354181098128071,0.299209623567939,0.241914837274336,0.252879078284524,-0.246688111955192,-0.0100489134654902,-0.293358439942392,-0.141859872015886,0.167125627542253,0.0933960432140203,-0.137304821286791,0.118047111731595,0.165915020009653,0.360656511160802,-0.022991090714007,0.275703062193646,-0.0792433684626281,0.125995813039095,0.0271518895168151,0.034750871197049,0.191213156326923,0.193853025126915,0.0240968751621174,0.18293329778329,-0.0390791110001401,0.138145685123888,-0.1759501821494,-0.0442901736231686,-0.0509592052851391,0.0682412870347769,-0.124439009568339,-0.193450647000604,0.0117965168567044,-0.285913866462009,-0.120242455627598,-0.0440496612755907,-0.161335896989735,-0.0620863393851054,-0.0978891831061255,-0.195602331133687,0.196577186737423,-0.157715800894813,0.140079021765539,-0.047557521906906,-0.182845855258611,-0.132579459641134,0.0262299084308421,-0.0432457846104801,-0.0867161971602442,-0.173430384545651,-0.324847685314021,-0.3511723005269,0.0147546733300949,0.0516787182472257,-0.102908830277715,-0.202675211189574
"Frontal_Inf_Orb_L",0.15080057257701,0.0993844833149396,0.240049227251098,-6.31796501232822e-05,0.102974273547575,0.284553322054579,0.225773997348541,0.118710931992446,0.256934272173218,0.279777994645047,0.384092923477818,0.246934236498793,0.43231686492027,0.388530383222589,1,0.506088732090058,0.256660178790568,0.115719131250422,0.217653577066053,0.184234902518773,0.072430097639136,0.066062036296142,0.295283937256535,0.121423820727862,0.133659312805809,0.135126417044766,0.126265384572381,0.112632852450244,0.428649128056432,0.356744818607232,0.341241690071427,0.171916666743617,0.157888422202962,0.0528074919446204,-0.0725325987005264,-0.272336777801944,-0.100319999407811,-0.173164058578011,0.00669006729369904,0.0780761651399554,0.132436841077642,0.0975879419266039,-0.213027905705772,-0.181705049761951,-0.313868773938725,-0.416597513168268,-0.283418838306079,-0.225543523324445,-0.310227917406589,-0.295918925002684,-0.259476770302424,-0.197758533380574,-0.136790888140047,-0.182505020324396,-0.0941849826039038,-0.108285884735306,0.016203117011704,-0.0573330677185853,-0.327669150389445,-0.431428159404578,0.0896273704244235,-0.074375524788724,0.199467530119468,0.0693343530877465,0.00493159211427874,-0.100390455330964,-0.338653388100147,-0.492632326895949,0.177967618056641,0.132376111443006,0.0446000590090475,0.0856012804952995,0.406565460711118,0.363909684187332,0.209974639286199,0.252758530112238,-0.072142779250812,-0.191375151712432,0.217031936868695,0.242499832146688,0.216906146535717,0.230628955198097,0.431506216990397,0.279597380832699,0.27105742587759,0.0619200233134797,0.106778829113088,0.0693552779833015,0.150400793108452,-0.0817565517653648,-0.175829647198043,-0.094508541737375,-0.0653152783596312,-0.052746286700424,0.119871662366918,0.0617913477725341,-0.00412080416554181,0.0762660546197226,-0.206530771608787,-0.124960500355172,0.0143787371113907,-0.0145735958349936,-0.0836113669110301,0.131142552886844,-0.12216607968955,0.0496641905680844,0.0439203319070745,0.0677925888404158,0.0582798490740677,0.00754820998169593,-0.221508057563097,-0.286015350610293,-0.139972490356752,0.269641467428416,0.135935899120388,-0.0434339190906836
"Frontal_Inf_Orb_R",0.0135320562192435,0.168014271243603,-0.131458110189692,0.0372207126093018,-0.205892858536169,0.234026470820464,-0.0622824761803989,0.286327873035511,-0.116509642108831,0.283448408132647,0.159256678621752,0.356186821399427,0.249475255178738,0.529572159497599,0.506088732090058,1,0.321112593547765,0.255904470235708,0.152810962937857,0.277754167218653,-0.0856532755803918,0.0930864148990024,0.162020053987214,0.254633345365894,-0.0671703864306216,0.0177710955688231,-0.0197768395557696,0.136190693383309,0.419279584259385,0.523539119649883,0.30528622551018,0.246536087689798,0.0268149572580781,0.0581230412511338,-0.225524729825333,-0.275562245559217,-0.0509755193457658,0.0080494529287873,-0.0427577998870825,0.0648432194634732,0.216075482661404,0.311267812154723,-0.131941119564524,-0.0895250810851052,-0.163563776586509,-0.130039150172661,-0.199483024649096,-0.169872789740982,-0.150647701231624,-0.323432549502087,-0.29264795272826,-0.34189954574106,-0.108522624854352,-0.0941112864186551,-0.0516852689774996,-0.0388807726442572,0.17019529431637,0.0543621803353267,-0.282546368027663,-0.428533161697598,0.0813653870725845,0.0841767860871301,0.301218223899759,0.262584564728083,-0.161498276909467,-0.109923070925752,-0.373439368710123,-0.333622053039639,0.2144188924039,0.10626026548736,-0.166635891338906,0.00499013229826188,0.32623961713931,0.463260680499358,0.0703478080068746,0.378451822841977,0.0157354089260086,-0.00960218364614797,0.239128577267878,0.265928275632036,0.30815638173202,0.357162877335175,0.359679498858962,0.429338460066576,0.175324427560253,0.230403325767516,0.0414727477949003,0.151806178395674,-0.0753141690576373,-0.0496303606436279,-0.222703129027386,-0.252430619699466,-0.0203132445157149,-0.22050577712503,-0.0644491520860442,-0.198022919100957,-0.150077652046698,-0.0698570911298226,-0.110049508836762,-0.186673654283798,0.0182101780873498,-0.150512699779888,0.00283057649702588,-0.0456149214833264,-0.222959658182393,-0.161901664580897,-0.0800188422937342,0.0180460365478251,0.0340966582399352,0.0459020524298721,-0.214981808904772,-0.329439158648888,-0.1070066955318,0.246199988632697,0.112351958897764,0.0742167324832055
"Rolandic_Oper_L",0.451218438441643,0.558842224976575,-0.306348577432659,-0.200840894152042,-0.239821848908711,0.21097489302373,-0.182120869054683,0.0367866119684245,0.0231220304202617,0.119530332486334,0.424966786705935,0.455892333527306,0.246794377496071,0.215034826000882,0.256660178790568,0.321112593547765,1,0.809219354501847,0.283215807489443,0.351434303734396,-0.189492274350712,-0.070770624994644,-0.249684466164657,-0.258860825570817,-0.40038766921313,-0.223495453187573,-0.12110359918684,0.0712888731581465,0.654448830143416,0.746119779854925,-0.13344113476414,-0.191720495274145,-0.0824368542920553,-0.0128612803000793,-0.399717613753178,-0.457502915087053,-0.0827828414533532,-0.121993923263833,-0.0912545922950988,0.0977872717122688,0.273970736355258,0.317429417979585,-0.118405278838547,-0.0849360415801226,-0.105610678298065,-0.0396138902653,0.016093572569805,-0.0126086792949443,-0.0692128664120994,-0.0965163698260654,-0.0789421060570666,-0.138041415402083,0.080609379515726,0.00348384843721447,0.0160363200683074,0.104319131828029,0.665469320929873,0.468824979452209,0.0070683869953552,-0.0861376517771018,0.22990887448214,0.0363568777175544,0.536307281805001,0.357726621602293,-0.368725310155658,-0.301808749429548,-0.317540586115531,-0.30251656034,0.40092270008966,0.422521518934833,-0.317634503594846,-0.162596544606895,0.260185591823444,0.519372573804367,0.0319935908760617,0.365817964067029,-0.216333892366057,-0.0785315024776085,0.748780162848471,0.63669698638424,0.762297148461968,0.528232252551884,0.413648066589176,0.444303102731638,0.173998730827512,-0.060388505512485,0.0253001096766848,0.044496229080234,0.0328157649199912,-0.0470775573191645,-0.102762150178313,-0.266133329184889,-0.17728425510823,-0.274101213671358,-0.0919606941686475,-0.303392547806881,-0.0589710729134136,0.125127802303065,0.0946903768783249,-0.0381842868378199,0.00601139928714815,-0.186801646337728,0.0283394062515075,0.0146303761435609,-0.49382497999361,-0.281247213741744,-0.183536618899269,-0.100023078972835,-0.194682619034318,-0.171462346108206,-0.144550494769142,-0.219122032383944,-0.0957571916995493,-0.116640941856737,-0.284813412025208,-0.306197223232682
