"","Precentral_L","Precentral_R","Frontal_Sup_L","Frontal_Sup_R","Frontal_Sup_Orb_L","Frontal_Sup_Orb_R","Frontal_Mid_L","Frontal_Mid_R","Frontal_Mid_Orb_L","Frontal_Mid_Orb_R","Frontal_Inf_Oper_L","Frontal_Inf_Oper_R","Frontal_Inf_Tri_L","Frontal_Inf_Tri_R","Frontal_Inf_Orb_L","Frontal_Inf_Orb_R","Rolandic_Oper_L","Rolandic_Oper_R","Supp_Motor_Area_L","Supp_Motor_Area_R","Olfactory_L","Olfactory_R","Frontal_Sup_Medial_L","Frontal_Sup_Medial_R","Frontal_Med_Orb_L","Frontal_Med_Orb_R","Rectus_L","Rectus_R","Insula_L","Insula_R","Cingulum_Ant_L","Cingulum_Ant_R","Cingulum_Mid_L","Cingulum_Mid_R","Cingulum_Post_L","Cingulum_Post_R","Hippocampus_L","Hippocampus_R","ParaHippocampal_L","ParaHippocampal_R","Amygdala_L","Amygdala_R","Calcarine_L","Calcarine_R","Cuneus_L","Cuneus_R","Lingual_L","Lingual_R","Occipital_Sup_L","Occipital_Sup_R","Occipital_Mid_L","Occipital_Mid_R","Occipital_Inf_L","Occipital_Inf_R","Fusiform_L","Fusiform_R","Postcentral_L","Postcentral_R","Parietal_Sup_L","Parietal_Sup_R","Parietal_Inf_L","Parietal_Inf_R","SupraMarginal_L","SupraMarginal_R","Angular_L","Angular_R","Precuneus_L","Precuneus_R","Paracentral_Lobule_L","Paracentral_Lobule_R","Caudate_L","Caudate_R","Putamen_L","Putamen_R","Pallidum_L","Pallidum_R","Thalamus_L","Thalamus_R","Heschl_L","Heschl_R","Temporal_Sup_L","Temporal_Sup_R","Temporal_Pole_Sup_L","Temporal_Pole_Sup_R","Temporal_Mid_L","Temporal_Mid_R","Temporal_Pole_Mid_L","Temporal_Pole_Mid_R","Temporal_Inf_L","Temporal_Inf_R","Cerebelum_Crus1_L","Cerebelum_Crus1_R","Cerebelum_Crus2_L","Cerebelum_Crus2_R","Cerebelum_3_L","Cerebelum_3_R","Cerebelum_4_5_L","Cerebelum_4_5_R","Cerebelum_6_L","Cerebelum_6_R","Cerebelum_7b_L","Cerebelum_7b_R","Cerebelum_8_L","Cerebelum_8_R","Cerebelum_9_L","Cerebelum_9_R","Cerebelum_10_L","Cerebelum_10_R","Vermis_1_2","Vermis_3","Vermis_4_5","Vermis_6","Vermis_7","Vermis_8","Vermis_9","Vermis_10"
"Precentral_L",1,0.447548839148764,0.0923714063257155,-0.0570594608192082,-0.0465624592234567,-0.0744453350293047,0.109677957895018,0.0625515508593847,-0.0518111471712088,-0.170651353327472,0.578438881764268,0.360175785637806,0.356053474099139,0.25018675548955,0.0363100866863584,0.00988080621886691,0.359671242305726,0.322695485427376,0.483172502355308,0.346647918104004,-0.125138379857707,-0.162186767116009,0.0272682834068245,-0.0531075068378227,-0.187710702541214,-0.183769825831291,0.00723799889486059,-0.0711650402650869,0.178854686176959,0.241520508543677,-0.0559171406283639,-0.137836636979152,0.138246320754918,-0.0126708147934408,-0.0768648331791634,-0.243405928197357,-0.318318434255292,-0.199838328606576,-0.278049305604511,-0.237417181138499,0.181026981274333,-0.106895708424603,-0.191078583640807,-0.165209505552029,-0.227586729633975,-0.227685289416723,-0.243212121108844,-0.229744470961448,-0.284852085315357,-0.203933766098363,-0.102070067164776,-0.0986827278671975,0.00439486494917595,-0.0439842320369783,-0.288875635313141,-0.262836231145858,0.474578875541649,0.261209921601593,0.0339150480793867,-0.0934689704374098,0.188854720495997,-0.0530704218469693,0.342064950068588,0.193346583537809,-0.0115311256856425,-0.124197974599283,-0.11324045833013,-0.173526273580035,0.220416058333642,0.0128759611399052,0.00301285226155924,0.0315364466780539,0.28116009452836,0.286144643275322,0.173272194580186,0.27199743477705,-0.0898478916918215,-0.00513188243820639,0.233466615453413,0.231269920369047,0.16369873164083,0.167065311517543,0.0120370871417209,-0.0725214304200333,0.0530820667506329,0.0426867408661611,-0.125651316931421,-0.207008491028015,0.0618026979495277,-0.115474482537232,-0.146160283645384,-0.0637142935098215,-0.139857038060768,-0.151476210666496,-0.0336811652813391,-0.212583068389296,-0.215775765695583,-0.216866948510572,-0.159329285903908,-0.130960287630215,-0.112486117712268,-0.0476046683967735,-0.085890779060662,-0.0103196192828287,-0.168264701218148,-0.134605714064912,-0.052957820647283,-0.018952732092017,-0.0261406181522905,-0.105766493630881,-0.290723790257148,-0.120563257605822,-0.0846077961111043,-0.101167593367111,-0.143076563709656,-0.104821871143295
"Precentral_R",0.447548839148764,1,-0.118198266645036,0.050031176704497,-0.108036016488052,-0.194195045458353,-0.248222203549195,-0.0230134031607666,-0.223758426309775,-0.198575083726932,0.107461726392721,0.129263348634821,-0.165343144083768,-0.0983062894823728,-0.301441405753492,-0.129543621964651,0.37759366779235,0.472114989033397,0.311327696490719,0.458651715441496,-0.0575590500760477,-0.220880273666966,-0.116096662081962,-0.0245453361698566,-0.06057290245278,0.0535509039279094,0.0345814496245325,-0.0588902230796418,-0.102196026959182,0.134269187504781,-0.142630827244984,-0.241887230155308,0.00709563089073155,-0.0109198161029538,-0.176648167329045,-0.187694467617948,0.0100668758905683,0.0914143809618584,-0.0620295997675268,0.0806798883141659,0.0819233386636211,0.0602304542708953,0.0307346482374741,0.0548144655583765,-0.176731177735492,-0.129927660043599,0.0435317019265449,0.0344681952349085,-0.222967831748649,-0.105392215827489,-0.123835922166,-0.0576525473021479,0.11071825599933,0.0474582511055036,-0.030500654147511,0.0636436823873402,0.561416396086434,0.569598944309738,-0.0995615411335774,0.0407226789797643,-0.0644972833354151,-0.0626628977365917,0.158792295116195,-0.0496493067217132,-0.135383310948486,-0.189928605403768,-0.205715288635174,-0.142908975182614,0.395948456992362,0.41792094361104,-0.0856198345858297,-0.145522240989884,0.0783616068165076,0.16313079195832,-0.0232551219856791,0.204808190948902,-0.169281664287072,-0.0485858930418337,0.306005776439201,0.204427287087018,0.204494038170328,0.0900906163314952,-0.0910353833856728,-0.00514605345145154,-0.125137708937362,0.0400717305229024,-0.240480448376471,-0.14869373359395,0.0172767402280829,0.0576484950842656,-0.0398246112362272,-0.252759352728841,-0.163167713030688,-0.284177593402915,0.10742126276523,0.022921135439517,0.138138383303759,-0.137910674002942,0.0803463870037881,-0.091644254976044,-0.130919059814853,-0.248163524032097,0.0175781780767737,-0.215445912161097,-0.12514831449561,-0.173532331607188,0.0616789977623523,0.0843387801882424,0.0178401518565545,0.0233177838193794,-0.07898649687006,0.0199257665485913,-0.127618700637798,-0.313934089824479,-0.302435781374297,-0.0867663831636662
"Frontal_Sup_L",0.0923714063257155,-0.118198266645036,1,0.00828577417722282,0.398282522287965,-0.112047113903687,0.566028362413998,-0.227579239639026,0.177784008387544,-0.222464537447037,0.0958469368572608,-0.248858158606605,0.142637299829219,-0.178576814628849,0.182728295218162,-0.0889360831651519,-0.250344005097376,-0.140742635795613,0.185697738489739,-0.150861238167921,0.140230397031088,0.217478012318554,0.656969299856873,0.393415413316383,0.377692260020243,0.137579964797361,0.238632750011336,0.0552950232645548,-0.100452667443361,-0.263544534199523,0.25577819107448,0.0962587860736921,0.11554424156597,-0.111857212199499,0.442449038157682,0.329255957858024,-0.0741221826061893,-0.149140492240019,-0.0865885234975772,-0.128310417496618,-0.0257342940865532,-0.165523545441593,0.143975783584188,-0.027383630471632,-0.0198522645961469,-0.135756366489368,-0.0448126076439941,0.0207367513503784,-0.14232260162635,-0.19377222643097,-0.00846483750993083,-0.0781373280193824,0.0467443695492093,-0.0721193643242977,-0.06759429864806,-0.100296901539469,-0.215304395720766,-0.126884616141927,0.0264656803630086,-0.363526472141734,0.0396216708385394,-0.290767917093276,-0.153681920045514,-0.253364510711947,0.471902434533979,0.018926680641836,0.237520518559648,-0.00276410718330642,-0.0964563665529742,-0.216450327004283,0.238974903301246,0.154952895772578,0.245570809778147,0.0486499789198175,0.326130445239356,0.0799974746947214,0.189082331455295,-0.105030318118737,-0.023987802634723,0.0451791500669962,-0.335285997582468,-0.188703467982338,-0.0486717645312478,-0.255260696829779,0.203266802195599,-0.0494749791072438,0.254929649961079,0.0578064041808076,0.0921122499208885,-0.250956788826235,-0.24063847689205,0.193764846984178,0.0663002495192462,0.426949848474621,-0.144232089591921,-0.11489686703542,-0.109639147134327,-0.00544794729832174,-0.250891570012055,0.0191077516635965,-0.139459846522577,0.376961170565589,-0.178004335898067,0.154357848538725,0.0022649931453139,0.165815269339128,-0.0795207771744965,-0.138892431339886,0.152529040065413,0.147721587351932,0.121692342969803,-0.104613736412593,0.0534714186878034,-0.034978624133212,0.0783981184162637,-0.0323600121684965
"Frontal_Sup_R",-0.0570594608192082,0.050031176704497,0.00828577417722282,1,-0.239914306968952,0.10260530124444,0.200119115055333,0.695123998821722,-0.126521566366957,0.304730533629461,-0.289567598133389,0.198763614332089,-0.267224333864831,0.0853315503822944,-0.302892746569482,-0.0566983988137484,-0.0726850953269883,-0.0836518968587069,-0.00835877076684564,0.134391166989429,-0.216479237060475,0.0356478144555086,0.141745347751568,0.382802729186861,0.0618699708276198,0.242385761092576,-0.169342443651902,-0.144742976553614,-0.0771642266228114,0.0121449617463721,0.190385824896331,0.392931915894023,0.199902455963294,0.412726657294027,0.223741105767305,0.299983652546592,-0.405413349935153,-0.232702905702265,-0.334781520726786,-0.3495693455924,-0.241167697067766,-0.238486151355393,0.0282150247463037,0.0456212296326181,0.129805520315182,0.165792310585033,-0.0282437063287261,-0.0301237532392032,0.0738728572753897,-0.00807445094018378,-0.0340155928788226,-0.0400754296879366,-0.129631697067114,-0.241644290083062,-0.217381746563068,-0.226413512180275,-0.135452885582647,0.047039701572107,0.0509522866618166,0.289534166254504,0.013169816644012,0.457616868426543,-0.0749988862924026,0.209283388426112,0.0515153420359741,0.465599891394129,0.174589039704184,0.357175614366291,-0.240408222413055,-0.138139236227998,-0.130007956662661,0.039283986808521,-0.0101484705728783,0.0275101983623298,-0.105023216715311,0.142007452129158,-0.232955744696381,0.0780886781042268,-0.0326686527240242,0.0853303744945123,-0.170640712750395,-0.043735912480025,-0.322777327593567,-0.35101247769326,-0.109455887216507,0.225497623752387,-0.214588096659778,-0.183106473852935,-0.341885841288227,0.0671475747402854,0.142952377473837,0.00794148388740519,0.280862813207873,0.00164071941701662,-0.367761526199558,-0.36147707545874,-0.348988770328997,-0.200453052111896,-0.0418590111438045,-0.126782538698573,0.160602016631158,0.0357808714404245,-0.0551490311937582,-0.0904044996408205,-0.255297673531401,-0.285272706623805,-0.179637795132362,-0.25318499706082,-0.060083448757262,-0.305572659307081,-0.151884500455013,-0.155276042748735,-0.0995321213114285,-0.0950429964844965,-0.105999422336467,-0.235351323704976
"Frontal_Sup_Orb_L",-0.0465624592234567,-0.108036016488052,0.398282522287965,-0.239914306968952,1,0.248041193923984,0.0869184107429949,-0.287716820450155,0.557130698490011,0.0482407134341501,0.136305285571154,-0.102786052302882,0.218844371979306,-0.0227736811360612,0.281669769022071,0.159411812841073,-0.11248601235747,0.0634672558791044,-0.0493221930055506,-0.254641635246416,0.309716121354189,0.23582033436025,0.409162820954117,0.220145789459877,0.638846410521596,0.513802933715565,0.776268436301847,0.537657208604739,-0.0299545130190601,-0.088402687871308,0.212867665225553,0.0613496917065998,-0.121742038900019,-0.299208572803605,0.16265124890717,0.153971171310492,0.0458220780827283,-0.103008078353799,0.115626995529988,0.125413408189534,0.220985710114463,0.135734561068114,0.0995556035285415,0.0136662034845882,-0.101991226394767,-0.188870779166386,-0.0155771478897686,0.0329030726559305,-0.154106873784984,-0.164878363832122,0.0318942257002519,0.0316020229866814,0.158700086356064,0.090501954050854,0.0994752861477186,0.189057806217802,0.0222789892950615,-0.0930024244119517,-0.101844758257008,-0.320025812899077,-0.0578877955126177,-0.343703167070272,0.0168878905207874,-0.121463048875021,0.116114831062541,-0.122034280252443,-0.102957184719924,-0.231703369232105,0.0475514820362459,-0.0869573580074673,-0.0171619267568857,-0.0565827123187705,0.1943701381575,0.0909665992759761,-0.0107271530071415,0.0718979878065803,-0.0280592215955083,-0.0981001609824002,0.183799280218618,0.190510295984692,-0.0662979473797955,0.0961524281169366,0.10985455551014,0.0384190770281985,0.162484182556325,0.0983873575153093,0.253788359799076,0.291501484355144,0.103533897057113,0.0297655107653376,-0.246467491524094,-0.0542692800779897,-0.28483074303582,-0.106684271399362,-0.25220997592645,-0.152049009738115,0.00342750106684851,0.102469369446789,-0.0754932002840417,0.0391253042240023,-0.335608617978224,-0.111003860079244,-0.212745974894357,-0.138181783689267,-0.140981635469787,0.0138004772854169,-0.104790228111021,-0.0887889248670126,-0.11934476178113,-0.0698916038577557,0.241975460853971,0.0295324342922897,-0.0262214965023261,-0.113054695706007,-0.0248255052427005,-0.0611874099203239
"Frontal_Sup_Orb_R",-0.0744453350293047,-0.194195045458353,-0.112047113903687,0.10260530124444,0.248041193923984,1,0.0644210312929541,0.310852938410532,0.566625628059961,0.815593712759924,0.114434856493452,0.237086982785789,0.198928499121759,0.296734546692086,0.242525941723651,0.369076960359356,0.0531065612086692,0.0408008988955695,-0.0474457948728963,-0.0699329590441497,-0.163738473364385,0.036834724365809,0.000519390170166331,0.0155075268185465,0.0468582383916153,0.449987135376434,0.109785419212195,0.376764405866658,0.217044146751352,0.251697248110371,0.0730677494862975,0.160385910412215,-0.0532149139946057,0.00623748796245804,-0.183275028719034,-0.107939933279231,-0.153323302919913,-0.29555277834126,-0.0244151087852949,-0.173147852115102,0.0119243310786346,0.0151571900177324,0.0922628553002788,0.146757349285826,0.114404090497932,0.101394427668618,0.131229438192022,-0.00072647387814666,0.0225826053789986,-0.014217121152872,0.0571299465255196,-0.0163253585127915,0.0951419377977637,-0.222776819867734,-0.046327083698982,-0.13160179789879,-0.0863353444851433,-0.190706681633095,-0.225994322037715,-0.12743503551905,-0.0296921834950266,0.180673948661254,0.0479789690644838,0.156434796874669,-0.206377634500213,0.107481049038951,-0.239966937379673,-0.195759422549155,-0.171411264283738,-0.189346001385628,-0.245562331169069,-0.0249104796879012,0.00351874528056862,0.10942552466175,-0.174954588853068,0.0813266942012931,-0.186120182061746,0.047763608949244,0.0780213118159811,0.0142571657252676,0.0276835839231394,-0.0753264484694696,0.0690128263169618,-0.019987201334443,-0.165355017082709,-0.0994825609692273,-0.108633409969032,-0.200654009432714,-0.145953727459258,-0.0544036425525374,0.0117447823573476,-0.06030140542012,-0.0913099096882604,-0.230802285356293,-0.283611815150109,-0.278859104187362,-0.102047514941615,-0.0574358877336534,0.0576584952203164,-0.0793374578528815,-0.0691621974664917,-0.133643145592898,-0.173546176850649,-0.18019774015148,-0.286990597861885,-0.349433237939554,-0.244202745493956,-0.237856240054619,-0.316828986428286,-0.31891467926132,-0.109989422908286,0.0324791962471982,-0.044769975633698,0.0521999196804649,0.0286261056346808,-0.275539081343393
"Frontal_Mid_L",0.109677957895018,-0.248222203549195,0.566028362413998,0.200119115055333,0.0869184107429949,0.0644210312929541,1,0.282060764089249,0.115571354247458,0.0506717462687851,0.120752417010737,-0.100608746481533,0.395019059319872,-0.0530035534146451,0.113306558783727,-0.0961405167560901,-0.291210522470975,-0.267343875847824,0.12348801480277,-0.178669298232524,-0.0138771421085972,0.271056963493548,0.312630029816578,0.0669822239764639,0.0274909885693186,-0.0179498310892393,-0.0823936367605659,-0.0151151113863759,0.0738570984155289,-0.0737262421057189,0.270407337934784,0.255994344361559,0.37963556955119,0.25570288100602,0.296530767027303,0.240242044744958,-0.318847220282767,-0.400073239495468,-0.192293053524362,-0.428660870082652,-0.111505140330626,-0.328450991157874,-0.031984856997936,-0.179994277183288,0.00421310092116235,-0.151542755011389,-0.231136432513561,-0.134401009939418,-0.109416610881588,-0.311089544735351,-0.146371914007978,-0.331184091245758,-0.188643386115438,-0.316728294575089,-0.316710353898345,-0.443294019637602,-0.27987481455277,-0.250360456606872,0.217177933308797,-0.145492758528946,0.376173320779258,0.0528253605401389,0.0286367640698133,0.00837538376446227,0.338043892256191,0.15692065855455,0.375453688567323,0.218639261180657,-0.261799702855616,-0.352770136341298,0.217727365505198,0.234415797492512,0.204751418241364,0.0449497368331204,0.286001594656368,0.0362495313760404,0.261922858629135,0.0389627821681442,-0.0503394506296241,0.0276445050916439,-0.241495588967376,-0.130953530494734,-0.0975873531649905,-0.360155304410957,0.0434588336428983,-0.126691353469776,-0.0202633598835796,-0.298161385621658,-0.00912041434467109,-0.337475543411526,-0.221278934569812,0.109738162784022,0.0602765790696324,0.245087500590474,-0.279765144839004,-0.177367806577583,-0.307309422051917,-0.281761290485482,-0.378376782378266,-0.147621268475997,-0.0792293108104418,0.326247666872386,-0.226755636869112,0.100980841695882,-0.0555433049851502,0.0471919081166906,-0.108093695828712,-0.11768054612651,0.0339181829586647,-0.000116958021735933,-0.133859640868577,-0.184348369026909,0.00273048401404138,-0.0550521738485114,-0.083530167511675,-0.0817234883482094
"Frontal_Mid_R",0.0625515508593847,-0.0230134031607666,-0.227579239639026,0.695123998821722,-0.287716820450155,0.310852938410532,0.282060764089249,1,-0.0205999075947112,0.499825848462294,0.0195480849990904,0.434450619250871,0.088870549875049,0.359641656658582,-0.134098693997689,0.0870007001755047,0.0119922008116934,-0.0699413436041148,0.0699249312168995,0.185930798088066,-0.301834902793237,-0.0190921227591626,-0.0613766393453158,0.120275582252504,-0.172145454406934,0.123250689859988,-0.173687116611877,-0.0393227882903714,0.158767138836328,0.215642542197852,0.184246633792757,0.346934001483742,0.242351932162149,0.445904235900433,-0.00474982424224511,0.0603414055069441,-0.40916462970784,-0.401479824089765,-0.211866311247459,-0.4115869928125,-0.124022677309754,-0.170962269146225,-0.0725011353529167,-0.0703459219268222,0.0641375991892217,0.0651791124656276,-0.107624363753151,-0.0903944965866425,-0.0109004389531755,-0.0823256884066294,-0.167094557007116,-0.1806421582723,-0.109067438040612,-0.254572941056168,-0.225410051477441,-0.247415379670067,-0.178571514157544,-0.137283192096955,-0.0132558678323327,0.27551125861018,0.19973863002791,0.674583960413493,0.0491030083541109,0.442905136784014,-0.104150765894424,0.479656647119462,0.0489346361919061,0.22087102093351,-0.22272678979511,-0.188398992151016,-0.195249017329175,-0.0555100972592701,0.0530892689779454,0.141440255344646,-0.151079089493909,0.201860105721908,-0.121894106725577,0.174797175317314,0.0710151689120698,0.104628873706621,-0.0541471502491815,0.0150719638581941,-0.171809109647045,-0.278548376282116,-0.243965196264207,0.0632287317224301,-0.239728391196387,-0.351667849086715,-0.236312423097898,0.042394449736419,0.147652803831202,-0.128262054771564,0.14827570721193,-0.255621986663426,-0.225491735304377,-0.290644183400465,-0.330786533715603,-0.217886278967702,-0.0468171422360133,-0.154503663986006,0.151638858887594,-0.158763552240806,-0.0787192644239718,-0.240582771131318,-0.307423698357667,-0.404412580822067,-0.1898164465873,-0.194710974432858,-0.0474769937919902,-0.247590507738538,-0.294874259265145,-0.19835040571718,-0.133698336793329,-0.0217631288216021,-0.0723656301050127,-0.202907198271043
"Frontal_Mid_Orb_L",-0.0518111471712088,-0.223758426309775,0.177784008387544,-0.126521566366957,0.557130698490011,0.566625628059961,0.115571354247458,-0.0205999075947112,1,0.454201648056985,0.132733466596306,0.00371184246220442,0.304393239958318,0.155276769245793,0.309392417264407,0.114643988535005,-0.116973372090238,0.00916076175923892,-0.130434510574537,-0.225905034038147,-0.17016134700511,-0.0281257111836907,0.108339133268467,0.0517397029359006,0.0774119402388829,0.234211531887184,0.22368332266575,0.311068059588338,0.0433858386271408,0.0453497242462088,0.00843620759176987,0.0704958985192819,-0.198677607704753,-0.199524770206521,-0.0909026719062602,-0.101911738173492,-0.0865391186151815,-0.176625507684618,0.00658894894793489,-0.112754650512453,0.017228617001662,0.0884550451625262,0.0736246077661772,0.12566786139625,0.0347598568615308,0.0580718983601594,0.113747867320116,0.0550195037657787,0.0183186566576632,0.0431661389058397,0.109637185808426,0.0929900149344163,0.133988934101614,-0.0134985379288735,0.0693853551883685,0.0519337830052293,-0.0418435902120589,-0.172071885650779,-0.0943465402354506,-0.218743797049985,-0.0430759979455848,-0.0920059924190807,-0.0123141966885377,-0.0201142215841415,-0.108682713127614,-0.112901859863714,-0.234933963244502,-0.274688741343299,-0.124259033565509,-0.290143764944302,-0.161151974830131,-0.0668152710081765,0.0983819421694092,0.166565600108231,-0.127223816929636,0.0679909170747081,-0.184037450063709,-0.101840075741592,0.0467812027845738,-0.0575861033999191,-0.171570302721666,-0.118417851980342,-0.0253786703532224,-0.142300501832204,-0.119327889076973,-0.0901944673610464,-0.00815732255813584,-0.0220596258964876,-0.0727086463801834,-0.100348404782426,-0.0535414374739662,-0.0554473759218737,-0.110160310767493,-0.148693276238909,-0.283813032599857,-0.133075735915777,-0.0570609611250373,0.0200963591771529,0.0133846967564876,0.0733074001113856,-0.123288844537004,-0.086221950431625,-0.253998998234423,-0.0881947568282344,-0.211770644022996,-0.160024726515422,-0.231547439266601,-0.135960451066677,-0.110066008540209,-0.140253223228786,0.0336962235362206,0.125761710233104,-0.0754897506785105,0.0235786297019789,0.0642067692731518,-0.0754388097594052
"Frontal_Mid_Orb_R",-0.170651353327472,-0.198575083726932,-0.222464537447037,0.304730533629461,0.0482407134341501,0.815593712759924,0.0506717462687851,0.499825848462294,0.454201648056985,1,-0.026993546472058,0.239038692152258,0.117030413104368,0.296371488541096,0.235553516984968,0.394343938288584,0.0321143345089381,-0.0582047773822028,-0.163408298100066,-0.0173486169139509,-0.249219988261771,0.0164522067656576,-0.0694127868435111,0.0771330574169047,-0.0262620633295112,0.332043719369671,-0.0432301937371079,0.186458421751778,0.195608545550154,0.24735603775594,0.0825631287154054,0.241188755203352,0.00794299868481904,0.202344325848877,-0.164612662506987,-0.0790841156908086,-0.173009733451104,-0.308863533840717,-0.0339475471730297,-0.189842092511543,-0.060935940879027,-0.0278628848036675,0.0263833528093401,0.0586663160838566,0.0929513730440686,0.0665736364855807,0.0635728867913409,-0.012524260711754,-0.00752113277649979,-0.0536922753952274,-0.0225217632278821,-0.073709560898619,0.040181440081099,-0.243231374331192,-0.0331114145679662,-0.175633858402294,-0.134903855610451,-0.152477115307728,-0.200210673283595,0.0220235417237284,0.0546633495484928,0.401621566942307,0.0568811208197972,0.28756340810034,-0.183714461297457,0.255301281331599,-0.204251960486904,-0.103383785756451,-0.187361429310908,-0.145018926123024,-0.253862911720131,-0.0418395090924474,-0.0158258635360885,0.109376560606666,-0.202716321232254,0.0808846465393599,-0.229742388539767,0.0621992178397171,0.0663212415665098,-0.0171416448176687,0.00769073506315611,-0.0532180075888425,0.00225181792989643,-0.0817127646892624,-0.222352083342223,-0.0434096985422915,-0.122089597277863,-0.264245725218543,-0.157688000275938,0.0146968590362134,0.139792833811883,-0.0219274541852561,0.0592936807797489,-0.213541853148242,-0.306538576291193,-0.243316984889791,-0.138438827995425,-0.0774057543000841,0.0684587830744653,-0.0976509248210888,0.0975175136061554,-0.0375706389915128,-0.0427703562021876,-0.153926189695325,-0.224272509097965,-0.351797782574958,-0.229154629254584,-0.289834914634257,-0.309319180798147,-0.353698587711033,-0.204471458100268,-0.00836973923781196,-0.0130619508380085,0.0846738197309556,0.0753824509334243,-0.286483237913771
"Frontal_Inf_Oper_L",0.578438881764268,0.107461726392721,0.0958469368572608,-0.289567598133389,0.136305285571154,0.114434856493452,0.120752417010737,0.0195480849990904,0.132733466596306,-0.026993546472058,1,0.393509953723809,0.75151876959027,0.539890489473943,0.470949303145205,0.423081514585624,0.375104816848377,0.31920352491236,0.289751913483358,0.0261170284714406,-0.033455002351979,-0.0928624173620625,0.147280838878329,0.0389824104805704,-0.141797688804097,-0.159009735081687,0.151751831854671,0.0201035262975665,0.396620127490445,0.437228679190908,0.0330606377862244,-0.103628983597109,0.0372168836301147,-0.157199698853586,-0.113074764875983,-0.316887052717143,-0.0845508816546539,-0.107386970060866,-0.0539091552264449,-0.0300446808947427,0.367261494839125,0.185288633520087,-0.134318523721487,-0.18018799638718,-0.241313828637,-0.314108569961881,-0.114593625718925,-0.167510127225163,-0.334065888464135,-0.293267528398192,-0.194675659506492,-0.247152588405697,0.111961027637206,-0.0711029466545286,-0.0463724277172589,-0.051544261401224,0.0987900056072187,-0.0237496413342487,-0.160463531554921,-0.292498944722114,0.218932052833107,-0.0497034494118909,0.320419127111325,0.173942638068649,0.0550271583239793,-0.0910339279106617,-0.247611226905218,-0.360142913894636,0.156649953657445,-0.0938037482215237,-0.118863260655657,-0.135360754408749,0.386457040826797,0.487299240506592,0.191546921928637,0.32429371451241,-0.0143446948114198,0.0791872550405149,0.361653082582459,0.431953876561494,0.273630768694106,0.389690136167128,0.340826935953127,0.165206225294709,0.292948025186818,0.12294567012468,0.114007806152557,-0.0548757052765274,0.343046389374676,-0.1071108024927,-0.140328128668299,-0.076803546502921,-0.160692210656185,-0.0911096005709533,0.0311900564892543,-0.134635440676001,-0.0408847477875514,-0.0384951453077634,-0.0938299882830405,-0.0207421114666156,-0.192199417960649,-0.0771844582233548,-0.185163711654302,-0.136183021307384,-0.24291103828129,-0.13428577002273,0.0102373505534286,0.0115344100813733,-0.00394019834279701,-0.0660010583931503,-0.271182456784335,-0.103673467050546,-0.0374742227111642,0.0171838765070949,0.0771423095264057,-0.0862596932016071
"Frontal_Inf_Oper_R",0.360175785637806,0.129263348634821,-0.248858158606605,0.198763614332089,-0.102786052302882,0.237086982785789,-0.100608746481533,0.434450619250871,0.00371184246220442,0.239038692152258,0.393509953723809,1,0.292988961465651,0.694543179796644,0.145712006262645,0.41080017890483,0.285447613693723,0.242869794103319,0.162231149690855,0.187279094921879,-0.230884154168464,-0.123665673546802,-0.0672221259458586,0.0193868204382196,-0.133633279700512,-0.0760676593666187,0.0256485440647623,0.0288163697169349,0.352327745454576,0.542474240229226,0.0488150038177559,0.0874370001938004,-0.00803491073590128,0.108604555731252,-0.317521020672468,-0.339338655408826,-0.241729240218602,-0.244422192946125,-0.24165469229931,-0.257424850958702,0.259642583250106,0.0897509005078062,-0.122001373743069,-0.0524331205348012,-0.211269585946433,-0.113766708430198,-0.0939327854461432,-0.12563962917072,-0.1475616147318,-0.000938389307352728,-0.151273517751151,-0.0373189980241686,0.00607743644162945,-0.0208997036603458,-0.157795334194431,-0.0520687969463901,0.121332839172552,0.160312979210832,-0.0874575903950226,0.136963169767024,0.185282334764318,0.368460759209989,0.282824854545059,0.540237974626036,-0.265000608986893,0.0294255039285875,-0.311013063882544,-0.190594019944057,-0.0308549581495275,-0.0750856651865087,-0.279792237408762,-0.139784685521092,0.296715125281312,0.476281125090335,0.0707622316608739,0.424668009741743,-0.224458579272984,0.18329069098825,0.198193901335094,0.201241554650817,0.230296726917254,0.278973004396177,0.119460821615875,0.110480841420815,-0.0797795481558066,0.13619839782907,-0.11600276969048,-0.152983947169929,-0.0953431555856467,0.217810787990707,0.0802055051859711,-0.0974894897132205,-0.0966475669733362,-0.333261444538395,-0.187776496805965,-0.328558597233211,-0.26542010699728,-0.0917874419677771,0.0961541190574391,-0.00877965513443883,0.130903252413642,-0.195782405147223,0.0939558814805926,-0.147853085565565,-0.300317010722525,-0.268898633222207,-0.121066897413056,0.0367367151330692,-0.170391404615913,-0.352077912299356,-0.314744044029942,-0.16706515445593,-0.0802534895015221,0.150833158257207,-0.107213692890891,-0.18798043704165
"Frontal_Inf_Tri_L",0.356053474099139,-0.165343144083768,0.142637299829219,-0.267224333864831,0.218844371979306,0.198928499121759,0.395019059319872,0.088870549875049,0.304393239958318,0.117030413104368,0.75151876959027,0.292988961465651,1,0.534312078529409,0.612629865431549,0.418252977725999,0.0397207820824781,0.0055889920635508,0.20674784597276,-0.12683394306257,-0.0677156143901079,0.010872520168008,0.194037561447282,-0.0327790829196224,-0.12343881300493,-0.174714515836059,0.162385014125901,0.10903932116281,0.362412991365493,0.303733918538756,0.0542003417709601,0.022921072958161,0.0899441475850113,-0.0547780987447301,-0.0411566216064836,-0.221474067480592,-0.152786027915798,-0.222039608094671,-0.071494068480779,-0.170913470064442,0.164595646226167,0.0304074406159591,-0.20137033529592,-0.231864642520079,-0.198784129548419,-0.273830592484741,-0.210249412345252,-0.179644618317042,-0.272778220477409,-0.239553281990781,-0.224203344924053,-0.250886325494191,-0.0690376813036161,-0.189685375999213,-0.133356129805077,-0.201411815705977,-0.107587344972875,-0.12634951813392,-0.108148408053315,-0.25916444406003,0.294771724242393,-0.0244029397848852,0.224117475258308,0.174007344089815,0.142028149720889,-0.036365353806447,-0.139894330338089,-0.26590792706867,0.070553969358467,-0.127592379853275,-0.00718639286656574,-0.0391315666949722,0.385179779713955,0.379684078250103,0.23357394872844,0.205184098340565,0.0599463831499268,0.0539611266052315,0.194407362412283,0.192997888413906,0.0814116157572665,0.275039480744215,0.309807942760339,0.0702040601214249,0.257416612284455,0.0576100972393621,0.131189184627984,-0.0599431840081057,0.215408399074375,-0.176892357657825,-0.132184233697278,0.00255080044098416,-0.0833490745020908,0.0230709038735121,-0.130918782276959,-0.148920951821963,-0.0858516847999846,-0.0704585430986565,-0.186404908934995,-0.044677055104871,-0.0936736658184428,0.107819269856604,-0.155677192362299,-0.0203868519561578,-0.128901121831993,0.032049242815676,-0.0057329910793327,-0.00971753480366716,-0.152402521933742,-0.134569010579034,-0.183096404759277,-0.108126613938565,0.0337359875826885,0.138507931056795,0.109478598937445,-0.0640813963142557
"Frontal_Inf_Tri_R",0.25018675548955,-0.0983062894823728,-0.178576814628849,0.0853315503822944,-0.0227736811360612,0.296734546692086,-0.0530035534146451,0.359641656658582,0.155276769245793,0.296371488541096,0.539890489473943,0.694543179796644,0.534312078529409,1,0.347475177020599,0.505394513625389,0.163224008336852,0.0420982488456371,0.101024657766982,0.0147437472303478,-0.248018043902283,-0.187229638350708,0.0965729261217233,0.154113613072494,-0.1199599347478,-0.0658018923562486,0.0856821153048937,0.00708565770405442,0.334518053004503,0.411608652331642,-0.041158446849737,0.0358782405677962,0.0939101146894636,0.119011854595714,-0.174530231102129,-0.192484602151749,-0.116014841012761,-0.136932840237725,-0.0893840007950514,-0.0976335714076994,0.257821778918141,0.177236182280023,-0.17911568550483,-0.158859835089159,-0.192186168616591,-0.10715113818689,-0.178286125526588,-0.179152452876033,-0.221977686204376,-0.0113220651162998,-0.139831577310543,-0.0177441830675993,-0.00655051150589341,-0.0960073205384428,0.00871826639763454,-0.063595858560176,-0.0712072780293728,-0.0232074996174667,-0.169492365530997,0.0496593516236897,0.0748457292348549,0.240009762164972,0.191473370256879,0.405237566541244,-0.00653800399420387,0.185552690846216,-0.187923927278547,-0.0888488905069328,0.0502105385581039,-0.0836408211474481,-0.261631003268978,-0.235550825229306,0.21419978162622,0.406209600571983,-0.00841639509655472,0.375666576904706,-0.147509179264139,0.157465084083689,0.0916002886362286,0.166521574656844,0.0972333902110329,0.300187099283241,0.201302458767046,0.0990678741943119,0.149548575362899,0.337899558663085,0.0506508394703819,0.0344250421442718,0.0844566643263972,0.162567373605578,0.0359782565062413,-0.118798484318642,-0.0962907743051742,-0.270390834499646,-0.169950072229533,-0.24029015335245,-0.140943212300948,0.102556970870875,-0.0162006643013403,-0.0630913846734028,0.0399762693425088,-0.218164251476292,-0.0812634349173619,-0.251075498343168,-0.29011486177558,-0.283716293074253,-0.099833460241733,-0.0720014620162218,-0.21821218235356,-0.314438529050609,-0.264847575388522,-0.212344788601536,-0.177473603701645,0.092589000534736,-0.0556353807309806,-0.299578431538823
"Frontal_Inf_Orb_L",0.0363100866863584,-0.301441405753492,0.182728295218162,-0.302892746569482,0.281669769022071,0.242525941723651,0.113306558783727,-0.134098693997689,0.309392417264407,0.235553516984968,0.470949303145205,0.145712006262645,0.612629865431549,0.347475177020599,1,0.665827890016064,0.000665590709100454,-0.0312686733361371,0.0673576195710598,-0.125627778807094,-0.0380797604845797,0.0610233958507775,0.329397559314475,0.200605226233175,0.104401485866598,-0.027882664536362,0.201949559088935,0.0851365041199404,0.442087382091555,0.304436532309159,0.153257808602436,0.116948374962823,-0.0195503636853816,-0.147862670419756,-0.0382792452417252,-0.20872599607585,0.0981751271999408,-0.0116052989813146,0.0616337737770975,0.0435552633048347,0.321600724916229,0.182473003269717,-0.158401183068831,-0.203008482442154,-0.226775489681178,-0.299145236476702,-0.125363253750436,-0.0973203973971516,-0.221218109588058,-0.174921346651247,-0.201978706070159,-0.188575394310539,-0.0591728255987981,-0.0949578108856878,0.076471937907888,0.0348509563436419,-0.273219570951947,-0.221013852835768,-0.243792157826161,-0.385432967307148,-0.0598210065903155,-0.188153132809492,0.137130991659477,0.141055356418857,0.0410867979997346,-0.201728941641318,-0.241677394083585,-0.412343746057727,0.0257386492936056,-0.0482154833067015,0.0368157168231928,0.0430645415243893,0.354109790820836,0.342755729078082,0.246453768179893,0.171065984165595,0.0342717692874754,0.0201346682676069,0.212454994493323,0.103161231754375,0.206485269175451,0.317667878520839,0.646881013367442,0.387232085358313,0.341277707977628,0.154457784726233,0.459662275041633,0.219568065260996,0.231653309631303,-0.154776717347358,-0.223133982203737,0.0296546320916794,-0.123242588359293,0.0523500076490295,-0.0461941325951747,-0.0197027420537634,0.0516591581267835,0.172667001955609,-0.124320078546379,0.019341434542654,-0.114867513638011,0.0771803992238188,-0.0644047012013983,0.00855305899317979,-0.0809898970615569,0.0146070276847273,0.0414673104232093,0.036053748895482,-0.143678184925536,-0.105568075759586,-0.131366252497857,-0.108542192619454,0.0171966775102842,0.108945976103369,0.117080969843842,-0.0920055969434903
"Frontal_Inf_Orb_R",0.00988080621886691,-0.129543621964651,-0.0889360831651519,-0.0566983988137484,0.159411812841073,0.369076960359356,-0.0961405167560901,0.0870007001755047,0.114643988535005,0.394343938288584,0.423081514585624,0.41080017890483,0.418252977725999,0.505394513625389,0.665827890016064,1,0.250495648585116,0.12484790574668,0.168744239265906,0.129452558629121,-0.0652317590839131,0.0423308116141735,0.200519320012947,0.202530413665256,0.0983932898152876,0.0981407567463771,0.162564726290148,0.0943957522978882,0.570449601502094,0.611955942708569,0.221016214787033,0.160067099277573,0.0893187358757618,0.0555552248153714,-0.187247257572352,-0.247750274289371,0.185299050210111,0.1136361615273,0.0809689122309323,0.124873486352807,0.358071500628574,0.346189107071293,-0.226696482168297,-0.237365013857168,-0.194378642513123,-0.344310284305658,-0.148746583524281,-0.181586787244724,-0.237636312448296,-0.274282009637727,-0.247412594559239,-0.28886046212943,-0.0409672163437055,-0.171878377489984,0.0440397185463764,-0.0140497964692914,-0.213266693902295,-0.125008092676285,-0.37552342009112,-0.294468795834791,-0.147492219881781,-0.0611517054955728,0.308090725193782,0.331848193055734,-0.158358306110944,-0.197326524565074,-0.385704461377712,-0.422317263086818,0.0338459053208437,0.0473966432547862,-0.141705530598925,0.0149624895453644,0.340667683472731,0.450692716515903,0.195588526481637,0.329235992640307,-0.0780046058645933,0.259527647225297,0.339524588602335,0.255669498324365,0.393507783580955,0.442151228823473,0.630973629977927,0.568922303857279,0.320180947839686,0.288912399448614,0.338478077544078,0.200139443246045,0.0546036698474372,-0.0200584729104045,-0.0437022840769415,-0.155691764490889,-0.164897959895746,-0.181671352766071,-0.160550403837438,-0.232833932518656,-0.0749093305463298,-0.0133260713860153,-0.0112047588994219,-0.162909095700484,-0.07681868299669,-0.162879833317496,-0.0438267176158498,-0.165704155673458,-0.307135683424558,-0.229536624898184,-0.0793020994697923,-0.0887733635693426,-0.289139316421056,-0.354017399803872,-0.303811385178582,-0.17210683996033,-0.100573788384171,0.0378912844602309,0.00533968644568128,-0.25662257148025
"Rolandic_Oper_L",0.359671242305726,0.37759366779235,-0.250344005097376,-0.0726850953269883,-0.11248601235747,0.0531065612086692,-0.291210522470975,0.0119922008116934,-0.116973372090238,0.0321143345089381,0.375104816848377,0.285447613693723,0.0397207820824781,0.163224008336852,0.000665590709100454,0.250495648585116,1,0.694261736376921,0.328285088772243,0.301269872604117,-0.0227762860984496,-0.126825619364458,-0.0696552651362572,0.0541416238619134,-0.119099431786915,0.0523805963987544,0.0121555819132349,-0.0408221983465432,0.472105822554943,0.599637235253064,0.105594730429623,-0.031717748488027,0.202515909592053,0.0163634109100757,-0.189162900299659,-0.308476189155963,0.135578521265066,0.20045915284424,0.0996808661433394,0.213351648056568,0.38824141667787,0.287666259643758,-0.0714648238905988,-0.00473902939558541,-0.16983623144898,-0.233683884096121,0.0241027056336513,-0.0435597081063718,-0.295742514527305,-0.321332296132605,-0.204571799077673,-0.194187124474254,0.0391032116158231,0.0131381481385895,0.0324087271220924,0.0983696048518185,0.466187525499777,0.0184383737583074,-0.301364007129914,-0.241622931712768,-0.0467538614455814,-0.0756365292816434,0.458589357134219,0.217597036264963,-0.127000856194852,-0.148636363553696,-0.316545647583812,-0.268566233131142,0.00649827800138187,-0.0691265384680873,-0.21873444548291,-0.0662754910816479,0.289941331415462,0.420335902196628,0.071266616151341,0.320814746447479,-0.118798693585945,0.20332913856803,0.645076983387037,0.403842358429796,0.712804389836154,0.494965954250925,0.204290886531169,0.314538768196376,0.079459575885476,0.142861376216873,-0.0645818386026073,0.0105349771697737,0.0959664429257675,-0.0759370784684425,0.0402456786775446,-0.21335549869895,-0.143527840612533,-0.32714986847122,0.0010494248406301,-0.145321046355779,-0.0248007746424723,-0.0511454978671175,0.159236874695088,-0.00421754354733771,-0.106238833500743,-0.303054265386211,0.0175309568733836,-0.132386747876788,-0.296176574208466,-0.232158373328665,-0.0596879264302144,-0.0729248965124389,-0.161155101320438,-0.214642655368765,-0.132917906894046,0.0740511111760596,-0.0200095089444817,0.0396899856762256,-0.0473712161103873,-0.119422879571733
