"","Mean_2001","Mean_2002","Mean_2101","Mean_2102","Mean_2111","Mean_2112","Mean_2201","Mean_2202","Mean_2211","Mean_2212","Mean_2301","Mean_2302","Mean_2311","Mean_2312","Mean_2321","Mean_2322","Mean_2331","Mean_2332","Mean_2401","Mean_2402","Mean_2501","Mean_2502","Mean_2601","Mean_2602","Mean_2611","Mean_2612","Mean_2701","Mean_2702","Mean_3001","Mean_3002","Mean_4001","Mean_4002","Mean_4011","Mean_4012","Mean_4021","Mean_4022","Mean_4101","Mean_4102","Mean_4111","Mean_4112","Mean_4201","Mean_4202","Mean_5001","Mean_5002","Mean_5011","Mean_5012","Mean_5021","Mean_5022","Mean_5101","Mean_5102","Mean_5201","Mean_5202","Mean_5301","Mean_5302","Mean_5401","Mean_5402","Mean_6001","Mean_6002","Mean_6101","Mean_6102","Mean_6201","Mean_6202","Mean_6211","Mean_6212","Mean_6221","Mean_6222","Mean_6301","Mean_6302","Mean_6401","Mean_6402","Mean_7001","Mean_7002","Mean_7011","Mean_7012","Mean_7021","Mean_7022","Mean_7101","Mean_7102","Mean_8101","Mean_8102","Mean_8111","Mean_8112","Mean_8121","Mean_8122","Mean_8201","Mean_8202","Mean_8211","Mean_8212","Mean_8301","Mean_8302","Mean_9001","Mean_9002","Mean_9011","Mean_9012","Mean_9021","Mean_9022","Mean_9031","Mean_9032","Mean_9041","Mean_9042","Mean_9051","Mean_9052","Mean_9061","Mean_9062","Mean_9071","Mean_9072","Mean_9081","Mean_9082","Mean_9100","Mean_9110","Mean_9120","Mean_9130","Mean_9140","Mean_9150","Mean_9160","Mean_9170"
"Mean_2001",1,0.524961019214676,0.463517240469502,0.71671227515593,0.428546923094563,-0.204293075260258,0.58305817393639,0.245740859838197,-0.292803878385356,-0.102518086295081,-0.324029839677796,-0.247303276662042,0.109445253184087,-0.0219344259174463,-0.14340844395134,-0.257961037413852,0.0874773163963369,0.387752246189294,0.23313094891421,0.205015078181702,0.261597600719301,0.292990132822701,0.230045170708554,0.161495555725487,0.422227581608945,0.195848366810978,0.157577960634432,-0.170384850645659,0.0147512019486356,0.115136487351115,0.441175862186637,0.303954838567433,0.669277583320925,0.550353669340335,0.464020469257042,0.45871862082969,0.0442899973629408,-0.208039802949369,0.253668185875745,0.17223390932406,0.693418534294911,0.654386086323391,-0.781520770278543,-0.534671931270672,-0.697025133024915,-0.865220260672169,-0.7370059032606,-0.553575292415325,-0.724681394854713,-0.902144332899239,-0.393080535833515,-0.664230177704061,-0.700122866610297,-0.835232870605287,-0.43063673075824,-0.52680345168923,0.716600914975067,0.475040775217444,0.0634664710970823,-0.408390191732311,0.492399291013076,-0.162465061042439,0.557554938957123,0.00777115233512623,0.696068775236837,0.609354324025528,0.228679529111048,0.198792811462111,0.916211464564241,0.561816774521708,-0.293095674690153,-0.621572394052153,0.486233089448747,0.461584742367321,0.473700073445791,0.223986077069451,0.423388197819496,0.33523195664744,0.164468324555379,0.602980404754509,0.360733073963284,0.47314997561891,0.113290704701322,-0.630921113735513,0.335882784058912,0.778174293237679,0.0729326730337365,0.153344484090195,-0.0948190539590878,0.416083769132021,-0.587208569289867,-0.318833931201252,-0.331108750125036,0.387597455099578,-0.598172857150739,0.0552345163574089,-0.261956169610412,-0.563047002534875,-0.334569367773859,-0.789228842793928,-0.474955909377945,0.442195590502098,-0.344519642607088,0.389153636641082,-0.093658948615064,0.2584723302754,-0.0895720823148959,0.370472773156061,-0.531544119615134,-0.595819325864987,-0.166045627334302,-0.888945503997466,-0.652847450442256,-0.248078024483822,-0.554914383315999,-0.150746581652824
"Mean_2002",0.524961019214676,1,0.0210762948613893,0.607704128277859,0.220437644070839,-0.193469354564826,0.22702709578677,0.676711768050507,-0.309328442910295,-0.324351607728073,0.224905236906424,0.512754959687267,0.459547516730758,0.626190303378783,-0.403694414563519,-0.849701678255848,0.757285059389418,0.88574778993729,-0.283414235418564,0.439415241828222,-0.102826693056881,-0.131542115593188,0.054735915410784,0.177385642559196,0.188268854638085,0.196380796020631,0.149053331059548,0.229597350364119,0.676631475283134,0.820165418336693,0.185661171976021,0.224149748763545,0.776849224852215,0.798934099179104,-0.304337100523511,0.0449109976031442,-0.59841758930619,-0.658492834405593,-0.576671451853889,-0.488999798933159,0.159662278755532,0.296008576219647,-0.40346983786206,-0.422740122812352,-0.3062636060915,-0.261203102140638,-0.373357876339742,-0.372767187685777,-0.467567687136956,-0.41240710746342,-0.524385992086274,-0.656122295001552,-0.56849329887762,-0.385318357616236,-0.734351740370475,-0.698955059120759,0.613326475229877,0.778200506843971,-0.34893493541791,-0.313444432502619,0.796607421887987,0.387558323394361,0.807076139402615,0.744847640329957,-0.00811916883443198,0.283226203774809,-0.194991543663891,0.0364588437372738,0.575661034826379,0.797430713004325,-0.570400766108869,-0.6624130794598,-0.0187018332790416,0.618065958209973,-0.409268533483714,0.0599896834665831,-0.153001268532217,-0.0967572309508698,0.430682946284408,0.554452957281919,0.818119103873815,0.68074694442845,-0.0105628266924262,-0.193723821393787,-0.397879687178888,0.0964628918044401,0.0744889291903967,-0.404503714745082,-0.541067740529068,-0.234318595253448,-0.434025546590164,-0.445423306661094,0.278491910191841,-0.302351422177427,-0.880673138529699,-0.692612179992973,-0.369980116864402,-0.220967420128763,-0.035913552424021,-0.508149896546124,0.193225153395735,-0.205728544430121,0.00104810278263892,0.433680751628671,0.0907397530442297,0.017955395326458,0.286992939289169,-0.0949653613731181,-0.869725806905629,-0.803622395880309,-0.797191293404821,-0.404557533779844,0.291522338691517,0.0349901631327102,-0.577651176664272,0.710025338497434
"Mean_2101",0.463517240469502,0.0210762948613893,1,0.597340189021442,0.921205168388583,-0.493392445197891,0.926093949308989,0.148836948729072,0.649074890647248,-0.570260386227289,0.388246843490263,-0.0982937330226281,0.590059889716087,-0.0652289154989078,0.755116067966427,0.251564867609761,-0.192227674053302,-0.236395987597279,0.362851865853023,0.117934727139811,0.879467910348998,0.685643878980485,0.892052836801024,0.793851870662893,0.900439144897267,0.686774332662568,0.824983850840782,0.542036260676409,-0.251569491148726,-0.236658488277997,0.896568908211287,0.578398834750809,0.263517043589213,-0.0151221322752321,0.16521484680633,0.109126734937563,0.315408515004911,-0.0409491090314754,0.54966203392863,0.395280398807986,0.667150184438672,0.244066687912366,-0.542943045199945,-0.196014259455409,-0.82550931774568,-0.694970313942413,-0.691320390553771,-0.118913887002109,-0.783539337122371,-0.554411822331068,-0.264651996617455,-0.289626364548679,0.052617780981237,-0.0600964776428674,0.0749366972824235,0.16995448394675,0.226432061596936,-0.15323879118663,-0.439460358889699,-0.845004344028793,0.0649171589022191,-0.688349800442138,0.262253257565949,0.0387632881838143,0.870265585151879,0.348139469180193,-0.350564291514088,-0.614103861514965,0.631710208002486,0.534322270281242,-0.148219511103492,-0.227637786259604,-0.0894439665096232,-0.139514836114878,0.431696126244149,-0.258285751086595,0.145907473890448,0.0711081261949137,0.197075047521816,0.33473841020431,0.0168002288350124,0.402673477058342,0.795247700593632,-0.194055401131643,0.844720044710999,0.535302049088639,0.849244880771604,0.877262105563014,0.645676265313403,0.628878492532979,-0.530376234671005,0.0580428662447335,-0.738126418286272,0.661805941257604,-0.172951256373045,-0.138315177392651,-0.324444450948581,-0.512881029536481,-0.926758756259236,-0.647110302043519,-0.769664852064821,0.391158805614009,-0.918223650585991,-0.597435301404727,-0.708361749749347,-0.436120891808296,-0.80328986681223,-0.367132708726449,0.213861358235832,-0.022110470439864,-0.0395406687201304,-0.377543655165766,-0.592482650109411,0.313119738990942,0.1156761968702,-0.403323299205749
"Mean_2102",0.71671227515593,0.607704128277859,0.597340189021442,1,0.528323561158348,0.0153579842235788,0.710271423075955,0.779069250503365,0.112902871803446,-0.250994439166452,0.165542275706153,0.153460299744848,0.48527928393589,0.244382370444611,0.268201409816399,-0.279079012927141,0.463492152876023,0.478889665361367,-0.250970775206411,0.314716974609663,0.314484930583745,0.365263407486153,0.665833178629396,0.676873590888271,0.605314133793733,0.470516838350112,0.38196945689501,0.319080738393836,0.450063043496552,0.474314895913629,0.802665245894916,0.81212317254589,0.847565639598329,0.68607414309497,-0.172147764862867,-0.135171711226122,-0.0414699435449739,-0.450624180082679,0.0573260413600802,0.217755251809283,0.737022245125916,0.785499080205601,-0.894524813364594,-0.749082884963815,-0.910378332377651,-0.843994038179146,-0.915815980638554,-0.739805940660583,-0.915266340174791,-0.857440911670058,-0.733340951489297,-0.830422399211217,-0.657245865448249,-0.587057163973092,-0.691184790548688,-0.572234971764343,0.747554221607236,0.556407676255126,-0.377337566757986,-0.837077254592285,0.363483146854564,0.00704455332443979,0.878999840688868,0.552938646572096,0.627414499612968,0.576347952851378,-0.460557599424412,-0.374025877285817,0.772738040517802,0.848942901402704,-0.119309146579818,-0.283800163920041,0.335587740494367,0.676319803039367,0.280257337780636,0.174612858141237,0.261692867848227,0.223625783261001,0.575596524775056,0.806160458286663,0.719777619037167,0.775749741073036,0.638424214636545,-0.220758591403997,0.225491443621457,0.277108576324862,0.538897362042149,0.295776931230516,-0.138178132742952,0.201632978044948,-0.874633890940756,-0.643144529583384,-0.584307923673734,0.00943595450578349,-0.594716380054673,-0.300245601217362,-0.340368721037994,-0.574977129937494,-0.700791395914173,-0.968710925798305,-0.550090943192115,-0.0895672074620236,-0.690979833047461,-0.0911982253637102,-0.580384812848258,-0.364514739975582,-0.0973875003325215,-0.0382174589607419,-0.432106640465612,-0.551064266430389,-0.640770405914139,-0.667138556981051,-0.282388358971605,0.291904986072806,-0.379364573917109,0.0431914836326045
"Mean_2111",0.428546923094563,0.220437644070839,0.921205168388583,0.528323561158348,1,-0.717275650387205,0.818449444759514,0.127960887420057,0.541016569904714,-0.770020526110616,0.50038104165767,0.00412225883684307,0.670018276547305,0.0798930452343161,0.570271303522132,-0.0559876465844908,-0.00551670271739483,-0.0413633054081914,0.407314320103684,0.255993073227175,0.871746397530877,0.574508879769331,0.777512993169811,0.75479347778184,0.922617045536135,0.765542246284988,0.942587737938438,0.680905338786994,-0.186265350713041,-0.120135481323656,0.789271743909029,0.458790911886393,0.289341085659098,0.0721326678226432,0.146249709913393,0.262604055853224,0.0941977866465811,-0.142081127354753,0.317404968253503,0.0781699805045126,0.486836322868455,0.0153481497410896,-0.446099224064344,-0.109732470528557,-0.692867622386014,-0.53018115822195,-0.606734555450101,-0.0126007450083054,-0.720616913914095,-0.410727583851625,-0.246945164659383,-0.264790721799722,0.089323255998248,0.0613895847440319,0.00189005916929414,0.122586892537449,0.242954167538706,-0.102412477324954,-0.538182099197799,-0.802917802204187,0.185600587357089,-0.664300909865292,0.302439309809185,0.163522548171886,0.674025071348189,0.33616547831875,-0.359695252111275,-0.574529706511367,0.638585558510012,0.619858838915914,-0.290533759986923,-0.39120139212831,-0.301924535345715,-0.24622098593776,0.19610243542025,-0.255044256950549,0.0227718625702448,-0.0940313423120231,0.240741580155007,0.330876005375829,0.128368469472492,0.478993058842257,0.68694164639829,-0.235804437736434,0.676567608290522,0.471805464405359,0.834704519805408,0.686199312903292,0.605514713582988,0.451497141940625,-0.455944601667439,0.0736031358437188,-0.465407251881674,0.563382794419498,-0.307022522608952,-0.424733480059451,-0.452971080973785,-0.478533929824033,-0.807227221723175,-0.542089040490957,-0.592681347654915,0.318534125043022,-0.754619115488992,-0.502768182221755,-0.530002364836384,-0.299684725264745,-0.834789117840107,-0.569719619837118,0.0840405143063229,-0.1225738080024,-0.186286903378999,-0.345647739434622,-0.399082269190197,0.276913373994055,0.0819739568359484,-0.085397761706408
"Mean_2112",-0.204293075260258,-0.193469354564826,-0.493392445197891,0.0153579842235788,-0.717275650387205,1,-0.436270947739376,0.32310022784866,-0.241583583355744,0.800327943303192,-0.369099284126781,-0.0664851279259271,-0.53908945322565,-0.207414984919893,-0.125378320080361,0.183963585352903,0.0930157463523955,0.0233277322674829,-0.557004408863822,-0.0541020198001805,-0.714765289011003,-0.3792923539841,-0.205136302526158,-0.169861824126326,-0.589440663825182,-0.505818548462512,-0.739367748148136,-0.498627801460891,0.301669287514556,0.182088269676989,-0.1663194025061,0.231658060358481,0.120920607321581,0.226832480892122,-0.294511564683452,-0.520678313744827,0.0164721013554639,-0.0445832741702358,-0.166318530437479,0.252874868629484,-0.0928555628320067,0.481140997804134,-0.10546511899943,-0.333312871724656,0.0868566852737785,0.0141931395463369,-0.00430092170429788,-0.522450109661984,0.239423744510278,-0.00960740672884252,-0.119869030701393,-0.0387464649799485,-0.330564771247278,-0.255324493361271,-0.354139262840202,-0.329237923851953,0.0260926801147456,0.149500432453082,0.435655846246556,0.240306588079129,-0.352010582173154,0.529210294986544,0.109087026617348,0.0606804780772514,-0.231964229518987,-0.00543124588999324,-0.0338679327866948,0.225768832711118,-0.419369581294728,-0.345841911741133,0.544669113135265,0.624336208362301,0.563105909602146,0.561081929387381,0.137412212332936,0.400665016074386,0.169977443826529,0.195049392383053,0.0414783130611598,0.018418554028647,0.134053167250681,-0.040890066322403,-0.0802468895209089,0.388367320245384,-0.347138636935942,-0.45355928637844,-0.375787906679502,-0.259003125038102,-0.501160514344292,-0.254941998015027,-0.0306858889061805,-0.482184948948743,-0.186545174369318,-0.583386582255059,0.243255722314245,0.41853566854339,0.235747983243093,0.0823225204825702,0.252103011723252,0.0291247673343885,0.0549147890212907,-0.521060184307355,0.198719529448476,0.142806808220841,-0.105575445841336,-0.134596670340639,0.681622496112278,0.487243069521627,-0.000117565279828169,0.023707351105905,-0.0888456504910699,0.0374252931136888,0.151192156463353,-0.0235385550854518,-0.134092597701593,-0.162401373355648
"Mean_2201",0.58305817393639,0.22702709578677,0.926093949308989,0.710271423075955,0.818449444759514,-0.436270947739376,1,0.32115126112507,0.582042518413141,-0.531349902403302,0.391169758184084,0.119903757844859,0.705528292749057,0.152762945022157,0.648662074378806,0.184882124331469,-0.0909696211425391,-0.0692110617659709,0.214424915254096,0.0697204748103817,0.77778960377336,0.66820581852367,0.845605541613939,0.715177063849584,0.826387925166964,0.598681599433356,0.698209100210389,0.468457972825575,-0.0380336057890744,0.00226048612031795,0.862915214173487,0.547419382529702,0.3946434617956,0.0965471007568069,0.0296264269629547,-0.0143673372707215,0.232818735667946,-0.161718118008675,0.460784194143024,0.390462272898849,0.750171631125043,0.396192876259265,-0.56611945315005,-0.277760726034826,-0.848148844127737,-0.740882930372979,-0.674303535317794,-0.14342011099185,-0.856370110925785,-0.683756829193356,-0.373875982489511,-0.463002629323526,-0.0859519667248907,-0.211115748041021,-0.00583257979695058,0.0375281292097282,0.329408394460265,0.108037480415745,-0.494770628384345,-0.814840626157632,0.361091238075258,-0.469933893472156,0.41147927435786,0.188159532725601,0.88723483916651,0.316234467992528,-0.324403993631273,-0.556959276851875,0.750994328647205,0.689894059113252,-0.372804918754065,-0.410078135830576,-0.0173674755404503,0.118360414462907,0.31478610610414,-0.352782612154332,0.0754993434435524,0.140267348359184,0.235406718660412,0.412893593337299,0.146884216659943,0.441295426684133,0.696707926333903,-0.223679987830427,0.717599201263607,0.598701829869889,0.752851687333359,0.755190583441954,0.425797112437094,0.649295919877863,-0.592704648697596,0.0411848442296009,-0.650327408187358,0.626803511513446,-0.381178509609116,-0.165349090137532,-0.2491164160965,-0.443260638186318,-0.864331230354126,-0.752407400130479,-0.626117689653117,0.433875666908649,-0.889157811539939,-0.416199658318697,-0.639237731712049,-0.479680851246591,-0.578545769113206,-0.196874988379663,-0.0363847591649659,-0.202948462042112,-0.137669345319985,-0.391390577145654,-0.517743418435459,0.325629326332412,-0.0407175295429406,-0.321553718312204
"Mean_2202",0.245740859838197,0.676711768050507,0.148836948729072,0.779069250503365,0.127960887420057,0.32310022784866,0.32115126112507,1,0.112331841832517,-0.0917809372255608,0.398655646865193,0.570347472826772,0.486521080420118,0.501041345257507,0.122375172306261,-0.434896095915652,0.726298956031843,0.610183358936178,-0.648063415164635,0.372690012222908,-0.131151613614739,-0.034292831974971,0.460740077577701,0.569221666725122,0.207160317239364,0.231880929416719,0.108112403806033,0.357569108226195,0.813433629403523,0.822390604840164,0.521785801968072,0.717738221818473,0.789632279548513,0.738726376655446,-0.703509077225531,-0.555054750060673,-0.382855538813145,-0.658281019134149,-0.442372522125538,-0.0772029188851438,0.290568076148751,0.592054060335571,-0.537826243908416,-0.618759008332632,-0.541474579559025,-0.365565793177602,-0.549155354852938,-0.631860107103449,-0.554833793291517,-0.436139648809975,-0.691815522460686,-0.663816399395482,-0.50589515333358,-0.271681811968601,-0.796921111361329,-0.625784951115252,0.509723762474699,0.63483381724012,-0.431637513975194,-0.594919604886654,0.385037237412302,0.435014775468467,0.882065500593573,0.89691006346349,0.108342893043285,0.237597117494953,-0.648813859799595,-0.379229794327711,0.310713165901021,0.732551070607835,-0.135604492473793,-0.0715275842127032,0.126414525067558,0.807895369896535,-0.236500648080064,0.0715758165269092,-0.113926024610587,-0.026347680381452,0.597717470625186,0.596272154130356,0.844093963069392,0.749644408073602,0.480943898667627,0.246461962560222,-0.265480856578518,-0.272356420237036,0.38706199957042,-0.0635235793188053,-0.481639880660018,-0.215608897335402,-0.629598981538827,-0.686042391815138,-0.246844525784434,-0.501130810379649,-0.57965512988762,-0.53404442585744,-0.280472643264351,-0.265222848184547,-0.384432228683341,-0.643720494755112,-0.0896199608103571,-0.569732593085555,-0.383104124890255,-0.0713345938839104,-0.481281310844864,-0.568797167912036,0.316404976392005,-0.161667547844695,-0.517690068917283,-0.554805525984881,-0.890730654231249,-0.232337298786868,0.329033738270107,0.418914346786617,-0.350891439706457,0.407583272841137
"Mean_2211",-0.292803878385356,-0.309328442910295,0.649074890647248,0.112902871803446,0.541016569904714,-0.241583583355744,0.582042518413141,0.112331841832517,1,-0.415956100464812,0.767538927636612,0.282990149737523,0.620370079611927,0.0450006446515175,0.9205970669061,0.501599492148755,-0.299611371522802,-0.557702682257154,0.135517456755389,0.00712278980359202,0.597004374588464,0.385324743725136,0.791917020963423,0.719240070373324,0.500753907755981,0.422967409606842,0.625418118882689,0.634839597477319,-0.173984307865569,-0.210481356358025,0.607572076799173,0.359534026686597,-0.153071596804338,-0.384286657522434,-0.363907877810783,-0.41213594882023,0.166924062690377,-0.0519193896089752,0.269405757844671,0.259647736733917,0.130942149916345,-0.187201876522239,0.0962709279250382,0.252576375194648,-0.345299558824705,-0.0505230419736304,-0.100466832459972,0.323047258553784,-0.252126136714697,0.104010796416769,0.0511457120651559,0.217853668100811,0.631321923919861,0.579820971613512,0.403799370316266,0.525795783690899,-0.399260485057125,-0.458192403943114,-0.497514341087575,-0.537692180387902,-0.112460334661948,-0.494812355197117,-0.10595665667184,0.156365259916418,0.404769560681464,-0.25776629631259,-0.530083909422458,-0.772132800998722,-0.0725987802427908,0.166800447015166,-0.122432444982794,0.160514139069098,-0.499585510499508,-0.341967657759035,-0.0640091868660182,-0.655680473895152,-0.377364107023687,-0.26720023312526,-0.0140014134512344,-0.208397567546005,-0.264779164750615,0.11556139198654,0.710499550059245,0.471994454734446,0.598063794894598,-0.0331317930339244,0.815914286224078,0.803958054986048,0.614234299264732,0.377991707188296,-0.0430160689575168,0.386636044293346,-0.497987251288018,0.39123858102521,0.137175250107432,-0.208267031312502,-0.159743525393594,-0.0765846357581728,-0.686752888666352,-0.0964269391602293,-0.356315249639005,0.0484837226662298,-0.717600823769526,-0.898589349228161,-0.735520220460829,-0.835696211937114,-0.611149040575386,-0.600207065099055,0.502517462466003,0.306880730627112,0.0349411265518496,0.353800067346183,-0.0331621649280949,0.508032504661472,0.4240429416093,-0.32541107011723
"Mean_2212",-0.102518086295081,-0.324351607728073,-0.570260386227289,-0.250994439166452,-0.770020526110616,0.800327943303192,-0.531349902403302,-0.0917809372255608,-0.415956100464812,1,-0.595024704067527,-0.431944569906885,-0.805074350910822,-0.581142708673604,-0.358175143780703,0.192167353938229,-0.299544078393191,-0.217697183082149,-0.0531062900252995,0.101598689721345,-0.751985097689036,-0.604495268075929,-0.463220206491496,-0.468223637926382,-0.807628576893493,-0.872698065923835,-0.890683004717405,-0.861929528587513,-0.155090084846592,-0.185857201223918,-0.448461727106357,-0.229623321056343,0.0119840037034737,0.131791305182589,0.143352866397595,-0.0183520849667679,-0.0986252277682141,-0.0669628273188321,-0.117995996906886,0.0526855623021296,-0.294743425850183,0.255606923757244,0.130985526313059,0.0817268944590828,0.239564749570692,0.0698060368137664,0.217976586950314,-0.332013458888596,0.509682452086384,0.107590521103646,0.389393346616105,0.301391038148316,-0.166904014808762,-0.353414342243319,-0.10729716729752,-0.347456668205938,-0.253135759581408,-0.150684614521122,0.854654883035655,0.55257120566768,-0.269810240893611,0.219026016360348,-0.277512420870471,-0.326745073735809,-0.21188696997704,-0.296214082668347,0.517594405913599,0.659259328290717,-0.463545498833526,-0.623789618045518,0.378798129818837,0.333620618518185,0.425741675397729,0.300048887566043,0.178532609992507,0.215457638591979,0.0309706748657283,-0.0387796286769279,-0.492332173382894,-0.341731993901008,-0.256340647224807,-0.151990169225725,-0.46317875007177,0.313758997344396,-0.242036545936135,-0.192305621402949,-0.640590203823301,-0.279301638483597,-0.53194759439083,-0.28227253875073,0.370716821348768,-0.154637634695421,0.0212165638084041,-0.260398588034762,0.170244703241139,0.60331185456183,0.0425379029176593,-0.116945382907482,0.491562176260426,0.177417759122076,-0.00147012906512913,-0.252584116635482,0.382485231359872,0.35273448292437,0.099316527957534,0.181909314509411,0.629685793596807,0.60394151213067,-0.102901232772498,-0.107864300754051,0.23020123049828,-0.133066318187356,-0.0758917963247966,-0.579192076256854,-0.403392006391544,-0.361411650946829
"Mean_2301",-0.324029839677796,0.224905236906424,0.388246843490263,0.165542275706153,0.50038104165767,-0.369099284126781,0.391169758184084,0.398655646865193,0.767538927636612,-0.595024704067527,1,0.67121863494788,0.814243630198987,0.447622553666157,0.538523565550219,-0.125953300179604,0.215367972424727,-0.0407687659907051,-0.0674420600025949,0.319696207803315,0.36274477537373,0.0609246052163085,0.603635112235625,0.677366044087662,0.394425406873962,0.418644350088903,0.638726566648971,0.810413632113197,0.240760686686183,0.293758622864156,0.435929298129632,0.265251284189743,0.117490833742867,-0.0046420660260615,-0.669724286837329,-0.400074128332898,-0.374969782454168,-0.460341708364661,-0.330136040428223,-0.314401354474406,-0.156001797280624,-0.352643551924389,0.192163963781726,0.252232512330821,-0.181502713716856,0.191108428167818,0.00190729967485378,0.314351766546732,-0.190226886020384,0.257277748845986,-0.0633107777573948,0.0937262690395805,0.517576386448804,0.64469456151835,0.0418679118249423,0.192392299111708,-0.281016588513646,-0.131345859345335,-0.683089585917424,-0.492568476028199,0.265269815560912,-0.178319729019315,0.182493900621517,0.635871362217445,0.0140300940008942,-0.33612995382808,-0.64476544497064,-0.6923419552186,-0.0645756251144176,0.44908507382332,-0.428110789273708,-0.130108630122369,-0.768823656727827,-0.165025207221287,-0.598360248193594,-0.663211205788659,-0.685992220612772,-0.558233159142884,0.150400936078211,-0.114227611266743,0.151523658506473,0.406217554223199,0.521199241147113,0.549350054926738,0.102848371900714,-0.282981179934682,0.740805706024083,0.338655260761762,0.221055980580683,-0.0658911560883766,-0.0115211512682744,0.217301959242413,-0.0205634659437999,-0.00278502984808815,-0.280793240055746,-0.765777213555991,-0.390701310644255,-0.0326801434410987,-0.45312704057482,-0.0576464824082873,0.0289672264116004,-0.288326758014354,-0.441886351525009,-0.644170850719805,-0.503423288400132,-0.772768350103943,-0.362408147296534,-0.84280067728977,0.0359947452906767,-0.0773926199495344,-0.458396043908101,0.386394735770061,0.4671851659492,0.49163604866101,0.167370724329821,0.326594473733694
"Mean_2302",-0.247303276662042,0.512754959687267,-0.0982937330226281,0.153460299744848,0.00412225883684307,-0.0664851279259271,0.119903757844859,0.570347472826772,0.282990149737523,-0.431944569906885,0.67121863494788,1,0.701804290153698,0.905392639206119,0.0630120440261695,-0.287088116039903,0.566597562886543,0.444649948997687,-0.58214368199049,-0.0700554671014007,-0.0655015787322753,0.0126986652045713,0.146282261263544,0.199536586592433,0.0801213827398535,0.261269076209109,0.17061836075452,0.538181818757277,0.750053341021012,0.772541915199963,0.0786052856908891,0.134068989637816,0.135849418025939,0.11817717936598,-0.849459012475399,-0.66069028206732,-0.342928359511562,-0.327317298994602,-0.497352704451417,-0.248104865612528,-0.0884236300129606,-0.0935349302991072,0.172407579738644,-0.0896351427895452,0.0960057849680403,0.306082785707312,0.163543758196528,0.235760990758054,-0.134485416627471,0.134649371299307,-0.407371290588706,-0.274670751885784,0.0837588922662818,0.36529791891629,-0.158119463472977,0.0211733081592565,0.0706830914806096,0.501579820987668,-0.703584099742679,-0.160127660401179,0.539200839077784,0.549018481507004,0.424531857131424,0.774692932359969,-0.274860099455917,-0.138347552392674,-0.566853542036096,-0.438534011788141,0.00158648384106713,0.508469106142995,-0.51277368950326,-0.165068477075223,-0.348654589604078,0.307882839524135,-0.734982508752733,-0.369965842753567,-0.472918653378118,-0.111661972909743,0.426464325308351,0.136597581053155,0.464995257172351,0.163611083055045,0.13034402105517,0.291975337483939,-0.413352179427895,-0.335825109358412,0.227533057496561,-0.233777060993273,-0.22226713564844,-0.122556281889717,-0.138716462770029,0.011691828860524,0.309973850207599,-0.374522503691222,-0.339340825807912,-0.639631641750908,0.124997724881777,0.45632557009352,-0.0199360464006558,0.0201268296466016,0.574978014960961,-0.279349498386901,-0.00153316376562798,-0.0672087444340636,0.00349887236052865,-0.489354245197799,0.260882241859678,-0.303919095532909,-0.280621985397366,-0.139502868645494,-0.536995770745154,0.504456714226539,0.719454720670551,0.59200186164737,0.122583943367457,0.634251115446731
"Mean_2311",0.109445253184087,0.459547516730758,0.590059889716087,0.48527928393589,0.670018276547305,-0.53908945322565,0.705528292749057,0.486521080420118,0.620370079611927,-0.805074350910822,0.814243630198987,0.701804290153698,1,0.683498840896169,0.50490622977677,-0.151306924372155,0.351447220612309,0.2186673331778,-0.156369679623293,0.0623759880267708,0.614428163529826,0.475447427194421,0.671010699762205,0.657162988939251,0.692951825769119,0.67962047474334,0.757919498261781,0.841533417301683,0.396331859397984,0.442894854946986,0.596625980997207,0.384831540535913,0.258138854275031,0.063502971253777,-0.516067101680441,-0.333521876494756,-0.104452120102219,-0.308510738585163,-0.050337546536823,-0.0436333584021186,0.343318845700821,-0.00771064678096371,-0.159713825330111,-0.109046708146633,-0.432581363306531,-0.170171515289467,-0.273585780326674,0.181891303945068,-0.5978500723909,-0.211638504142272,-0.434138412479315,-0.38742834953203,0.140307270421647,0.261534985486107,-0.042559291693348,0.122559686417758,0.181975165046837,0.264225505056543,-0.89255540055857,-0.68730984881289,0.508166327906994,-0.0786791053782949,0.454645729023815,0.638356061547389,0.306292768827806,0.0452161433988831,-0.657262645646953,-0.755683986390592,0.43909597579871,0.797273538224955,-0.546412001720376,-0.383432848021069,-0.458005297208108,0.0656419444814395,-0.340512724365933,-0.498693901520381,-0.322923041335199,-0.116098594280464,0.449824420297334,0.326320872469813,0.379928257470722,0.402859443149419,0.584176801567431,0.0313215334285508,0.186272459336387,0.073710844362856,0.75506492387625,0.353726357562081,0.237651751123642,0.205563969288056,-0.423051864732161,0.0767107878773021,-0.142029338280179,0.172557822313566,-0.431172263570514,-0.681226089330547,-0.173188578570001,-0.0210934074179891,-0.622844976698475,-0.408547817829978,-0.0494487582507086,0.0459841996556013,-0.595565513821908,-0.44947761296909,-0.411793082835244,-0.621636623740585,-0.398814878105986,-0.58241234652301,-0.130967631536646,-0.157546859990461,-0.469988540332729,0.129735040202923,0.208106435458805,0.629358469435531,0.141257663816963,0.314004033498138
"Mean_2312",-0.0219344259174463,0.626190303378783,-0.0652289154989078,0.244382370444611,0.0798930452343161,-0.207414984919893,0.152762945022157,0.501041345257507,0.0450006446515175,-0.581142708673604,0.447622553666157,0.905392639206119,0.683498840896169,1,-0.0799852592924543,-0.386207052840507,0.697097240128245,0.655545302356187,-0.609170037045475,-0.245246862722107,0.0592400710056489,0.237965921781339,0.0499641082193253,0.0862621366864511,0.239721323663112,0.450040855668857,0.238220358862184,0.540821818784635,0.798597749097873,0.807888932851459,0.0649057765002633,0.141392589245764,0.142368862602175,0.141084425196854,-0.640913400202285,-0.49161333677644,-0.155264069874995,-0.126632820098374,-0.342175416559369,-0.147543493099672,0.140742203688714,0.0233375956828875,-0.0230760002738816,-0.315939438928674,0.0595029212699583,0.166149537393748,0.0326375486141614,0.160284855676914,-0.298254780966687,-0.0719132201048716,-0.617869134162974,-0.53058726773153,-0.172848129826512,0.156836046564834,-0.224729899546572,-0.00298248679912231,0.388643732059452,0.717168412898791,-0.780887656475635,-0.194241785906093,0.561577936041597,0.615825681066996,0.537873963062869,0.691430166944962,-0.220839701671923,0.18137518365512,-0.528597087128674,-0.402407936347151,0.262604150019261,0.631935551464659,-0.459699441468839,-0.256723754654618,-0.135544859902651,0.343637583475926,-0.544374078097908,-0.08984515797731,-0.142674003867473,0.188253390873409,0.644191002243353,0.421806956176009,0.60767559477078,0.0895049762620376,0.0869596982570264,-0.125758524995229,-0.436039371789791,-0.163259142350985,0.14672842016562,-0.33976513032722,-0.178408585296988,-0.0406281800705146,-0.35719799042273,-0.121108644619816,0.328334961992777,-0.339257992514232,-0.331551854633961,-0.582282654151087,0.28769494615438,0.510736118629688,-0.0191557128158818,-0.0845978548531572,0.577750714683966,-0.100501350256207,0.0482343728183495,0.119147438868572,0.205842322091575,-0.204525250501959,0.211074262735722,-0.161632620603273,-0.327316301955452,-0.11219597892292,-0.507855385972836,0.343490347290899,0.577039813988862,0.632177924679872,0.169750424993145,0.710009989041979
"Mean_2321",-0.14340844395134,-0.403694414563519,0.755116067966427,0.268201409816399,0.570271303522132,-0.125378320080361,0.648662074378806,0.122375172306261,0.9205970669061,-0.358175143780703,0.538523565550219,0.0630120440261695,0.50490622977677,-0.0799852592924543,1,0.620993069402197,-0.290413933432337,-0.552610701815995,0.0612538486528853,-0.125744545347836,0.691011884170314,0.599253117115138,0.866234855194112,0.764893798378476,0.627693200121318,0.538421206659232,0.628284618388311,0.586042632882514,-0.190675392240841,-0.290749650902602,0.738484250790903,0.561204370689053,-0.121596705802874,-0.370938786532028,-0.214630381010791,-0.40353934813248,0.446991681941539,0.133391076634555,0.525393621569937,0.548171263380374,0.405910585346473,0.0796991890702811,-0.177484790173431,-0.0176399552122129,-0.519717620147109,-0.293269334902138,-0.336097584129058,0.0825785542227732,-0.42484515865548,-0.132227531544581,-0.134342571926803,0.0253363984042505,0.402356765502398,0.356418999429151,0.318728573942112,0.492151475895512,-0.170537276739992,-0.400804412599235,-0.467714671739128,-0.670026003560474,-0.322409549716425,-0.509251943002298,-0.0230484695974712,0.0384209915152613,0.565771137105072,0.0168312404135106,-0.582990882897748,-0.827035682339455,0.0613448531321604,0.18251970928969,0.166683440286536,0.328475115621296,-0.191479378163853,-0.248915501593743,0.291010391179932,-0.360728336536867,-0.0137569274584116,0.0234748144612388,0.16131283908216,0.0385548154422906,-0.192755856657761,0.0910368514796365,0.857730399092428,0.258370862761996,0.704979316952222,0.0323789279283947,0.841263899764041,0.896723670421313,0.684583993881702,0.475330140909732,-0.298204262314391,0.15655817644473,-0.761457049642124,0.403680420682716,0.283957546141233,0.0056060471901598,-0.0350574998321116,-0.159093775099154,-0.836278770026746,-0.279269194989693,-0.583624621327029,0.0910392926409081,-0.848859932514235,-0.924688051692877,-0.819527528537423,-0.766741451853153,-0.669145726153063,-0.445457187174662,0.617246454172623,0.411656893062038,0.0870116116332405,0.170565841699171,-0.268677632105065,0.583080916706394,0.492749074649212,-0.495066426253115
"Mean_2322",-0.257961037413852,-0.849701678255848,0.251564867609761,-0.279079012927141,-0.0559876465844908,0.183963585352903,0.184882124331469,-0.434896095915652,0.501599492148755,0.192167353938229,-0.125953300179604,-0.287088116039903,-0.151306924372155,-0.386207052840507,0.620993069402197,1,-0.745038687946124,-0.823840086050086,0.169684608508489,-0.594761165140626,0.296139330964891,0.441016333595813,0.226435182682426,0.00911044096355265,0.0558825719618654,-0.0111206899004039,-0.0335688116799464,-0.133559506748809,-0.508343579344755,-0.655487492988464,0.120850110966506,0.0091771116165543,-0.607725784639805,-0.758323322772325,0.190156640452105,-0.261737304083082,0.756956239478327,0.63388465837734,0.768909416702098,0.780437999162417,0.241065839446153,0.026142379369365,0.150219208704737,0.178237098870846,-0.0100339412655512,-0.0546239466250141,0.129685356277755,0.293637804247581,0.0856295293014021,0.0405031144183544,0.234233614004043,0.330708195574856,0.417731397181387,0.210028674581731,0.712144024216416,0.703131832548737,-0.388322771257857,-0.518302211454355,0.116554249677739,0.0523864954484085,-0.525736246598434,-0.328781852840013,-0.546470505469541,-0.610970794865693,0.371325582896004,-0.108471409041024,0.055983056023512,-0.239954878785642,-0.236308394441097,-0.480297314022649,0.355573975173962,0.50846924999075,0.18720476496447,-0.354226308097089,0.514122394897668,-0.195132297223536,0.224398738467465,0.338398724081575,-0.255808359039149,-0.318854984453601,-0.69112667112353,-0.59077946629351,0.22895165657045,0.0845426700467369,0.5992000150165,0.170890253462971,0.113173999054099,0.620584834950152,0.599064655080172,0.595922140265896,0.123618369315081,0.442155257952662,-0.530776475263676,0.493380513533721,0.710810028310011,0.725645060097428,0.485838791369572,0.227368001223159,-0.244843566216567,0.18241216129679,-0.295627326938239,0.427577923708911,-0.309600632760146,-0.476791392509835,-0.2772286946694,-0.250777335220632,-0.310170030753747,0.242863286306912,0.781400529732538,0.721477723102423,0.749376208929203,0.321860626053657,-0.453922818283263,0.192417782178879,0.563139712148404,-0.83954035135539
"Mean_2331",0.0874773163963369,0.757285059389418,-0.192227674053302,0.463492152876023,-0.00551670271739483,0.0930157463523955,-0.0909696211425391,0.726298956031843,-0.299611371522802,-0.299544078393191,0.215367972424727,0.566597562886543,0.351447220612309,0.697097240128245,-0.290413933432337,-0.745038687946124,1,0.903003887264703,-0.731735541412785,0.174379036013502,-0.197558694378292,-0.0515155560875078,0.001086666900891,0.185530861384934,0.130738431376598,0.340105670386719,0.0990325102583039,0.415591526932039,0.900369306368972,0.897379164642344,0.09877924684423,0.398905702862249,0.516349461648432,0.62510627517352,-0.576885679712874,-0.333242382656538,-0.369387687568776,-0.377722619850287,-0.577189061789676,-0.327905010371901,0.079039086859508,0.267568925043223,-0.339305571546146,-0.58944223330064,-0.0947633262309878,0.000427259106544771,-0.270852604944553,-0.420763492758738,-0.310553461421292,-0.16927801172667,-0.720462240078821,-0.6566654679719,-0.55385149996689,-0.147236137121093,-0.773709923925527,-0.526097212288987,0.621931172704003,0.762481042267685,-0.517273531174284,-0.303965695273529,0.294129767728188,0.659944402915218,0.773853802933393,0.822070333071861,-0.357999030810696,0.360398019039308,-0.584296851449759,-0.240048018706575,0.220601645198689,0.63650362339622,-0.0308617383331773,-0.0655643909469223,0.0716543862039035,0.583389360834479,-0.380551120564113,0.408042401444093,0.0566023675587064,0.0889690344388166,0.781477576347732,0.668723920497341,0.942803222222703,0.464578063399487,0.149722813089353,-0.0927955568334623,-0.658821747711214,-0.439629134960841,0.0923050169169669,-0.536374554278092,-0.506615770946421,-0.500925275881153,-0.530167322425998,-0.722733244207345,0.230206183771374,-0.744036567034432,-0.415351633168703,-0.653850896486786,-0.0439200255033871,0.0861774732306429,-0.0107346929535403,-0.297485788094595,0.31768893808117,-0.591285180436671,0.0906409553357121,0.206255467139297,0.0814177069009228,-0.0720606546666605,0.357910350495957,-0.207696590445586,-0.507977571322123,-0.373397624862501,-0.862643987723758,-0.0638596932591459,0.58476594575524,0.430660391311433,-0.144650166899079,0.84428416278923
