"","Mean_2001","Mean_2002","Mean_2101","Mean_2102","Mean_2111","Mean_2112","Mean_2201","Mean_2202","Mean_2211","Mean_2212","Mean_2301","Mean_2302","Mean_2311","Mean_2312","Mean_2321","Mean_2322","Mean_2331","Mean_2332","Mean_2401","Mean_2402","Mean_2501","Mean_2502","Mean_2601","Mean_2602","Mean_2611","Mean_2612","Mean_2701","Mean_2702","Mean_3001","Mean_3002","Mean_4001","Mean_4002","Mean_4011","Mean_4012","Mean_4021","Mean_4022","Mean_4101","Mean_4102","Mean_4111","Mean_4112","Mean_4201","Mean_4202","Mean_5001","Mean_5002","Mean_5011","Mean_5012","Mean_5021","Mean_5022","Mean_5101","Mean_5102","Mean_5201","Mean_5202","Mean_5301","Mean_5302","Mean_5401","Mean_5402","Mean_6001","Mean_6002","Mean_6101","Mean_6102","Mean_6201","Mean_6202","Mean_6211","Mean_6212","Mean_6221","Mean_6222","Mean_6301","Mean_6302","Mean_6401","Mean_6402","Mean_7001","Mean_7002","Mean_7011","Mean_7012","Mean_7021","Mean_7022","Mean_7101","Mean_7102","Mean_8101","Mean_8102","Mean_8111","Mean_8112","Mean_8121","Mean_8122","Mean_8201","Mean_8202","Mean_8211","Mean_8212","Mean_8301","Mean_8302","Mean_9001","Mean_9002","Mean_9011","Mean_9012","Mean_9021","Mean_9022","Mean_9031","Mean_9032","Mean_9041","Mean_9042","Mean_9051","Mean_9052","Mean_9061","Mean_9062","Mean_9071","Mean_9072","Mean_9081","Mean_9082","Mean_9100","Mean_9110","Mean_9120","Mean_9130","Mean_9140","Mean_9150","Mean_9160","Mean_9170"
"Mean_2001",1,0.922216568594032,0.890851700059004,0.798129166671359,0.482277482434498,0.675570686082512,0.870867865352113,0.841605136914985,0.806050344318069,0.688939771012222,0.926380905537742,0.949349514466845,0.906789153543359,0.949189994569372,0.937835407908525,0.903702115526048,0.265239443829236,0.146103859126455,0.0891366066467175,0.882338528365489,-0.49206658719713,0.522133522565543,0.823781360863066,0.829796976624178,0.13530724324554,0.310365890585216,-0.510536740539007,-0.734681920482875,0.585831922446143,0.400091479024714,0.620431506899004,0.851944514890628,0.538170019297,0.672376651894659,-0.851915851536745,-0.872664759768136,-0.624170004218163,-0.836453905888861,-0.338435726372539,-0.521235737697365,0.229075569648364,0.874169630186927,-0.859562016207215,-0.830365907963934,-0.906751414180882,-0.722781237987391,-0.898669838119218,-0.697431466929039,-0.72526166320262,-0.534635864969698,-0.60234578040716,0.00374767649312165,0.219143701973194,0.0173923497131741,-0.518168934143621,-0.589531840344371,0.906963438824056,0.879065705088477,0.351349453539441,0.551708286759444,0.815916866848523,0.777581906969407,0.632990609264315,0.699886030121614,0.609160594378057,0.942391809456387,-0.417104895817656,-0.157508381924008,0.0308047518818586,0.513778490362997,-0.0758671361434307,-0.0685889988911475,0.835177860687517,0.884295853619958,0.800013757492548,0.811089700130922,0.0990497358734332,0.911743709663235,0.323487559008591,0.341110620855755,0.227842150624771,0.321084704485799,0.405054302168297,-0.593534628296495,0.5594046563361,0.766417828514613,-0.0992003263014081,-0.101273846881017,-0.173566952110395,0.140509908307292,-0.755097809574009,-0.648495618621198,-0.827418084312447,-0.798103673132003,-0.543131245083416,-0.512379224200398,-0.851857156181419,-0.354034271429999,-0.935947160924181,-0.86329536136078,-0.857804867433614,-0.735932773172455,-0.875852547372413,-0.769452709021587,-0.974737839853722,-0.923090460699918,-0.959445251122309,-0.748139992992017,-0.270793153996999,-0.828783521500964,-0.851988644456765,-0.93233469260926,-0.991000937761376,-0.257020946595418,-0.706592978258905,-0.860871967300847
"Mean_2002",0.922216568594032,1,0.922521815124201,0.782407835670296,0.653202379213264,0.729239591424169,0.864299390511495,0.869649814841134,0.762105399852314,0.729711038940749,0.965247360034319,0.961382594228384,0.872561338079588,0.974002946827617,0.919985983186684,0.960631398625144,0.570146636988586,0.363474388030896,0.047503438237729,0.974969254307779,-0.463531242267281,0.535870311976752,0.916086257780463,0.886988098263199,0.178205295868676,0.237944097077212,-0.401186955772845,-0.641171750255628,0.745721228076106,0.594122987013186,0.644199588866095,0.802106133306015,0.70064122642757,0.830089340674169,-0.90074882150645,-0.935130483071898,-0.530376311802038,-0.93222443315058,-0.095690083342145,-0.19344769604243,0.375234971257822,0.950488516427332,-0.80942476420731,-0.832655473044316,-0.792160214472764,-0.767036262517074,-0.790166208790275,-0.723467051932685,-0.729980290800521,-0.608454442441995,-0.793907587914489,0.0632269877595493,-0.107677249421298,-0.201931610244659,-0.225985691862673,-0.437634118814876,0.940828442019773,0.911337015600688,0.0150574059585076,0.433491688295079,0.660203231690046,0.794169795491177,0.699144129795545,0.749062009304866,0.650896780820008,0.940117162285888,-0.7251931660147,-0.384143321889622,-0.163992216201367,0.309725846782495,-0.228024334532012,-0.23532862381338,0.87695971985381,0.957260094168149,0.858854888198264,0.908615297451927,0.157650604987617,0.972543414127995,0.566951003320606,0.475771481387951,0.452888452329323,0.424061658271369,0.561356592638243,-0.338472834361335,0.675133874143921,0.90720792691012,0.149695318585733,0.0923311044439916,0.103612984492455,0.296688445728507,-0.943443307504023,-0.828952091263192,-0.930817927885716,-0.90416298634469,-0.474353970840086,-0.471000164024949,-0.623988791794443,-0.00537504652336175,-0.839946737307572,-0.948601961378262,-0.902347728775762,-0.836233637699608,-0.941755272778595,-0.895209075518442,-0.938449357463734,-0.86691910397395,-0.930115874635172,-0.928733820236864,-0.0973112314805505,-0.848083393306048,-0.808064145168138,-0.885293641395805,-0.929072597061701,0.12966096690894,-0.410886616864471,-0.670770392370203
"Mean_2101",0.890851700059004,0.922521815124201,1,0.605342659646958,0.81379974039335,0.480392042176187,0.803299656485807,0.67303321669701,0.806449157615119,0.506863627772554,0.846880430775207,0.851067126692114,0.713766702094326,0.85891912871642,0.957354520602817,0.857608073902585,0.460501847897613,0.271806351722438,0.151528536796401,0.864980815357266,-0.293170730549914,0.624393481617899,0.940606077777884,0.901870826372038,0.338005046063325,0.340636451972504,-0.181055235947012,-0.50544276094782,0.656885565770678,0.549130397543854,0.722868764151461,0.840491287003824,0.694508826646315,0.716773416839676,-0.825819821220264,-0.888841244104678,-0.342584501280648,-0.744419051168084,0.00789189373276617,-0.144367031785489,0.437286387436816,0.945481904169501,-0.711389939561439,-0.760965168446803,-0.709379738021702,-0.614616031609267,-0.733001670082334,-0.620584259059997,-0.600809862833765,-0.621104085761548,-0.724368440484098,0.00424433060390992,-0.0572910666594665,-0.341545423282197,-0.236104484357234,-0.285470611455832,0.987169375312794,0.752182146000363,-0.000902172154485433,0.269418461320711,0.558140097827863,0.560207370188603,0.714748939691726,0.616065197454772,0.784358560310339,0.860497112905545,-0.600232873387548,-0.405075500383953,-0.0408973931422692,0.407785431246199,-0.199130915914639,-0.283447655726292,0.873959168466374,0.898774595474284,0.907947778502979,0.835188398633864,0.137970086458294,0.942068422050441,0.416124228989842,0.545631064254825,0.436525608485045,0.517676582213155,0.686593148423311,-0.34132166051467,0.79843721751147,0.831987419127482,0.313130142303196,0.3304305593294,0.228151287077423,0.177914515832583,-0.843969497348141,-0.778773734438338,-0.94319636707951,-0.875715893268323,-0.281524531803747,-0.180856226776333,-0.563294966156308,-0.160127865169081,-0.817571262268365,-0.855535047323381,-0.984948515724302,-0.922938027088555,-0.96696182373713,-0.956835050804524,-0.920320337330487,-0.845006597017332,-0.942889216126829,-0.832129118588999,-0.0290536687180403,-0.717532976730825,-0.652730238058286,-0.817600863994052,-0.907580948851563,0.00337969729547132,-0.494628078855996,-0.732473342212346
"Mean_2102",0.798129166671359,0.782407835670296,0.605342659646958,1,0.188035868799842,0.834914779777825,0.925647270762957,0.975360217975956,0.467677271899087,0.832468468619588,0.813152504524864,0.819736017096793,0.898053691994821,0.87429461866347,0.600311344700626,0.809345938730506,0.161740236566591,0.0199430575986377,-0.135007975731369,0.756788483458353,-0.714316201398752,0.163001680188911,0.630502183280882,0.675783775972276,0.0264017020105326,0.219104181912147,-0.629832791136842,-0.746713158496167,0.339208121735439,0.186551491777679,0.36962704598076,0.592299327273254,0.325828830188297,0.599924694901942,-0.682344606734164,-0.688157056324006,-0.772911816859986,-0.900154806968676,-0.349363320903369,-0.462384720760724,-0.0904685181117129,0.623570723924779,-0.684032479613364,-0.555633523428681,-0.844587898353461,-0.635719316503971,-0.629976066171671,-0.391560343539407,-0.67433813203603,-0.162651353011272,-0.467209292017718,0.317211251724041,0.274096318947357,0.299253453605723,-0.217926420591146,-0.375405960773304,0.61490422298071,0.903107028909083,0.452081381753306,0.869801596690906,0.746396879355906,0.901087623243061,0.295792922555672,0.545762637704064,0.241740247185526,0.844541571516614,-0.435405821305273,0.140980642601113,-0.0885733396061475,0.362126616616593,-0.267629642394956,-0.166115703570614,0.484062649824237,0.679040911039222,0.38228459554787,0.632868445381713,-0.0982875268536833,0.784734827983655,0.29903944329005,-0.0241218935795648,-0.000469889470220379,-0.081983583773756,-0.00491607683285206,-0.532257783831697,0.167302160626746,0.707250841299359,-0.255417084689497,-0.298232876359999,-0.307357078066779,0.528740049545635,-0.71531751749068,-0.514017172681988,-0.624442101235066,-0.606727586901492,-0.629015835167768,-0.741851245880098,-0.645345352441311,0.021129199091136,-0.683855381489949,-0.765874365407325,-0.556798387986389,-0.409418310312304,-0.692735061134372,-0.513771558501201,-0.830682763654415,-0.788074624190262,-0.748700970673609,-0.704869516515765,-0.338526882173396,-0.620423685907006,-0.738051578586784,-0.772668690583124,-0.803005513807299,-0.141302845475465,-0.423579296017819,-0.544731832067006
"Mean_2111",0.482277482434498,0.653202379213264,0.81379974039335,0.188035868799842,1,0.112119910752999,0.459677811144065,0.285209138341138,0.64216166644134,0.112713737509846,0.502390060068048,0.513440757646794,0.292205823506426,0.505130446963133,0.697807047675908,0.583535577904131,0.669201680070649,0.426631455188618,0.124356018141262,0.613654977982308,0.156344402961236,0.680334983289233,0.822520143211126,0.763191459451003,0.577130648098183,0.374940771950525,0.33966376100712,0.00360000461253155,0.640244062255887,0.706785132274973,0.731428880797878,0.638338817810183,0.801200212166744,0.677951708424054,-0.536278570670566,-0.650404770156065,0.0181319935863921,-0.448637425741133,0.435123137231083,0.408874274086785,0.489147588920015,0.759393090454364,-0.280723701244901,-0.510926852988176,-0.197598013809281,-0.259828718717152,-0.304994267570468,-0.428197019503985,-0.217557802400762,-0.548085200975399,-0.616654519111894,-0.0054987017651876,-0.445612680452303,-0.72234568961548,0.209476211708695,0.109651298061586,0.755679918056646,0.362492192064449,-0.484528810818848,-0.178570512199861,0.14383001241416,0.208479813724798,0.714960256689436,0.4428502263311,0.840477981216386,0.552573812840142,-0.710962906728387,-0.674598184611126,-0.24146813605796,0.00361221507573,-0.379223499097935,-0.530439791153634,0.649888915949155,0.686457896807569,0.77678055970566,0.609999829563338,0.00858200403903119,0.669968133803696,0.53933466219031,0.75597302799882,0.70065531334674,0.728007908141309,0.900448869040476,0.19591501374022,0.861669876426961,0.707078019386724,0.694505087105513,0.757594333632504,0.681627269548929,0.15018432170229,-0.734033714751664,-0.801939440415986,-0.826600717512613,-0.770778027691059,0.000455858632569471,0.231714200147701,-0.0405948842434663,0.164446502060317,-0.369266072153762,-0.588214574347338,-0.832178967606984,-0.915604552409435,-0.757794697298569,-0.901961508235586,-0.537803108756551,-0.428241877747625,-0.64773681078813,-0.74642575712971,0.2855070445103,-0.459737345827116,-0.270090597657392,-0.436700107495388,-0.52498134030173,0.379113316203057,-0.100242101736741,-0.358466408873181
"Mean_2112",0.675570686082512,0.729239591424169,0.480392042176187,0.834914779777825,0.112119910752999,1,0.648999837554209,0.876229935458834,0.285723761295549,0.987917863220446,0.849027854962888,0.741450303817971,0.827322989158096,0.822760252979413,0.570395538085923,0.765015481380383,0.290569633461581,0.0388899648810402,0.028832368788911,0.786190845227342,-0.778135324082971,-0.0196626858503931,0.500687502796768,0.505677694161792,-0.366865937736677,-0.111378497024324,-0.805334733390091,-0.856582054471416,0.43537444935178,0.187577683941141,0.0816788194360831,0.329009331804893,0.278864895538719,0.573347988529137,-0.608788931536285,-0.596043927471857,-0.549714029102741,-0.831969290444071,-0.115018282461084,-0.285776342470607,0.237743804941871,0.660124495638641,-0.741449249899086,-0.543389110822544,-0.79408300497167,-0.845644364575695,-0.633110034619439,-0.531107165889614,-0.855943019120575,-0.442158589076754,-0.686844781876653,0.0164302449116915,-0.040691619817617,0.0784884023578197,-0.139373324533105,-0.475436605000995,0.519528835672386,0.802908838048973,0.167040132698743,0.555031701850145,0.502392205244045,0.820665785985797,0.196424160653215,0.572334487889211,0.137353362609799,0.724795382414291,-0.543654744055794,0.0538478588891698,-0.0437885186112861,0.26953431486582,-0.144471760030925,-0.0480912820758043,0.55077325835918,0.658660955607192,0.39544530201508,0.67783897551665,0.188580883014221,0.693301286396946,0.295494919071451,-0.0634722859295253,0.0212390638542898,-0.120396254793875,-0.0179483482598246,-0.495979796203273,0.248158322252658,0.6063820998189,-0.149432273903445,-0.351079209118816,-0.123099110007796,0.195078029734248,-0.700059708739228,-0.428353425565658,-0.480753608297641,-0.461920236958974,-0.549624137385202,-0.729211097924684,-0.507377115215541,0.212019131376411,-0.695400308345865,-0.818842924429518,-0.398560852984628,-0.278139233343137,-0.549767169358143,-0.43745734537187,-0.679733958050226,-0.720841938292969,-0.554966820179687,-0.674516568524613,-0.285277362860272,-0.668854976593129,-0.702054554936276,-0.708488866547136,-0.704648169563152,0.0447607382644581,-0.161060125105147,-0.403254339696905
"Mean_2201",0.870867865352113,0.864299390511495,0.803299656485807,0.925647270762957,0.459677811144065,0.648999837554209,1,0.911313078367672,0.633248707999827,0.666394354869265,0.81802708039295,0.859411907563013,0.857595133597603,0.892663947899652,0.735816565329837,0.851880257549487,0.244317820892725,0.133836344729429,-0.118829817257949,0.786590931179489,-0.562209221493318,0.381850658694427,0.793857638859319,0.813507426495918,0.284884761586275,0.376408984964583,-0.396094231259191,-0.622192718284375,0.429904884941148,0.320448090915611,0.592530848549213,0.765876170421859,0.467642686013719,0.646485102007642,-0.785405273682271,-0.815286286994922,-0.684782494908929,-0.881242508405915,-0.291094085303375,-0.377283730058342,-0.00386106065853909,0.735721712579537,-0.682158007261675,-0.631198639793492,-0.816892104042278,-0.570487963089446,-0.659049384572701,-0.410719430041386,-0.597807661702518,-0.212251928255284,-0.509762215383698,0.359580436998838,0.257088984002565,0.145108331963989,-0.227657122172124,-0.275886681292262,0.797827785591037,0.904528939394711,0.366113661881062,0.771905125923655,0.741880749172363,0.797757741969189,0.470003459604079,0.530800162673597,0.455154130070675,0.885669775019848,-0.483117879314229,-0.0481798278159444,-0.114388067829929,0.401982943634752,-0.276738587902923,-0.247149576898566,0.612224768773692,0.775087887281102,0.574352688353969,0.715673683600715,-0.0758367308119585,0.894901305776459,0.359084445693692,0.190219361429088,0.155497068346887,0.134757645319426,0.25200968749003,-0.463814695751032,0.364266112938091,0.795202159829052,-0.0629535296424188,-0.0324327255298617,-0.165511197909001,0.576118194100621,-0.79171467236663,-0.654581302462705,-0.813053261596131,-0.770399556128759,-0.487077219126596,-0.521129649027814,-0.635946078359383,-0.0709452601504933,-0.726089055582152,-0.784453491395787,-0.786299116384341,-0.652348021793898,-0.870609122582558,-0.725314239844151,-0.925624144884958,-0.837825289845733,-0.892225654394436,-0.777436976427973,-0.201505120608618,-0.613547724796646,-0.712330873262254,-0.818476110969232,-0.874438215120851,-0.118753059504881,-0.50762155816886,-0.627887531351734
"Mean_2202",0.841605136914985,0.869649814841134,0.67303321669701,0.975360217975956,0.285209138341138,0.876229935458834,0.911313078367672,1,0.549127057680079,0.862608564101968,0.898893422525287,0.905194192941182,0.950892659338116,0.940301248626551,0.690779130311003,0.901269955635627,0.346654999674964,0.198093802644917,-0.160903711352409,0.852170424798156,-0.657169194141125,0.28346994792874,0.697242202564691,0.724535165441937,0.0448745330935021,0.238021688201099,-0.607584181186344,-0.74088289924659,0.529257063272501,0.361637522283269,0.441481318804133,0.655573035553883,0.451539405109716,0.717298137245151,-0.788476228288584,-0.793811183087363,-0.780252814455896,-0.969344653032243,-0.323147003591583,-0.385576914656305,0.0110366564276888,0.729686425364075,-0.766137940097691,-0.694999541551718,-0.845605521300343,-0.731516756998112,-0.715651468171707,-0.564576395278108,-0.737772709724689,-0.282728840178463,-0.577121169293577,0.281162918031433,0.144925306239185,0.192804994743562,-0.23721779709836,-0.477332938359633,0.691795935338935,0.957129467469396,0.306713120454954,0.771278690924033,0.762940111593215,0.944973849439363,0.439581545196831,0.649340701075178,0.325455316348575,0.897667684008794,-0.563017956640706,-0.0532400358790014,-0.204052948423003,0.264159189798446,-0.233706365882784,-0.140903086892503,0.621415787191337,0.799591622022639,0.525164208169682,0.757461804221547,-0.0131951388431965,0.837574170006488,0.462265033654054,0.140185360436891,0.176696464901542,0.0753753397455331,0.145645710356777,-0.446428207472972,0.272567163015263,0.776249323042741,-0.206410499324618,-0.269893629274374,-0.227406129573459,0.48606954606886,-0.816735103136968,-0.646161236994175,-0.721693075830822,-0.721770318877613,-0.635137686152734,-0.727479686132701,-0.657931397929245,0.0631852009030223,-0.731767732153175,-0.835573772582695,-0.636819156934333,-0.520609294221181,-0.757073531945857,-0.615771314774692,-0.855870425714621,-0.792343594793738,-0.80428329591762,-0.807997976508502,-0.23733895257792,-0.742449259204333,-0.834302636473999,-0.844968038117279,-0.847049141468114,-0.0115897178442814,-0.405107621830792,-0.54872296536267
"Mean_2211",0.806050344318069,0.762105399852314,0.806449157615119,0.467677271899087,0.64216166644134,0.285723761295549,0.633248707999827,0.549127057680079,1,0.239230750006523,0.667906175066305,0.802999676172421,0.631994303252848,0.718140702303256,0.837306758158288,0.722995000122635,0.456022308799669,0.316112836206335,0.143493734659547,0.751629173073048,0.0745401800573753,0.8598274987078,0.843721874552688,0.87477524059596,0.519066002982068,0.484974275602261,-0.0302143950310714,-0.23039748071126,0.656713921582129,0.689924497186364,0.91894518389383,0.95789788006027,0.831267567367207,0.791697029288842,-0.642460934181484,-0.71836425176927,-0.50487604248936,-0.638176548369787,-0.19523828987608,-0.288279177937784,0.155445917859908,0.737885182553809,-0.500130052426342,-0.783456531092421,-0.488674821871381,-0.307338340819657,-0.658215765010369,-0.69503872762087,-0.255857442924696,-0.547194841633999,-0.363220911223807,-0.158449428490136,-0.0221365593589238,-0.253003627106189,-0.37268964957621,-0.482983113536446,0.786920082613657,0.571730628576908,0.106787339200743,0.234756403265661,0.768637999077174,0.630267795743316,0.915476385460007,0.838213151306135,0.893876870255289,0.84037955797421,-0.444949564414613,-0.428099161408594,-0.102538775500607,0.219279121825857,-0.31347681384425,-0.328442473650097,0.690759506331534,0.775814374784694,0.806648259929565,0.580563338911021,-0.237026263275302,0.70082777341842,0.520765392444253,0.737363066618304,0.59991960260184,0.751534760278782,0.736635291644693,-0.136435911963154,0.689101240615833,0.776971263879776,0.0715920394971206,0.197382787347147,0.0643320175343955,0.00170804862920984,-0.644215577034331,-0.769113258393588,-0.799022276919686,-0.844535702192689,-0.616997856794446,-0.343580130998806,-0.694139742933305,-0.406435718590453,-0.620808290500338,-0.655992121005638,-0.813697184163573,-0.865270488049113,-0.706952707188786,-0.729966718272419,-0.727855846226279,-0.61168068672403,-0.848142781495827,-0.699861650185323,-0.228834730864686,-0.852024760582184,-0.684027643191496,-0.672067037812163,-0.766842990365498,-0.0883718910153077,-0.685941808083824,-0.838186615847769
"Mean_2212",0.688939771012222,0.729711038940749,0.506863627772554,0.832468468619588,0.112713737509846,0.987917863220446,0.666394354869265,0.862608564101968,0.239230750006523,1,0.852352229357102,0.723676079891385,0.817961243047268,0.819557361815179,0.582955002789362,0.752509941674846,0.223240884056903,-0.00232435346725562,0.0451377205906465,0.766372494073287,-0.848533971285019,-0.0800105549856517,0.488202862693721,0.477307358128899,-0.41318427017961,-0.146832109272131,-0.836346180651637,-0.909900185374661,0.390458321602099,0.106285500041708,0.0242590204886523,0.297972180456909,0.19774380607685,0.493076819426359,-0.631887712962903,-0.608335944411779,-0.497597432918171,-0.805664845954324,-0.122578636129973,-0.313551312824267,0.283405529235275,0.668401562439064,-0.781726194821253,-0.520127152611747,-0.841073281920759,-0.883335353158415,-0.654394085265931,-0.489420465346696,-0.904621690975567,-0.434384617171281,-0.717045329917211,0.0398579459533338,0.0161725835044146,0.103825487355732,-0.172980554254339,-0.443960690649222,0.552059445887337,0.814825949774785,0.199243611087795,0.562454599897438,0.460395377562184,0.761000589371695,0.130026638430865,0.485070029298632,0.0922483960084377,0.695868664668183,-0.497116869721233,0.0936457142118411,0.0200114300808641,0.359964501821677,-0.0633033883391213,0.0140689644395195,0.576063258925527,0.648614819438221,0.40521721734566,0.69982513152958,0.289038995917866,0.717530468294071,0.211473548149293,-0.132107589371454,-0.0626789092532563,-0.191027239596946,-0.0557333626659178,-0.581606966355264,0.245750768627782,0.569782853424128,-0.132259286152625,-0.345982362621258,-0.14182031663731,0.204819829810033,-0.682974776527203,-0.375066662127408,-0.479663678728995,-0.433223407320978,-0.449054937047154,-0.670606660236353,-0.50954646908724,0.181275886203042,-0.74389104477061,-0.818690263181418,-0.423280932105091,-0.265294724770568,-0.584732423793011,-0.45312976522288,-0.712819800189417,-0.7668563097024,-0.563834463394808,-0.639462989205041,-0.259931023405409,-0.606208696204864,-0.676468627900627,-0.725137602543396,-0.72262552187764,-0.00350097257817267,-0.166295748531736,-0.40157432434721
"Mean_2301",0.926380905537742,0.965247360034319,0.846880430775207,0.813152504524864,0.502390060068048,0.849027854962888,0.81802708039295,0.898893422525287,0.667906175066305,0.852352229357102,1,0.959477227337358,0.930736923904137,0.985914900843268,0.90309149258073,0.964983300410864,0.47659395367593,0.286036968383981,0.0287662394231863,0.957535447708899,-0.579823776682148,0.417955572249815,0.805760064782383,0.783584434497137,-0.0122543311199183,0.175435254021514,-0.577848552325337,-0.784297765257425,0.715937357858607,0.489775717966869,0.488590222097175,0.713162085507358,0.568397012666215,0.756926800887628,-0.891223550908165,-0.904213894641074,-0.575355762405401,-0.925263539447142,-0.170660504026828,-0.298337149831192,0.363064363132855,0.932218072746145,-0.901568539766447,-0.844367276494883,-0.87905995263853,-0.882335273911374,-0.866749201213891,-0.770282457808704,-0.862688312330773,-0.610405086251302,-0.795367343522007,0.0297538208214821,-0.0263368283628467,-0.0983150125951224,-0.329707428915267,-0.569406027632358,0.874929783931312,0.929575158653522,0.101818890382241,0.465903082876497,0.673139298813821,0.823004339689932,0.59132283256695,0.714760415067909,0.518767345803086,0.920630225790901,-0.639327205030763,-0.280615061677319,-0.123995526535054,0.336434321980126,-0.0927202224106373,-0.0760462098940839,0.880173348087706,0.93922461693035,0.802604122976256,0.919415060432042,0.241310398582639,0.928457823456269,0.477964286352832,0.34057557789644,0.322285846554331,0.290700941186344,0.409812926725821,-0.469780087191957,0.574627450385013,0.805210605077065,0.00268844965296161,-0.0996857768757465,-0.0176526164684375,0.190594156087556,-0.883842150460831,-0.723371652996763,-0.836425870675299,-0.809055152363335,-0.491390841539064,-0.535195662921942,-0.684694167033198,-0.0316050231535269,-0.899393557837131,-0.945308515695216,-0.807203447269307,-0.706005174255217,-0.873058121510783,-0.801678718831752,-0.920178403177485,-0.879766063650205,-0.884977601419767,-0.863162514717838,-0.128005940723845,-0.854544348141174,-0.867239808417978,-0.930874831745512,-0.942995265193517,0.0258141095475872,-0.436611261235459,-0.66285037406205
"Mean_2302",0.949349514466845,0.961382594228384,0.851067126692114,0.819736017096793,0.513440757646794,0.741450303817971,0.859411907563013,0.905194192941182,0.802999676172421,0.723676079891385,0.959477227337358,1,0.952824242990915,0.980898769787968,0.90059767813362,0.976725695689876,0.504139128036956,0.38259662841586,-0.0863496084576886,0.934870953203438,-0.419046774889808,0.599921157756958,0.833354156075493,0.839386927299356,0.203773926936371,0.36987431443079,-0.446022128007878,-0.650141713461152,0.759795571819222,0.602406557805539,0.670853833349864,0.859722083483633,0.659923720955359,0.825261750984216,-0.910913015123061,-0.932285680048147,-0.717380863184882,-0.942500412680083,-0.317228300988898,-0.364276787101177,0.176024117075815,0.889339420097259,-0.85112145086641,-0.910853980595499,-0.8252634962073,-0.752020139623896,-0.874087995269917,-0.807995603398216,-0.720981994539681,-0.501340774187588,-0.639638599583074,0.117489118154975,0.0606861838131754,-0.0161442879367668,-0.40434220120937,-0.629553297830093,0.867593194250662,0.935730659757559,0.174972057439674,0.535776996035491,0.823749027985315,0.883187601941923,0.734696689596446,0.785495803412474,0.599921703528701,0.966017981234614,-0.598340357422119,-0.340879005439297,-0.237416400788968,0.247965325642993,-0.137306710983628,-0.101367596448964,0.851313254420489,0.955648621864403,0.81378715562892,0.880822473129616,0.0632550205357369,0.898926769958286,0.584040354895505,0.473348227268,0.432968676932171,0.429497553638251,0.478276303857177,-0.376405374995074,0.528704839896445,0.83499537092135,-0.101384196805628,-0.118875330612442,-0.110289786577089,0.265563150187429,-0.865959598764476,-0.804005180221196,-0.881521181615869,-0.895607833483859,-0.598783548343064,-0.561262960236351,-0.762982216514674,-0.141046325257623,-0.84181929208794,-0.876114887750584,-0.838036668611631,-0.771628318314598,-0.869640093788269,-0.798593387827469,-0.916733924419145,-0.816905840282511,-0.94359289595352,-0.871086863366002,-0.127983011896387,-0.90652509857508,-0.929554520855569,-0.94112685259472,-0.944119644583545,-0.0102802470372437,-0.573531048442551,-0.717862996859702
"Mean_2311",0.906789153543359,0.872561338079588,0.713766702094326,0.898053691994821,0.292205823506426,0.827322989158096,0.857595133597603,0.950892659338116,0.631994303252848,0.817961243047268,0.930736923904137,0.952824242990915,1,0.953604163394677,0.789162865556131,0.941610729350874,0.332849835262587,0.279299045369556,-0.223331757575599,0.838260911028586,-0.563824174464455,0.422432247605731,0.662878249938778,0.68867868267896,0.0664722271473992,0.365850030136405,-0.596316442264224,-0.759742173849847,0.637633745163806,0.423340828796327,0.487323658678309,0.738899072170899,0.44038758768757,0.689276878951706,-0.872565622980854,-0.866827550356008,-0.822612379855574,-0.925987758020813,-0.462205247161904,-0.491836692772135,0.00947183460539909,0.780066576078336,-0.889200040531551,-0.847974864081027,-0.896059278581031,-0.796737964865003,-0.883350928974887,-0.739241079457507,-0.800165385504859,-0.323187728259584,-0.540512351276017,0.248923382799914,0.253340621519093,0.222465412536056,-0.477006474324412,-0.686823400511609,0.734028340169347,0.960379143030912,0.349548664995333,0.690498395113673,0.84498728459572,0.911112304010749,0.540303331660925,0.64982164916247,0.364998748552218,0.906566677662259,-0.451836550035116,-0.152341837327156,-0.242583226049393,0.251385293938276,-0.0113722070714391,0.0644415848665352,0.752145278330293,0.871756247209737,0.644053969936471,0.832863282593902,0.0779095099294467,0.816437480699881,0.464846505385859,0.244104465929724,0.222037508413059,0.191909628410033,0.213877834815514,-0.504841398736636,0.287668828674933,0.68736467917752,-0.322542236178807,-0.356836613456582,-0.321003568047989,0.316138987737015,-0.764395338104471,-0.653250750384658,-0.748750603401227,-0.760770936340464,-0.591306897655652,-0.62859259300939,-0.787505854752152,-0.13463429332247,-0.82750425879807,-0.796494161034138,-0.691141358819569,-0.569714310280266,-0.772966625799618,-0.644082458226741,-0.872666111830042,-0.78584090500428,-0.868770685156465,-0.761002495899711,-0.138030722012847,-0.808169596408475,-0.951890893545172,-0.953159992974175,-0.911764927917217,-0.144413051618192,-0.58745097180097,-0.633891779198916
"Mean_2312",0.949189994569372,0.974002946827617,0.85891912871642,0.87429461866347,0.505130446963133,0.822760252979413,0.892663947899652,0.940301248626551,0.718140702303256,0.819557361815179,0.985914900843268,0.980898769787968,0.953604163394677,1,0.892321815879221,0.975609063647901,0.450597947552465,0.271476836176827,-0.016080285917014,0.954263281835862,-0.558081904565474,0.463011797161984,0.839333604694872,0.836787703906229,0.0963261567135914,0.262913333337082,-0.535872792483852,-0.745147789639126,0.683694120894755,0.497444472519611,0.571117956138639,0.781348435110453,0.5980049680373,0.788139084673029,-0.888750947735242,-0.910808859009956,-0.659009734484064,-0.956710382666205,-0.227164039179904,-0.340561269105087,0.247143326055736,0.908363357143057,-0.862181972898477,-0.836288162504243,-0.879267472229131,-0.80825205797214,-0.84419295937357,-0.725936508803083,-0.79593755973661,-0.52652216043763,-0.721045048696935,0.105937344437145,0.0428166385856677,-0.0350929309430005,-0.322601499643236,-0.539669425522193,0.876504555068595,0.953001038093822,0.181216528459486,0.568904118494354,0.752072529575326,0.874874775090218,0.619331968786045,0.735539158646129,0.547639583271007,0.96259625945002,-0.625206751425439,-0.241675665492514,-0.146992454034506,0.337345071572056,-0.173506531358611,-0.143362434332778,0.832415635655606,0.93535244134329,0.771675698431012,0.885827230117681,0.113446265753332,0.941962770265569,0.495585642546744,0.34809297612449,0.323921920916547,0.29794616755645,0.400776583664426,-0.457957991488056,0.538424972438473,0.846282070484228,-0.0375307986895694,-0.0964300999778597,-0.0671073554574344,0.289826923424417,-0.891077981222931,-0.752593290845685,-0.862316505133307,-0.843952552121808,-0.561439973170384,-0.58024175298477,-0.715938038150079,-0.058307095449541,-0.871948207819548,-0.932839296699622,-0.825163188675912,-0.726987420135776,-0.889710730521102,-0.801700066673037,-0.946952809747053,-0.884272502898278,-0.924267939023677,-0.880807782359686,-0.173094751306568,-0.855257260633784,-0.877221259795623,-0.933072083431492,-0.958104113912836,-0.0109535428510099,-0.494603272244954,-0.696181482312189
"Mean_2321",0.937835407908525,0.919985983186684,0.957354520602817,0.600311344700626,0.697807047675908,0.570395538085923,0.735816565329837,0.690779130311003,0.837306758158288,0.582955002789362,0.90309149258073,0.90059767813362,0.789162865556131,0.892321815879221,1,0.888536382321698,0.436079311721404,0.263731263270751,0.169318098418797,0.891428244567448,-0.309514411906554,0.63734804406614,0.877182592861533,0.850214800252129,0.2010843863065,0.314435790280446,-0.324144312516307,-0.606532985471171,0.715980033111551,0.553682355280701,0.673387097728538,0.843281893014671,0.66848265339036,0.719812566742196,-0.84277285424055,-0.889491898673469,-0.415705695720231,-0.750368440530247,-0.102469273437628,-0.277514726339446,0.444498790805104,0.961909504675346,-0.816425924462643,-0.85994135590226,-0.778472170878542,-0.715459859700843,-0.862819976197366,-0.774465414527091,-0.696149973483618,-0.704575587831925,-0.715537186918863,-0.120864744641157,-0.0143426485443048,-0.285248573277445,-0.41192834109807,-0.517099418071135,0.95893421912675,0.766103139251134,0.0656825741935791,0.247507767077747,0.646902902059953,0.624204051759043,0.741941926238442,0.700810082594878,0.759190087153314,0.88800863943605,-0.531768143454914,-0.392075463168761,-0.0179151927748024,0.408830088268089,-0.0745127857421865,-0.13214641206469,0.932280960925808,0.929580129426553,0.935533842683589,0.861506268662435,0.188445685649567,0.903695285914137,0.403177281329159,0.543218723561785,0.419682945820519,0.528005779074691,0.644390892163232,-0.427434837224434,0.76903739708392,0.773160304195513,0.153312126959883,0.144815322653099,0.11037217618263,-0.0149894677999178,-0.796387788748481,-0.738023905833491,-0.888370872237024,-0.846727354880047,-0.38371082371372,-0.275040935754466,-0.699613807193843,-0.276452041265518,-0.90017567280935,-0.868438689525815,-0.931413600390071,-0.867344547645319,-0.904049448025074,-0.890746086564071,-0.911578482426454,-0.854539760249036,-0.938807071238552,-0.792809991245882,-0.090980326749955,-0.832540080683324,-0.772403351144451,-0.886463929732346,-0.948622054489212,-0.0978297641435654,-0.598730252469028,-0.810326079730064
"Mean_2322",0.903702115526048,0.960631398625144,0.857608073902585,0.809345938730506,0.583535577904131,0.765015481380383,0.851880257549487,0.901269955635627,0.722995000122635,0.752509941674846,0.964983300410864,0.976725695689876,0.941610729350874,0.975609063647901,0.888536382321698,1,0.567703155070325,0.430971882381562,-0.164827412685557,0.926561218081928,-0.425555344224593,0.573781740657739,0.824862528763329,0.818957818162728,0.218709530696809,0.403147341445412,-0.395883924673892,-0.637828074596013,0.79633556342321,0.630407455232234,0.632133905673764,0.807215763965904,0.654817363642022,0.831260532963689,-0.925772959782577,-0.955983772768492,-0.674745396441662,-0.947093907088936,-0.210912370280846,-0.221834235516819,0.204934956835937,0.921775113840435,-0.851208570251313,-0.898005583742335,-0.803347969652413,-0.792339259871549,-0.840855877179939,-0.796931572798874,-0.770407317279142,-0.478433246876403,-0.702936629402491,0.20692950649609,-0.00224848359486598,-0.0853399662220807,-0.296434928839594,-0.550908139009923,0.860656009332743,0.937049888588165,0.0635722660692907,0.487653751863442,0.729118993179862,0.846081700254058,0.699173877311524,0.707191303477926,0.571176593083802,0.939153986980443,-0.672169498977739,-0.403486576242196,-0.333308033304812,0.156035255322841,-0.132377242878184,-0.116554969554141,0.865810273162884,0.978139618969904,0.810364361190521,0.93153281672663,0.107229679103646,0.908670154965842,0.623253715026466,0.476595337810897,0.462743337053453,0.416723897882503,0.495048206250079,-0.314466267081818,0.535702951674179,0.821674059923676,-0.0196065915324768,-0.0494007258046688,-0.00724892818616514,0.319382091307124,-0.916430936490259,-0.842010080311518,-0.909568237434372,-0.906400437041276,-0.487795302235694,-0.455903843494803,-0.639755440777448,0.0110375876278947,-0.806625803789048,-0.879689614448008,-0.847394022427615,-0.783146353442437,-0.898203691548115,-0.849668501989644,-0.893068374117115,-0.783672361418076,-0.927127155213778,-0.915086069883074,0.0198959163030921,-0.848258125794749,-0.900155460298344,-0.946166425317594,-0.92562980014896,0.0807373749988441,-0.465956169175232,-0.605331116260659
"Mean_2331",0.265239443829236,0.570146636988586,0.460501847897613,0.161740236566591,0.669201680070649,0.290569633461581,0.244317820892725,0.346654999674964,0.456022308799669,0.223240884056903,0.47659395367593,0.504139128036956,0.332849835262587,0.450597947552465,0.436079311721404,0.567703155070325,1,0.827285951231088,-0.186221575731989,0.594208325260376,0.188316336210585,0.598490812722809,0.569269253125538,0.50906606324115,0.362420262558311,0.21190629098756,0.218002241664215,0.0828083401282287,0.869343458860301,0.917177379749976,0.546533665762059,0.429258120513071,0.800626114569217,0.790546226931215,-0.537386256084887,-0.588925199624049,-0.161590703470218,-0.558658200551799,0.292916844716359,0.53736597225524,0.354060374371352,0.58111809894452,-0.268030196712446,-0.583969028024437,-0.0162413292519808,-0.355336570252202,-0.245297080302836,-0.634943390729571,-0.222528560503752,-0.447636086837614,-0.588220223278734,0.0845970167436571,-0.698243563205101,-0.561953846376007,0.277138548687355,-0.157085720790299,0.463383925912441,0.40436341745777,-0.714884423012769,-0.199971913191304,0.136076098684771,0.403319085132645,0.724933462115176,0.575491577965478,0.528920906162533,0.436817406337625,-0.885212084001159,-0.877932249796082,-0.662238840544347,-0.498736746908734,-0.299665583451464,-0.327630860002301,0.558448379979282,0.648292229621762,0.627019026847504,0.613277261577956,0.0888507035501961,0.450124763280945,0.931724217438231,0.795610582963547,0.921121484671387,0.72978911928743,0.768993295210166,0.53384089120226,0.559374905422818,0.636634948745535,0.427277889496269,0.376007892718996,0.548046753449695,0.249852230707978,-0.740179624131609,-0.852302467335268,-0.659132136116704,-0.726309324678734,-0.169607001548788,-0.0574947745713782,0.0660166323655233,0.501650428756875,-0.143951497504292,-0.487589019365621,-0.515166361295413,-0.68097091721487,-0.490811273764496,-0.654112473562374,-0.262236277416633,-0.12097750544435,-0.396332804209529,-0.760112166827497,0.418133739914081,-0.577616137917554,-0.415419003721419,-0.34772026433806,-0.28194341564194,0.801882781907957,0.212533700145319,0.00530348771578586
"Mean_2332",0.146103859126455,0.363474388030896,0.271806351722438,0.0199430575986377,0.426631455188618,0.0388899648810402,0.133836344729429,0.198093802644917,0.316112836206335,-0.00232435346725562,0.286036968383981,0.38259662841586,0.279299045369556,0.271476836176827,0.263731263270751,0.430971882381562,0.827285951231088,1,-0.58555201234671,0.296702089373879,0.314536202778603,0.623211957642848,0.262183762241459,0.201960525767641,0.447580724242537,0.433287629862214,0.327391174838583,0.210296254091358,0.823356209493163,0.827432142265075,0.458574858198352,0.377418567641531,0.500940747288792,0.502917818353925,-0.573622658048234,-0.560823656489327,-0.278484888217993,-0.381554891640406,-0.129007125728348,0.351079368392402,0.0278201270967653,0.340510959925718,-0.293154734142446,-0.60746322842512,0.0505061117675218,-0.262006332011969,-0.2961968717587,-0.625212199635886,-0.130479561082463,-0.0590881202785702,-0.26457494899804,0.409578008889045,-0.324014948792603,-0.166598704579794,-0.0466761489083233,-0.32310273326675,0.29266606807527,0.357103677009857,-0.526715540221808,-0.138722942491276,0.184154124240573,0.245035023849321,0.639139190495558,0.269274485392236,0.235752545955118,0.216409165927405,-0.530504911360966,-0.900248349412433,-0.856329561924331,-0.634756641848227,0.152918715626208,0.137562404174779,0.492567144248517,0.52236095226178,0.517751683477431,0.55017002070182,0.211438038684331,0.22130300671695,0.883781169389234,0.732308022583502,0.821659450815534,0.661201990392215,0.589119278305056,0.529434914846131,0.185727930050749,0.295019758541561,0.0576250354372757,0.0857745371108695,0.162508564038266,0.343376254999422,-0.474340252407934,-0.685548915884418,-0.523216802956546,-0.620684727280477,0.0616130926051534,0.133633752527497,0.00911105228508821,0.277194279539941,-0.0450969958501949,-0.142254858941932,-0.391552509753755,-0.509879071976895,-0.357339708214996,-0.46662208729033,-0.115482689438271,0.102921494579289,-0.310522024904126,-0.480812879393429,0.694662892117979,-0.36749231848048,-0.454914577273697,-0.34289999971069,-0.144132157844794,0.626115502979018,0.0560819954464075,0.172555911282377
