"","Mean_2001","Mean_2002","Mean_2101","Mean_2102","Mean_2111","Mean_2112","Mean_2201","Mean_2202","Mean_2211","Mean_2212","Mean_2301","Mean_2302","Mean_2311","Mean_2312","Mean_2321","Mean_2322","Mean_2331","Mean_2332","Mean_2401","Mean_2402","Mean_2501","Mean_2502","Mean_2601","Mean_2602","Mean_2611","Mean_2612","Mean_2701","Mean_2702","Mean_3001","Mean_3002","Mean_4001","Mean_4002","Mean_4011","Mean_4012","Mean_4021","Mean_4022","Mean_4101","Mean_4102","Mean_4111","Mean_4112","Mean_4201","Mean_4202","Mean_5001","Mean_5002","Mean_5011","Mean_5012","Mean_5021","Mean_5022","Mean_5101","Mean_5102","Mean_5201","Mean_5202","Mean_5301","Mean_5302","Mean_5401","Mean_5402","Mean_6001","Mean_6002","Mean_6101","Mean_6102","Mean_6201","Mean_6202","Mean_6211","Mean_6212","Mean_6221","Mean_6222","Mean_6301","Mean_6302","Mean_6401","Mean_6402","Mean_7001","Mean_7002","Mean_7011","Mean_7012","Mean_7021","Mean_7022","Mean_7101","Mean_7102","Mean_8101","Mean_8102","Mean_8111","Mean_8112","Mean_8121","Mean_8122","Mean_8201","Mean_8202","Mean_8211","Mean_8212","Mean_8301","Mean_8302","Mean_9001","Mean_9002","Mean_9011","Mean_9012","Mean_9021","Mean_9022","Mean_9031","Mean_9032","Mean_9041","Mean_9042","Mean_9051","Mean_9052","Mean_9061","Mean_9062","Mean_9071","Mean_9072","Mean_9081","Mean_9082","Mean_9100","Mean_9110","Mean_9120","Mean_9130","Mean_9140","Mean_9150","Mean_9160","Mean_9170"
"Mean_2001",1,0.254147022094608,0.821252000348527,0.324741079794801,0.904416738171748,-0.391376776939509,0.58041137404797,-0.0922082016035645,0.238750047964624,-0.576355969072421,0.201837017531937,-0.109774823376398,0.45979064148715,0.0465503278561743,-0.284497335693193,-0.667413723316448,0.139537102629443,0.231492693331468,-0.225116973392261,-0.34292758297061,0.504952375310136,-0.356725619490921,0.64260766024196,0.181509102279463,0.341364440974772,0.00759451715429216,0.637701997391682,0.132701108273554,-0.644392875070043,-0.182651357419839,0.600914000915829,-0.0948633211446656,0.221602475910039,-0.673628190615573,-0.0724278399643709,-0.354432214314292,-0.477847722950496,-0.946327031947741,-0.357519423003442,-0.322446281338739,0.57729118609925,0.125148808431529,-0.0446801532429454,0.150268284382928,0.015720397945485,-0.0838836544941345,0.24314355311078,0.438891948387455,0.186315325276382,0.0620158286277324,0.272788625609084,0.317130375758145,0.294180539894116,0.402159350488658,0.483100316504427,0.487700926130726,0.633348610770198,0.638676858771725,0.56988266694227,0.447660551362107,0.912257525364789,0.0348815693621812,0.613032783146228,-0.15725096609293,0.427373851661974,-0.296463443179258,-0.612643735359573,0.0756734902337176,-0.162782523605425,0.493265149326277,-0.533018024185705,-0.348050087150778,-0.0219894663003565,0.120475466974255,0.00947016965089906,0.309976461970669,-0.0861994179945311,0.32686140612757,0.253225069141009,0.158596064264679,0.246587414635587,-0.207595617115682,-0.118028477668181,0.685590978008876,0.129201090793206,0.0786160586921189,0.506818834118204,0.456368311091117,0.586742722277652,0.509205357079551,0.0710265987044982,0.754532885518435,-0.392310334767823,0.19954649698445,0.352387396784484,-0.298844097621677,0.113015786319006,0.514099403940368,0.0592113286299284,0.466381815284814,-0.337680183296031,0.28465268283683,-0.411114370515491,-0.320410323979074,0.595003907448631,0.144626310230065,0.210357011661756,0.0681779482088615,0.365598408800787,0.633236643643541,-0.122498269409964,0.601442241901917,0.259370127671034,0.738996188277324,0.475879047957001,0.682327708719986
"Mean_2002",0.254147022094608,1,0.127302748392248,-0.254892344355217,0.364374195970122,-0.229040290721188,0.139458691147299,-0.350075619225845,0.231100513084548,-0.0946613609571871,-0.634819251543642,-0.320662661812334,-0.500865235412345,-0.277605985424955,-0.0898330066451989,-0.116474906352934,0.22753454604003,0.324402596998505,-0.582824376392784,-0.305104639539718,-0.0673201028003204,-0.380014343509681,0.000835848510781206,-0.308305078870332,-0.410423302126352,-0.581649176096514,-0.381970673655698,-0.530520723010178,-0.575616231774487,0.10616780736513,-0.0757747855289648,-0.730851858693894,0.375672398015276,-0.260459365862658,-0.251725875388328,-0.100347872701579,-0.131668176204002,-0.0291028111544604,-0.0235994659269221,-0.0868933107472659,0.331480658533197,0.131616873198093,-0.288639975838728,0.197152408397953,-0.343894703970209,-0.275638915356332,-0.102933013643007,0.127708919832002,-0.0121158370018159,0.0797855945066483,0.2866221353806,0.46533908219306,0.678563810952846,0.442202438948498,-0.219522447996156,0.255353603790732,0.58194829000011,0.729279238603707,0.649719210229651,0.642122442363272,0.0706487081383551,-0.465018450318562,0.50916966297058,0.480675040961076,-0.0334026417933809,-0.534195500550844,-0.0943136614161984,0.250056224091512,0.194467964625645,0.607986563831814,0.00938073826720185,0.202245935111228,0.133755964525893,-0.618639072272587,-0.265355077496888,-0.263646462021302,0.643416225013301,0.658275623235668,0.106532517916494,0.51719244486174,0.689915835240477,-0.144706629521639,0.371102466043764,-0.129128732093541,-0.285258079669794,-0.480492121630873,-0.365061272074432,-0.2498029214067,-0.37191075654354,-0.0685437485905976,-0.0177165643805898,0.091944551098075,-0.0123560194872658,-0.055021986217733,-0.564818092002268,0.018834919656226,-0.474695101359465,-0.304056528634581,0.514677174324608,0.447568518884751,-0.212417052579661,0.0502160908538637,0.249727005246141,-0.132133715175492,0.566779089722055,0.484574434246155,0.552062374640711,-0.0359964241129985,-0.220016280813741,0.0600984483085821,-0.319601498449325,0.471877045935267,0.686915265216192,0.162659258753215,-0.0442824228819589,-0.407613950692694
"Mean_2101",0.821252000348527,0.127302748392248,1,0.706297220469635,0.829183385082433,0.104238884714903,0.490331373963296,0.425249414681538,0.594127499194962,-0.0810386018728815,0.390716995647751,0.275413295881351,0.565957633382511,0.479605780834185,0.230100290294244,-0.204518054212141,-0.211106362970663,0.0603836399929515,-0.41646584614759,-0.171688105164285,0.300817161874581,-0.327575404737892,0.700654615464452,0.327664512701601,-0.0204637055865632,0.132413498198128,0.346171616353945,-0.208327675237405,-0.422451959997367,0.21309666798431,0.454790421561122,-0.166895384541174,-0.0465512357843862,-0.63297918900736,-0.183209262806806,-0.552619058609192,-0.394346822736641,-0.85781524371388,-0.396017806088767,-0.0303618167592112,0.507663432407989,0.534332363149693,-0.247882187151485,-0.30055548919851,-0.0626103153893939,-0.306349810284462,-0.083276257142404,0.0925095009823757,-0.0862810782671018,-0.0964500543242799,-0.0681682337093641,0.397382900080608,0.123635628025171,0.435757607874946,0.41467676260272,0.375295204584854,0.453006319374885,0.647058188519759,0.226126095189183,0.302706502240973,0.767526245355956,0.367056868417885,0.554107441988955,0.10395267859343,0.805878589225289,0.180663228353262,-0.788877306945402,-0.27905430962455,-0.501482382085236,0.542379474457186,-0.818686569199871,-0.503847410719987,-0.0754617751389811,0.223611755626802,0.034822684456805,0.593770812947762,-0.0981082667047809,0.50368252500631,0.247081824237869,0.152300448463554,0.141474885680222,-0.195899279570382,-0.154338176668146,0.534234030242809,0.239200842842634,0.239378164755872,0.608703857847552,0.420045602515514,0.719578451606372,0.642166560663898,-0.292897291012497,0.560325800145798,-0.180693807778612,0.284858310632875,0.316816676084311,-0.610330549614431,0.253105795493551,0.562017867284022,-0.387228427547624,0.0150961470419197,-0.150506899446649,0.25798079974803,-0.585663311872339,-0.313216083223808,0.33295605875072,-0.12056355060426,0.081096070484109,0.282042123116451,0.0818408784157442,0.542145639815119,-0.20504736081963,0.146445173860009,0.0381984000396465,0.853697361688617,0.318473894668905,0.507706091638207
"Mean_2102",0.324741079794801,-0.254892344355217,0.706297220469635,1,0.366662009417353,0.297162027233978,0.555006988240156,0.877243775527877,0.714923727353714,0.192496275037819,0.605492850999339,0.41383084380361,0.787480044760025,0.828653824882936,0.633447403733179,0.228952971613535,-0.596813636111975,-0.34335989162858,-0.00424370413973024,0.395574213539198,-0.240473151522801,-0.151111368155601,0.745280958451939,0.640557977641272,-0.286748687623879,0.153641615865435,0.0300543698425389,-0.270912988064102,0.0475024756792889,0.576784260185157,0.383266006591357,0.27821533538628,0.0202832115827238,-0.00552862483466374,-0.0192345226786939,-0.472866713418389,-0.13066828692501,-0.55667880756298,-0.532454813485076,0.37511435045296,0.380837743037562,0.556892236407055,-0.538141463114964,-0.77244509432279,-0.286764471529743,-0.543596092446088,-0.543977123993019,-0.466188369215794,-0.603972914070036,-0.556204789738899,-0.697600501083679,0.00760525284405172,-0.154088718721963,0.215313195783607,-0.0464280519949425,-0.0564968351052296,0.0267547312559847,0.0764086015847365,-0.435797436387686,-0.214859203675009,0.51239174349474,0.804528027071816,0.371742786612937,0.224599258031866,0.938195142234421,0.769391326620319,-0.640663524864408,-0.550438406152785,-0.259433220602611,0.511738352347379,-0.698894504532334,-0.20859429927377,0.00164946599374238,0.486593186073925,0.191863833967072,0.708548245446662,-0.0154087295836124,0.322223521606368,0.0138267902450873,-0.324025552976113,-0.265523944384151,0.0957199358675203,0.0308676901421108,0.406098574464983,0.447487386963011,0.642593605809123,0.660197181224285,0.404213431453827,0.837972043250219,0.732690296820905,-0.722832701627981,0.254834344614362,0.173708211439423,0.592862367451109,0.129844759056606,-0.757642933377598,-4.87708009279636e-05,0.13986569680974,-0.896576071826057,-0.506827493133816,0.0424364190781009,0.383191861338167,-0.579805080304838,-0.262314744037038,-0.208750521284832,-0.593825334528145,-0.116254813111127,0.0301481166885849,0.00876694883764013,-0.102693892056279,-0.507396147645509,-0.478779502808069,-0.321774842780704,0.340756292623937,-0.188273673020956,0.421621682643174
"Mean_2111",0.904416738171748,0.364374195970122,0.829183385082433,0.366662009417353,1,-0.389904060626768,0.486802941781055,-0.031212470879701,0.222418639690014,-0.490853365597205,0.26677121177252,-0.24256228777371,0.381705756213589,-0.0421176927442806,-0.254187221558955,-0.479011847887414,0.275431388301164,0.448557729717117,-0.46292365639988,-0.259843495198939,0.518434777325426,-0.128324447351717,0.599362840139493,0.321784616720619,0.0937343000152254,-0.245251841950738,0.447990515787546,-0.169680619247893,-0.483188166412138,0.0235049238601641,0.445948662406991,-0.229724889713706,0.236430219541753,-0.563137139522862,0.0949070094285035,-0.2209849642162,-0.169789784148114,-0.865117884955825,-0.137764967851571,-0.139117111542787,0.771293065070207,0.350789124025533,0.0290113773862312,0.19030300259634,0.0668358144063009,-0.0148173737373385,0.255801909738358,0.504745604363516,0.141884669444736,-0.0878639960745124,0.204009810921129,0.166898419171499,0.121570633280827,0.212690559746228,0.505623489199196,0.281445879269786,0.818567789955738,0.709475688797675,0.556832248660532,0.296240653950754,0.788779773234496,0.186063325698793,0.820828381937132,0.204718356036476,0.535812687567456,-0.209740331430843,-0.483523894165107,0.214311861620106,-0.284988508525745,0.568309880685254,-0.412190168680552,-0.404022297133426,0.232344116421261,0.0282396282342716,0.285153845745959,0.514984977809534,0.0281976190040198,0.576127327742863,0.529689182602975,0.387198854254794,0.537157122348218,0.0858859164434575,0.187426470172281,0.502745536421906,0.370507890066853,0.209861839680675,0.599471320577796,0.608380460357075,0.572851678950441,0.330173129583327,-0.174466467186749,0.489011230088634,-0.505153567566533,0.0957587200935051,0.14592198781381,-0.495017358607998,0.130630272985482,0.434465773643618,0.0173543334646808,0.263170023605518,-0.507671897598685,0.0831548750784039,-0.508622035092588,-0.0954192102291124,0.441670626226846,0.285920200632766,0.025716962015558,0.0239683331278537,0.212345236975475,0.586393225141692,-0.0874968748403985,0.59342504215915,0.213446679676005,0.699383987858404,0.245189345038418,0.52991902878501
"Mean_2112",-0.391376776939509,-0.229040290721188,0.104238884714903,0.297162027233978,-0.389904060626768,1,-0.451165267975736,0.633849699273289,0.443033860556532,0.941556680420446,0.0849082864180846,0.849448246007,-0.0756173236544705,0.644484346509045,0.806360654948394,0.737092503685411,-0.562200086626238,-0.352640168969175,-0.27001315739218,0.0356065746906819,-0.233672546032163,-0.0969215082634112,-0.211496079404755,-0.164181011082408,-0.372072732653808,0.493506364537754,-0.427747985964494,-0.33368867053955,0.302143646842989,0.391597352771835,-0.350608224790499,-0.218975142445543,-0.696110175692084,-0.14624930383985,-0.450854371225007,-0.363641311103311,-0.0967788467218363,0.350482641983771,0.00755027400433283,0.182130071123169,-0.560021550083859,0.430127900718789,-0.213092953464122,-0.621377404118424,-0.0134431026761391,-0.249658833263504,-0.390913164120437,-0.526336866762392,-0.158038539556932,0.192443931919633,-0.228898741438864,0.418392249598198,-0.104714977968839,0.182320058285875,-0.0475911250307903,0.066278079326848,-0.569962598215023,0.00198722583154668,-0.474657929773295,0.0127826647058062,-0.399886196153665,0.175884750844872,-0.509024076817784,0.118621989696803,0.279442687190865,0.560202801429271,-0.208100346164356,-0.615699477480806,-0.594480741153632,-0.250393652943338,-0.467668426708298,-0.313599456333345,-0.431402794351931,0.0725971063634799,-0.342483975136792,0.095946162874892,-0.223064000946298,-0.0153884144685723,-0.224146129087888,0.0300791026651263,-0.328925094758314,-0.36751438167358,-0.45612480952944,-0.402943327766991,-0.244137282221885,-0.11289577113593,-0.179917773967021,-0.435859468007109,-0.110749025741265,0.110861866048117,-0.162140932758673,-0.289774051640122,0.407662269562334,-0.11322696680341,0.0809546134793777,-0.119006960278672,0.380618445302288,0.227820091259573,-0.483325399603487,-0.52700593989547,0.523110939645402,-0.135720493132139,-0.0508994788052754,-0.125239478440207,-0.287403398578993,-0.393024491877254,-0.0717825510617895,0.547957431504255,-0.550267926740796,0.00847649685119699,0.113670642481466,-0.726137578547716,-0.32428321381113,0.242261433453756,0.0698755270760259,-0.452930875956024
"Mean_2201",0.58041137404797,0.139458691147299,0.490331373963296,0.555006988240156,0.486802941781055,-0.451165267975736,1,0.227130556169858,0.52637329467108,-0.497773191916694,0.0446995031384213,-0.192527982848323,0.547807009853296,0.333673008286519,0.0042367213712568,-0.494654636843146,-0.367072935811227,-0.322600197125166,0.266111663045783,0.140632645553026,-0.314151099709413,-0.470890314714634,0.790855750140657,0.348238161324108,-0.0240697957121285,-0.131173170797754,0.226931724821554,0.0899216288074193,-0.559680210591316,0.0821022600530694,0.589751020515825,0.240377112186801,0.619255280194994,0.0349512434113894,-0.0276906863778684,-0.405795518397214,-0.378425963378858,-0.694070692325445,-0.78685486238702,0.203803965423607,0.599032238286916,0.0542904395044781,-0.618694336388874,-0.351025051854884,-0.586343190110365,-0.614996764156156,-0.452403947890219,-0.265302447714365,-0.579463851889119,-0.601085672343672,-0.478105676327745,0.00440021324504957,0.360408851480882,0.46732494894002,-0.2856370621365,0.14686981879194,0.339925317209218,0.168473649687896,0.108739186525941,0.140341649644866,0.70395874502496,0.213812597557589,0.530327032385894,-0.114717535958873,0.485327647454979,0.0636907955374991,-0.653121599990889,-0.301346025565603,0.436815007291242,0.797148394424349,-0.391582067698353,0.381226309424594,0.135982341035565,0.242922457874937,-0.0310465005741043,0.181694858252421,0.416999271616541,0.322744537350091,-0.282022841558833,-0.511289991323076,-0.196002793333081,-0.046794768579931,0.154087456769407,0.832853952450525,0.140285077510689,0.254601486806387,0.352352068005045,0.285961742968143,0.623655833043802,0.740888946645344,-0.300830500070442,0.726873079845069,0.245296802436828,0.87282235309144,0.0462374633134586,-0.334830517639058,-0.533116261329189,-0.20001951048742,-0.256522338454283,0.260241346528298,-0.0173376816291356,0.827648623685366,-0.134096256148282,-0.33317490179586,0.364466089179151,-0.280934117596405,0.455624962174304,-0.227547768878944,0.549649285370916,-0.164092489623512,-0.786468187384302,0.127969634791239,0.359095873036482,0.0992878620641661,-0.0899659294585661,0.609463741805725
"Mean_2202",-0.0922082016035645,-0.350075619225845,0.425249414681538,0.877243775527877,-0.031212470879701,0.633849699273289,0.227130556169858,1,0.703770112434698,0.598295555354227,0.513199179948882,0.614372155464779,0.528326212992123,0.900307882328119,0.850023373855526,0.609227009978168,-0.722996595902993,-0.46251513720948,-0.0407509657666503,0.424403351628562,-0.455020720760964,-0.0136059225871574,0.392863891604477,0.440125020451776,-0.51126290902507,0.260190179568557,-0.311057879908363,-0.398898906837464,0.31200065434042,0.665563206697241,0.00971095284945782,0.168790663677051,-0.220494003104348,0.18634280247596,-0.128433057982287,-0.451887921797088,0.0377866304170568,-0.148924662595068,-0.351113231085679,0.564982294578846,0.0875911315584914,0.642922990087553,-0.509737782231296,-0.900915971304392,-0.28281784568035,-0.535934739782276,-0.684182201471336,-0.683407116479074,-0.667254670022695,-0.525883956063028,-0.795794254287266,-0.00350809700445635,-0.286238898165546,0.110678264486249,-0.218423084243642,-0.192345300101042,-0.258097741134362,-0.102680284811429,-0.646554159764166,-0.337118189507707,0.0706843686148416,0.744985365590528,0.0382574245003751,0.289810821136283,0.80206673263226,0.923073262521188,-0.457607027405152,-0.717339988244022,-0.360566475104379,0.267661888340838,-0.571313457174052,-0.137862450688218,-0.0147405309830952,0.416663634470705,0.115492054577242,0.602304811758014,0.00513055706365738,0.247286789137336,-0.153412928967549,-0.346185908739073,-0.392572200896128,0.0751488919897501,-0.0167868870483231,0.0890911340044643,0.323352779207978,0.517772410523816,0.382849376815858,0.123454391074137,0.544598440641671,0.521714127011843,-0.730317506716315,-0.0774553381846567,0.391697227169551,0.453131553580865,0.0182453027027893,-0.629953259687593,0.0754210803830691,0.0317527654688885,-0.931764258487612,-0.715416294016401,0.271986231147876,0.235726791840175,-0.443921247009687,-0.0769680138486983,-0.442016618876432,-0.643066319689489,-0.19033416543104,0.226667818680994,-0.185517101188933,-0.271816019290954,-0.388018737476351,-0.780824395712787,-0.381716386157933,0.135124896885214,-0.327193389689639,0.0259228334612514
"Mean_2211",0.238750047964624,0.231100513084548,0.594127499194962,0.714923727353714,0.222418639690014,0.443033860556532,0.52637329467108,0.703770112434698,1,0.419194573476247,-0.0777625865509705,0.560116406996795,0.227758906490807,0.833045411004087,0.686826187757366,0.235315841680788,-0.710581640885738,-0.393022399269301,-0.283840724510841,-0.0381541058528894,-0.492580070874311,-0.533361669286408,0.448743429582192,0.0108153134356778,-0.503821257303016,0.214566373895099,-0.304408666366457,-0.387190764099478,-0.35543519819795,0.591809369770175,0.0588964167088895,-0.276953826376984,-0.0632486164478962,-0.196620541135688,-0.605431594057267,-0.831797305124632,-0.351054932395987,-0.313329886568313,-0.622757015067488,0.445796313836772,0.191388709487199,0.611888004704103,-0.845567569246372,-0.834401337369287,-0.730149369078232,-0.912914717115454,-0.81665412250636,-0.663553474742694,-0.731149939377811,-0.421263647959018,-0.58562751183126,0.54486747070159,0.420683342355606,0.745039390413645,-0.30223116316517,0.355251054686437,0.0490882141896053,0.443115747530776,-0.0725997533546093,0.365487518525762,0.284904754779578,0.245571575060374,0.204426802908855,0.195263693326163,0.683766728341672,0.409718712855288,-0.827803985556384,-0.786530794431051,-0.143153682135388,0.693716206597823,-0.801413019669042,0.163222408426879,-0.0984980042484574,0.223406657422701,-0.365025833983851,0.272740880994024,0.331139823436605,0.578511715856472,-0.409752682661195,-0.196866148163487,-0.228787673653905,-0.397460128089993,-0.129154286431239,0.360266122794433,-0.185970369990777,0.0329885042609545,0.0112235228244388,-0.24033476919485,0.322990992948183,0.785586893364046,-0.438701139735632,0.387838304334931,0.626666330609145,0.658473840382519,-0.163819676958564,-0.35549777284696,-0.218390793794889,-0.0117879842773968,-0.51448675634803,-0.0901083895726433,0.470342661048845,0.632396657837931,-0.0278433474237942,-0.347051177697434,0.280094503348001,-0.3422128420324,0.49551474766745,0.366309686717162,0.00530791129344192,-0.076311311497986,-0.670094238939603,-0.443440472127404,0.248622539837394,0.391157752301411,0.00495566066493656,-0.0175664451833554
"Mean_2212",-0.576355969072421,-0.0946613609571871,-0.0810386018728815,0.192496275037819,-0.490853365597205,0.941556680420446,-0.497773191916694,0.598295555354227,0.419194573476247,1,-0.039991670320708,0.725769502880723,-0.273880083065205,0.544647202295382,0.782499641537387,0.875737745604915,-0.475268630904976,-0.255823177969125,-0.347080885658838,0.0551144427636919,-0.387556982803054,0.0497594277545423,-0.377043151035481,-0.230397664806783,-0.5809383777697,0.317105923483217,-0.667060614645649,-0.48724991627679,0.402733118328265,0.522156648024862,-0.579816442472647,-0.335105570951001,-0.623773358260826,0.0682869909437665,-0.428364431819581,-0.297996961058639,0.148021312916595,0.53911946361973,0.150748974759517,0.392106439738016,-0.476423716222395,0.510616169988039,-0.237093784310805,-0.592548077409618,-0.135201418029459,-0.286045714558874,-0.481781358228305,-0.573954058981671,-0.285688520941046,0.0271008976367186,-0.319746800233337,0.304951049528842,-0.124649159292508,0.0974609156373806,-0.213411619840394,-0.0548765829519606,-0.482203778904368,-0.0202991076329389,-0.449377593774399,-0.0502798779282503,-0.594619284712652,0.144357904618185,-0.451012028120436,0.316914898275764,0.188001003103133,0.541397418322933,-0.0443277802539652,-0.557884687197435,-0.484768429488552,-0.194137168798457,-0.259742708066932,-0.108363874461723,-0.18942892428315,-0.00327042442127048,-0.240827759045274,0.0819552719241952,-0.024446686423167,0.12937703297676,-0.226331432699577,0.0913880936222703,-0.200952442683414,-0.199589009806524,-0.203184408781614,-0.540041434939051,-0.216462143433715,-0.115927822354095,-0.330814853991811,-0.505617236596697,-0.291327713576283,-0.0369686328343644,-0.263090669926967,-0.495015862822071,0.482941779368872,-0.1352317680944,-0.209869847650658,-0.0673200009541739,0.237156048408774,0.00277773226146983,-0.398532682265136,-0.556775513063273,0.517953315807526,-0.187643598331225,0.077540121624641,0.0851352309786339,-0.35082844999599,-0.246001363081675,-0.0763370973575544,0.510816760348343,-0.562232981814636,-0.170824787948318,0.0612995866828578,-0.76049378142461,-0.220993998729699,0.0248117880039426,-0.146258929815282,-0.681987589047909
"Mean_2301",0.201837017531937,-0.634819251543642,0.390716995647751,0.605492850999339,0.26677121177252,0.0849082864180846,0.0446995031384213,0.513199179948882,-0.0777625865509705,-0.039991670320708,1,0.137864171942221,0.793733502862662,0.304815766694736,0.174620179511687,0.188710129879723,-0.00390514488984579,0.0540663143097877,0.140694213530816,0.444515710364934,0.306080118429444,0.481070069654579,0.409150308500017,0.76398065509459,0.134258635974469,0.123705355818909,0.363460606098101,0.0094605692075644,0.547535614272386,0.213723114249811,0.302473944735061,0.559143223002404,-0.12417586035291,0.0980497921431694,0.509534554545538,0.143112774944119,0.26399176034879,-0.42909440865886,0.0896055338969178,0.0742952787694532,0.286742928364428,0.270612707310921,0.274018731413272,-0.165040917690477,0.471547659136783,0.29344442369882,0.188558578820187,0.135991294813234,0.0370627331439289,-0.234147805722122,-0.259492953423828,-0.498042339951255,-0.753927624295644,-0.52433582847308,0.405091315256114,-0.37471847819459,0.0060401958508583,-0.28886557023033,-0.476697843771208,-0.659294595819918,0.363488709718723,0.860234731351879,0.239548215052736,0.118600207165778,0.577090249315009,0.654253975443661,0.0126860927810636,0.0359097163162697,-0.425161515098577,-0.152190022965666,-0.163573888072264,-0.608550275456516,0.144711147722634,0.501106867410047,0.681070169215903,0.792923954646687,-0.517785589524643,-0.141158146050042,0.501726070528688,-0.106144905230532,-0.0934818397162688,0.522769656409815,0.111012453901164,0.0978012793880091,0.806372016503726,0.850922222050509,0.877207616778133,0.782510857177673,0.766974724084172,0.13283786053756,-0.496334763819143,-0.149559118580772,-0.485232889360957,-0.0570930716711537,0.360021772112002,-0.635586196698802,0.450120960347613,0.392384524441981,-0.691065728230434,-0.634373240020784,-0.410932245409846,-0.294291613207641,-0.838860432962929,0.125855444874198,-0.613623529529013,-0.362137691643989,-0.801811693197489,-0.140611729865987,-0.0258876789839388,0.0921111127726053,0.197864223185369,-0.22604473771878,-0.761444686148601,0.170593407785145,-0.170737301037154,0.507953509395866
"Mean_2302",-0.109774823376398,-0.320662661812334,0.275413295881351,0.41383084380361,-0.24256228777371,0.849448246007,-0.192527982848323,0.614372155464779,0.560116406996795,0.725769502880723,0.137864171942221,1,0.123514329047962,0.79145827162818,0.661092676362627,0.479863150519383,-0.530667071182533,-0.301223133444519,-0.156373270013359,-0.172855798649063,-0.107391519340295,-0.188314500017292,-0.0807357373222019,-0.230425187988176,-0.044836466743515,0.797178855361665,-0.0649709016381198,0.0236206035690846,0.163233973390755,0.431482186683726,-0.211891095292885,-0.0840308980132409,-0.763666237429108,-0.336402754592035,-0.688598380967843,-0.674807476901039,-0.243994445906749,0.0584084949631321,-0.15128094639338,0.133393190732116,-0.485703189743426,0.402538977397614,-0.328384881843519,-0.656580929985518,-0.213314995792307,-0.411937792317563,-0.388474107454581,-0.478578245431113,-0.223299639368729,0.146099564676687,-0.219817348597434,0.558033660570077,0.0622313686861606,0.42542196933375,0.127489215441857,0.451945580314901,-0.480423479381514,0.0937717324507516,-0.311173402057382,0.220655518652816,-0.0414635289987269,0.208487553354294,-0.46292382825427,-0.165208966622148,0.286566216654001,0.480698784230193,-0.445181291563111,-0.714996715478267,-0.508774644291226,-0.168120836296458,-0.701356185053354,-0.232925349948001,-0.433726848721443,0.482458505556857,-0.42882322503488,0.183967512175047,-0.448659460135043,-0.0674043040205734,-0.355289027217463,-0.0680370909329776,-0.50476934856758,-0.551248321341232,-0.642222249621856,-0.047583715549702,-0.366286583440973,0.00845505382969806,-0.129686766062915,-0.444351101603233,0.0609539185376542,0.488217080686776,-0.00713671491932205,0.0539320531880974,0.459581688754428,0.055628441046655,0.131836769069634,0.0544805845687548,0.42274337716006,0.443428003211815,-0.500096271597118,-0.255088619117578,0.683706915280909,0.112933692823367,0.0476203397032081,-0.265375572475838,-0.0118226181661509,-0.340739064173999,0.0559993338874745,0.581170973480136,-0.180332479685112,0.174854183148744,0.0567011047725368,-0.694149351638197,-0.314355590016515,0.417801911780939,0.391246793073116,-0.1273835642229
"Mean_2311",0.45979064148715,-0.500865235412345,0.565957633382511,0.787480044760025,0.381705756213589,-0.0756173236544705,0.547807009853296,0.528326212992123,0.227758906490807,-0.273880083065205,0.793733502862662,0.123514329047962,1,0.501771597145432,0.239352790702147,-0.151196027322943,-0.330010203449014,-0.302026917239455,0.402799734282693,0.508185209362492,0.072785925849542,-0.06684267635604,0.825142080734428,0.808105748744153,0.226567707556548,0.137001359417712,0.486942116577948,0.167542224364173,0.0798212640096154,0.138469433404582,0.731629457034594,0.701841377179949,0.206302925636387,0.00808738832211772,0.345852190894524,-0.0923658098860885,-0.22280847087005,-0.688048887518377,-0.499401689904152,-0.0546606495636607,0.321263680903251,0.0533187145900704,-0.190038944548721,-0.388963142713443,0.0940068985883411,-0.122230622771299,-0.100414829315707,-0.120111568238837,-0.218220106269569,-0.3231860537817,-0.404420006042127,-0.267423745430467,-0.289597433804133,-0.0687578022471241,0.148641234654023,-0.152641710541663,-0.0373507750840828,-0.210372889588705,-0.434794840003516,-0.379230265206487,0.706789771997273,0.764115724397875,0.322233558756671,-0.1125177510298,0.691594968610247,0.574603337706934,-0.384675527526275,-0.170287839018769,-0.0543955514557169,0.233740674605107,-0.446256520123558,-0.344465074577003,-0.124382706392482,0.514133887725828,0.316914603926032,0.572515808824637,-0.297019757468085,-0.149651419126811,0.164315631087088,-0.448919751179101,-0.331259795623442,0.20731863020204,-0.0433377146349084,0.499077073051112,0.574639211719404,0.742571112447654,0.866911361506226,0.677025030256055,0.958412742585675,0.587143739310184,-0.457418156267104,0.36554826669065,-0.212860395845063,0.440767867003997,0.449254188107426,-0.640587660519631,0.0492837292552884,0.225593064808052,-0.740225157640039,-0.366488203419713,-0.262987447436002,0.257890992361208,-0.696329050486918,-0.359573823782896,-0.273273642132903,-0.628786528493281,-0.313184953007688,-0.315429526348854,0.158670324746039,-0.0300632462374727,-0.294002399416783,-0.178256931861694,-0.522180639266799,0.232943182456065,-0.0657335787484903,0.79809958595329
"Mean_2312",0.0465503278561743,-0.277605985424955,0.479605780834185,0.828653824882936,-0.0421176927442806,0.644484346509045,0.333673008286519,0.900307882328119,0.833045411004087,0.544647202295382,0.304815766694736,0.79145827162818,0.501771597145432,1,0.827626810601605,0.42134422434524,-0.807506661116089,-0.556856400334938,0.0281038511105338,0.218452514491308,-0.442283254293344,-0.322558722255841,0.421018369880342,0.210017681884295,-0.300429813637661,0.496431155251457,-0.156160545388422,-0.166044108016086,0.0515364014528577,0.596242566268406,0.115751910920252,0.142334101573966,-0.282786862246352,-0.052883606543595,-0.451989660253757,-0.70018299639367,-0.282708286261551,-0.225186137501037,-0.558504931210509,0.376531536788249,-0.0804167923079728,0.495051697291392,-0.689848912341026,-0.94843850550962,-0.473105023366644,-0.7238182986894,-0.738525266020487,-0.742262526429887,-0.658696191282384,-0.35258359597375,-0.677045335164757,0.326000029312637,0.0657075740838746,0.46410869052577,-0.206109389223632,0.185168868581446,-0.338424481629119,0.0254098685287536,-0.495366524102981,0.0131016844255981,0.226960605237104,0.53583443980353,-0.0850702466904923,0.0212639395438533,0.694058493738296,0.747628429747877,-0.662731557380711,-0.841216416236504,-0.246466763418396,0.312685857884027,-0.784977220288466,-0.0420901592504273,-0.266073486218616,0.50728566282944,-0.247622457995395,0.38939703301623,-0.0756601650727416,0.151164910528832,-0.398104964634143,-0.406992789172812,-0.556370473725801,-0.304836317172287,-0.31239683870678,0.24821542728765,-0.0355290350739299,0.319600424119973,0.19628413895335,-0.136717164329173,0.478674229588373,0.772263777449351,-0.4693768323948,0.221878086395065,0.555538187786725,0.553210640909063,0.0685954262108684,-0.380165734689835,0.0185702799241919,0.122662479802376,-0.823779032359647,-0.417325585795431,0.508260372567557,0.463690564274744,-0.205882522589402,-0.369127577747114,-0.116174471659139,-0.650612451809334,0.124948244126213,0.293215673485588,-0.0696032011813608,-0.162127771074563,-0.471467468848783,-0.752358451615754,-0.252773093600164,0.284290738331287,-0.00510508233709878,0.112562361103085
"Mean_2321",-0.284497335693193,-0.0898330066451989,0.230100290294244,0.633447403733179,-0.254187221558955,0.806360654948394,0.0042367213712568,0.850023373855526,0.686826187757366,0.782499641537387,0.174620179511687,0.661092676362627,0.239352790702147,0.827626810601605,1,0.727256001541507,-0.789169292141921,-0.575812586693985,-0.0848146277568083,0.453532155752937,-0.573040789682709,-0.278940522538531,0.244007574308334,0.236932790653964,-0.616711016688176,0.154042219750968,-0.5654157419383,-0.541831752743331,0.205187946933044,0.608260098570138,-0.0173299785439955,-0.00255350784929417,-0.203133380648954,0.124419713725115,-0.256514868715183,-0.345407313425358,-0.1598320614958,0.154898126758267,-0.373867761892078,0.30859070604466,-0.245531822897475,0.435222637087419,-0.621174442450262,-0.890831269384531,-0.293845530499817,-0.574079111646947,-0.735394984817922,-0.799607892777916,-0.554517962006498,-0.20337019852498,-0.605061992897112,0.264162672222003,0.0135839559732721,0.256041915337434,-0.426779055646498,-0.156753321151089,-0.469921439755941,-0.0516596213682028,-0.652210438080731,-0.113244130365087,-0.148012427430366,0.457916251390475,-0.142228010028916,0.355661505718602,0.608348860322345,0.782481807088031,-0.335236206547535,-0.652670327935363,-0.24738219505466,0.222356061597878,-0.51973856730756,-0.113187061116492,-0.348145918168197,0.0465564035267988,-0.247734694814269,0.203140035308122,0.136186690313854,0.154781250195871,-0.250008678695197,-0.234595228079037,-0.327352204231631,-0.157646314088523,-0.113886983098755,-0.244652071842393,-0.00454381623679138,0.160815519360503,0.0519848930064385,-0.228958086736812,0.201286282598766,0.371482184858054,-0.598621852736915,-0.179281989494263,0.486598134179391,0.296928117739721,-0.106104656023226,-0.47780522910434,-0.108362839026299,-0.16242917019952,-0.7557766984379,-0.666811780478943,0.329742395634757,0.148444470880292,-0.218751887262521,-0.342718086408882,-0.373126406433805,-0.684493848579536,0.0325693076625254,0.15278717731679,-0.566547565627314,-0.385095589580475,-0.430942657456532,-0.797320593197264,-0.302307972934129,0.07450246787046,-0.316343263135415,-0.302117481902934
"Mean_2322",-0.667413723316448,-0.116474906352934,-0.204518054212141,0.228952971613535,-0.479011847887414,0.737092503685411,-0.494654636843146,0.609227009978168,0.235315841680788,0.875737745604915,0.188710129879723,0.479863150519383,-0.151196027322943,0.42134422434524,0.727256001541507,1,-0.275226201341875,-0.0954954197153432,-0.267518496359022,0.355233303796568,-0.403367171009985,0.357778432882692,-0.332529116028153,0.0789242987178022,-0.672233738429922,0.0184972926675318,-0.732654102811725,-0.610738363551366,0.694528187373864,0.684099517795241,-0.562188667555055,-0.139335778857011,-0.408587319667964,0.382929266448068,-0.0759804420180794,-0.00486866315869262,0.483378852688031,0.569425745216813,0.320906759092534,0.477738712977611,-0.255826353981606,0.507942562757747,-0.149076887452438,-0.506395320474844,-0.0425749143785305,-0.146197628095245,-0.422461907270219,-0.496691989831284,-0.334915097621224,-0.186555861558698,-0.427605822059974,-0.0710655251639054,-0.363672234727991,-0.246805309233294,-0.282580612926383,-0.382023060444755,-0.35796196015319,-0.200991593184703,-0.586039346353206,-0.373318108389362,-0.588686279224398,0.419734102602048,-0.208617086620121,0.59669300441051,0.235004250006311,0.681970253372818,0.26163532311686,-0.278429071231427,-0.342717239581283,-0.161204804900339,0.01904776582008,-0.100440710563602,0.0898532485220881,0.0244404885840554,0.145414238740594,0.277451785922241,0.0173224684135592,0.145180863951535,0.0458395982794432,0.125425370483268,-0.0165285835536972,0.253634171249912,0.210272608405664,-0.694718555556475,0.151823127147524,0.234723773254968,-0.12966650570183,-0.221060179719169,-0.197425168839644,-0.193894117543806,-0.551860391316278,-0.770786471819577,0.252516253833021,-0.21750509627213,-0.441297066233622,-0.242049606633407,0.101960177007884,-0.207022178578516,-0.495034518086662,-0.779437545592641,0.188110975386348,-0.395857853133168,-0.0986054049086486,0.247211670871193,-0.652053282634475,-0.224397981735004,-0.387440210454164,0.164934815430156,-0.631937736910047,-0.410914059259252,0.029366467121894,-0.768840279380853,-0.432128027057939,-0.233183047789717,-0.493325111568765,-0.680369479920169
"Mean_2331",0.139537102629443,0.22753454604003,-0.211106362970663,-0.596813636111975,0.275431388301164,-0.562200086626238,-0.367072935811227,-0.722996595902993,-0.710581640885738,-0.475268630904976,-0.00390514488984579,-0.530667071182533,-0.330010203449014,-0.807506661116089,-0.789169292141921,-0.275226201341875,1,0.908208425675335,-0.291573497030007,-0.36540756728491,0.710383627366717,0.565168505317559,-0.403578732122613,-0.131191397933919,0.369245128428726,-0.304411600446703,0.323710143085724,0.143208840243963,0.151423407909268,-0.214123666616754,-0.213335015184308,-0.184529596838821,-0.00996655072228618,-0.145199463149055,0.307101494415964,0.464778132182171,0.487387532362628,0.0157701042383308,0.761437355822666,-0.290415951712735,0.263324491224491,-0.149215962874854,0.725975288863872,0.893415489573793,0.463690689679486,0.698987950702622,0.811570818083843,0.888471079626169,0.651316667449408,0.289387728504923,0.686603199196182,-0.246453488519944,-0.181138166879362,-0.458676740946094,0.559779486417086,0.0443376538767774,0.562667938428527,0.18955492424407,0.579749318515602,0.0339029882269599,0.011747993434403,-0.2215362720284,0.297398356325902,0.138993336122389,-0.483481865627965,-0.59772890070758,0.588756369323832,0.858595230506674,-0.0412109820134082,-0.284009205036803,0.558855570307912,-0.194053286180203,0.453501887473418,-0.101829117227995,0.466521923893445,0.0581854635320489,-0.257963526180388,0.024809379660675,0.66433074581676,0.688820598910736,0.699638968618364,0.399694906866495,0.352848614712967,-0.244418740093568,0.193042383591477,0.0240529534697443,0.00636585839208345,0.283610742032293,-0.298156105643772,-0.579361158430306,0.326906806554988,-0.281408190236483,-0.728763049461921,-0.703386680996957,-0.221349770705328,0.298576972728541,0.263864766617529,0.211451330894666,0.641602323523698,0.332536206166572,-0.539960394240763,-0.636577822268116,0.0507981621164837,0.452335995070696,0.121262217978279,0.828943933675371,-0.371539288444104,-0.183876672077103,0.104977421090931,0.399493395096834,0.618848694539261,0.653163488748804,0.00278961030406947,0.00202792904756203,0.16872212968216,-0.0204473341094235
