"","Mean_2001","Mean_2002","Mean_2101","Mean_2102","Mean_2111","Mean_2112","Mean_2201","Mean_2202","Mean_2211","Mean_2212","Mean_2301","Mean_2302","Mean_2311","Mean_2312","Mean_2321","Mean_2322","Mean_2331","Mean_2332","Mean_2401","Mean_2402","Mean_2501","Mean_2502","Mean_2601","Mean_2602","Mean_2611","Mean_2612","Mean_2701","Mean_2702","Mean_3001","Mean_3002","Mean_4001","Mean_4002","Mean_4011","Mean_4012","Mean_4021","Mean_4022","Mean_4101","Mean_4102","Mean_4111","Mean_4112","Mean_4201","Mean_4202","Mean_5001","Mean_5002","Mean_5011","Mean_5012","Mean_5021","Mean_5022","Mean_5101","Mean_5102","Mean_5201","Mean_5202","Mean_5301","Mean_5302","Mean_5401","Mean_5402","Mean_6001","Mean_6002","Mean_6101","Mean_6102","Mean_6201","Mean_6202","Mean_6211","Mean_6212","Mean_6221","Mean_6222","Mean_6301","Mean_6302","Mean_6401","Mean_6402","Mean_7001","Mean_7002","Mean_7011","Mean_7012","Mean_7021","Mean_7022","Mean_7101","Mean_7102","Mean_8101","Mean_8102","Mean_8111","Mean_8112","Mean_8121","Mean_8122","Mean_8201","Mean_8202","Mean_8211","Mean_8212","Mean_8301","Mean_8302","Mean_9001","Mean_9002","Mean_9011","Mean_9012","Mean_9021","Mean_9022","Mean_9031","Mean_9032","Mean_9041","Mean_9042","Mean_9051","Mean_9052","Mean_9061","Mean_9062","Mean_9071","Mean_9072","Mean_9081","Mean_9082","Mean_9100","Mean_9110","Mean_9120","Mean_9130","Mean_9140","Mean_9150","Mean_9160","Mean_9170"
"Mean_2001",1,0.74417186688156,0.321514764871587,0.445465186666402,-0.149147710282418,0.185461743907098,0.287722215229049,0.376431195243508,-0.183968721294782,0.23677761821198,0.227276236687964,0.480294743179194,0.011639341879287,0.431632713008654,0.221470038555175,0.148904592860869,0.156067256980864,0.131953936977571,0.863951220224,0.719580945516717,-0.766044313768541,-0.0872462973312256,-0.227537742813306,-0.247911856545314,-0.596007504581636,-0.735414070288442,-0.787864619691633,-0.584477218163078,0.216695456618739,-0.121563920259423,0.0200074767216972,0.139238156258289,0.378485383867126,0.405559879115674,-0.644117209049968,-0.603380179929755,0.524626638379687,-0.620687262410131,0.0471288265847369,-0.0252362113443309,0.624652834602324,0.808468472452679,-0.320691672488345,0.0176127399945475,-0.613001212819856,-0.304710767088681,-0.631064433035697,-0.01213106977474,-0.287549778669784,-0.108337823420931,-0.197092728156833,0.471868489062834,0.357068036688192,0.178794230269856,-0.247493424234741,-0.054146701000508,0.939109166566821,0.801670968461559,0.364687803568209,0.452161927428189,0.695886320293112,0.370332633637651,0.29309683252487,-0.123137600077537,-0.0384406451821648,0.362975700288696,0.121314027993047,-0.0366450699659756,0.767591089165267,0.565420633303105,-0.426724239418799,0.129920554566104,0.592715607324424,0.600121802752272,0.54546074668937,0.463446268217641,0.575148812823025,0.818563150658167,-0.272746615723804,0.0220107518382845,-0.357869599502981,-0.47369303895364,0.124913553301642,-0.408702505345537,-0.026556031951831,0.275118026505436,-0.257904853312487,-0.0336291962380286,-0.0565463570374763,0.296374393662988,-0.254973996004996,-0.333370872484523,-0.711290594019902,-0.816003033359683,0.026834776855566,-0.339521263964282,-0.668028195279711,-0.360913537202445,-0.783301995688749,-0.328600080419869,-0.909454068816412,-0.711349927184993,-0.835623006314279,-0.426962207715164,-0.649151203491314,-0.700074242120012,-0.659222889656847,0.00323314331097579,-0.427961415914284,-0.455130907883322,-0.322910502998706,-0.773968156774695,-0.939117787446221,-0.323990985981077,-0.502702030937808,-0.639383105103221
"Mean_2002",0.74417186688156,1,0.495614108574445,0.0919398642529667,0.0253897878250409,-0.0430046753069985,-0.0494508382632742,0.499287198569261,-0.332173143678152,0.226852154372877,0.567163810168354,0.816012809420903,0.349401911130039,0.76363829630209,0.590330678593882,0.563423945470657,0.510490180612029,0.411362219003951,0.826897619083912,0.554336800471735,-0.502046530108624,-0.296449762749924,-0.110706297696879,-0.179937382052186,-0.456291962092634,-0.736963155803293,-0.488426222637462,-0.622094562615113,0.149854731898739,0.307161196226215,-0.110978323728766,-0.118910013444513,0.413824841263346,0.620282429259165,-0.416031006909778,-0.287540805506187,0.654952746524678,-0.94146925707497,0.459835677210334,0.0270548597869617,0.530772970431159,0.751579381769988,0.0590893957900962,0.0996178051874429,-0.112717004528068,-0.016680889979165,-0.242874889263865,0.0435599714175416,-0.369452777986397,-0.202380322420232,-0.478517913547672,0.24567505752137,-0.0028431236517033,-0.175103705951587,0.135195363592223,0.187747802594772,0.825311267985841,0.7860089754964,-0.288115590098045,0.0752702435585677,0.143244965052774,0.121482344596103,0.411829235701335,0.112490068232489,0.099220873708023,0.238727948606537,-0.492310829062189,-0.367177244663756,0.396336970726673,0.290433300914056,-0.509192388943975,-0.229127286213657,0.405433705550996,0.394299371242632,0.711867491446048,0.370989326379822,0.475004040405055,0.605955627343345,-0.0290560333292102,0.302274372655708,0.0712534417776403,-0.0977130752572163,0.481275711078456,-0.15046528040821,0.215565341977001,0.0182341490829885,0.113858659814819,-0.0812619363400853,-0.0738908895086865,-0.113488496342581,-0.489404923702877,-0.743787811788586,-0.752242377742126,-0.692150775403954,0.0916669623948722,0.00766949039212566,-0.203323374441526,0.087130309931724,-0.703447756089889,-0.62267478319329,-0.85822653804401,-0.704526474407116,-0.90742440676303,-0.855478828818731,-0.557300757797435,-0.321866303945568,-0.637080338283259,-0.247454254804041,-0.568150246281371,-0.469772986284885,-0.0362501866216032,-0.698217935874384,-0.755500129756781,-0.156508936034824,-0.280145539090561,-0.224754409397979
"Mean_2101",0.321514764871587,0.495614108574445,1,0.30420903536493,0.837182880089821,0.507176539211995,0.175493097642099,0.560958767504863,0.188198724750144,0.685638475721986,0.823577928071689,0.692056827882633,0.188315609277505,0.830169453927485,0.819803333918109,0.764589656956817,0.0568198881663032,-0.465394307938614,0.365776311978425,0.527171972095826,0.0913670130570775,0.115147738575552,0.730234582162057,0.707512895387018,0.247035412915505,0.164476726642706,0.197036102003387,-0.352086957013054,-0.0778623935935177,0.0638305016903562,0.171448871827895,0.404014091668475,0.573505722006145,0.830604775589528,0.113165498299369,0.0258088078908431,-0.147849781934864,-0.513863625283071,0.622287340986198,0.0545554542495707,0.36250028361507,0.496522039746158,0.0412338302600012,-0.129858883448494,0.211226546521862,0.13082610670249,-0.00535721335090188,-0.145543990253454,-0.0396519884816788,-0.235773058409096,-0.145747374063224,-0.103689733767255,-0.366204432565403,-0.494724578579609,0.724468543687951,0.556475461251847,0.233597994928928,-0.0173602376605813,-0.457361058643674,-0.118586501336501,-0.166937580357387,0.251719219085643,0.367453900448312,0.381526604102439,0.806708942941681,0.832883992033432,-0.304060283816769,0.301564641188184,0.301916987694909,0.308820320124039,-0.765270294578215,-0.623120966201301,0.352904142249918,0.337232099249029,0.362979018050236,0.156308313529317,-0.405359184697258,0.0200302985008017,-0.272017161093993,-0.0478020054568664,-0.138406685163516,0.159138001880207,0.536883340133285,-0.394704621737363,0.784578768950815,0.547623281308852,0.680595140744681,0.409582214636053,0.607418659940187,0.172082670154,-0.557229850955038,-0.466014350555141,-0.31109007342994,-0.09223994799005,-0.303910625135073,0.363797590903552,0.0256685805045543,0.469098533099367,-0.574775537735096,-0.879472906075893,-0.424102026806878,-0.574540520633105,-0.489592368185974,-0.776688195458677,-0.817619390941999,-0.509301343218169,-0.890893336615071,-0.652618870347322,-0.239240473084986,-0.829472342847217,-0.215257412676605,-0.269211362874747,-0.541534915639011,0.100339529902336,-0.236551918185069,-0.52329198254677
"Mean_2102",0.445465186666402,0.0919398642529667,0.30420903536493,1,0.226076920918719,0.679071434520182,0.904441994236492,0.683954803149794,0.12034656277115,0.526121785331173,0.0683818003325449,0.0419405354527176,-0.276262085044791,0.165910435431256,-0.228201140016583,-0.0158951206800461,-0.226378480122437,-0.426889742228415,0.0794188852399082,0.557096121021712,-0.553908161515442,0.155741395574199,0.276909015393421,0.248041305866231,-0.0930030294055286,-0.0820219447874004,-0.345685606497957,-0.155332103356949,0.130494505883182,-0.506982735681957,0.193691278418544,0.425096708227121,0.234055232742565,0.208762962668187,-0.547940216498035,-0.593193671349344,-0.27419373739245,-0.237333752410657,-0.259367841840376,0.205283537337664,0.386518067475308,0.325077750787431,-0.5119889944413,-0.102792068852589,-0.497561684919318,-0.382273630435902,-0.319055256519718,0.0196945162932362,0.101088233783831,0.230581420994851,0.13344739840156,0.653526378397893,0.190125266746322,0.355533854095313,0.204968418344012,0.301967715870282,0.338138934315605,0.262144023466659,0.505018746338738,0.692628095885488,0.551457022980268,0.650639468000889,-0.109247224038602,-0.310158920543272,0.0224881178789464,0.581318435947356,0.404420381370737,0.46980442009174,0.380928077853044,0.335526807311679,-0.359681771938114,0.154349754032842,0.472083679434488,0.505586188239955,-0.0749249894907196,0.42589950615103,0.0970837589474687,0.450107917172112,-0.275117214917667,-0.547401339852132,-0.629495252750735,-0.602465770384178,-0.259084546115146,-0.398667987479825,-0.024020586929398,0.790405873906798,-0.0380922725934304,0.286489054702151,0.355361038611584,0.973157137463663,-0.327008071602855,0.0761599141962944,-0.38901934906971,-0.407717205340784,0.120210920563177,-0.386723160260896,-0.292815625325749,0.111132078462414,-0.229420778338916,-0.160147447318883,-0.442582446440316,-0.38456018004619,-0.478016205456145,-0.0233027280114633,-0.69938320764742,-0.854849298834292,-0.501678188332166,-0.196662339831634,0.209135574986167,-0.301339214228681,-0.471517275956014,-0.251686492387481,-0.440626739688974,0.186403522236499,-0.0950375722473653,-0.434208804117394
"Mean_2111",-0.149147710282418,0.0253897878250409,0.837182880089821,0.226076920918719,1,0.628981088765442,0.187405752736689,0.411107517265816,0.477087645903893,0.655339471834037,0.700595004798007,0.363036592161643,0.158444949969478,0.546674654006134,0.597180092869541,0.664302469388639,0.0487718012805899,-0.579667826640468,-0.150944129449384,0.361855177539184,0.459760570785406,0.399323241399086,0.942025229487731,0.938223101388241,0.536905864297091,0.602734906486509,0.566622277110666,0.0399438173690775,0.0521953839344055,0.153034993195115,0.319880936453785,0.504776386998282,0.554447219226811,0.707720593898552,0.278388410888167,0.0958907170169548,-0.4666430872296,-0.111541317968375,0.618445691645831,0.309102224104006,0.250471775801489,0.194887685175515,-0.0590442315134909,-0.380962683608249,0.310598864500527,0.0240193022037354,0.126209224921744,-0.371036907268654,0.0443483285465532,-0.365775572439708,-0.15969499893142,-0.395418240721808,-0.672364404965281,-0.670262653519931,0.86524616835462,0.429552404248562,-0.213931297801144,-0.484080096154063,-0.528433534560368,-0.382671060176668,-0.412142995066394,0.301952200472092,0.327168765239482,0.533319869145618,0.882377716441469,0.79360217966526,-0.312063796106495,0.315506451893343,-0.113002007288658,-0.0817343156492819,-0.542642333373995,-0.641186289426949,0.273068020168952,0.272216131084041,0.178076210990424,0.129057545786355,-0.669453127209377,-0.266458124443109,-0.00415800266859744,-0.00857546390227165,0.0517222791518792,0.419160161282969,0.518433522098027,-0.100658941558407,0.889239372534478,0.63977834828849,0.879312954273006,0.660189213891085,0.860949551658737,0.18084981578812,-0.574898814479145,-0.303097885945756,-0.045786329325477,0.222446865849462,-0.391394776898309,0.368805454968628,0.375480541878889,0.68162743841135,-0.20040277220329,-0.759337297298164,0.000191792974057461,-0.333739877103479,-0.0294245042687349,-0.488305072453058,-0.509162835984338,-0.338236599183603,-0.547640504172625,-0.810547467498378,0.218659328001416,-0.698385048653857,-0.26884949667429,0.103869473661873,-0.0916895549827031,0.472371982345644,0.175532378507829,-0.294181838875031
"Mean_2112",0.185461743907098,-0.0430046753069985,0.507176539211995,0.679071434520182,0.628981088765442,1,0.484548534332662,0.570043187760458,0.277059965810258,0.884363052648419,0.513747201516952,0.129114287838947,0.199140171555215,0.341231728983092,0.1309010131988,0.423865999663029,-0.0311031009049796,-0.519787468752067,-0.173451510411217,0.647076440811968,-0.160955456818173,0.36597001807981,0.551749474613183,0.542779295222602,-0.077985069565053,0.322158824373562,-0.101188871902733,-0.263827089924081,0.404191009430943,-0.199678761344727,0.0916277909222964,0.392987835500451,0.377679730044254,0.448226389698353,-0.370957976053734,-0.523251413809127,-0.417132831662717,-0.0704607986296739,0.190436605193649,0.488513672316324,0.562868728576046,0.459173850276086,-0.757882319846831,-0.60941348041682,-0.423157947031524,-0.616942265950699,-0.53089328402281,-0.585094181550175,-0.322301501886913,-0.254614127147975,-0.19850321902375,0.130508485593506,-0.30229458049053,-0.203700423257253,0.406435049594038,-0.00173308929660041,0.0641254542515633,-0.113051767351912,0.0640190465412693,0.0347641810668784,0.0975633230475185,0.622743987035614,0.0518205334443028,0.0386746418747827,0.349884642725687,0.742762065655558,0.160494758905185,0.377510044333394,0.0331922208993743,-0.121523371072506,-0.127012525126428,0.115700639270637,0.736697809013862,0.707153443898242,0.163618253466687,0.646451289121725,-0.119712207510541,0.168208307350355,-0.0755013841220655,-0.31774683482133,-0.363614235047174,-0.176710988994077,0.0368772087942522,-0.300918849541031,0.423945949189703,0.795618819898901,0.343246082199992,0.476013559347571,0.7894113580953,0.656949548429699,-0.541498561586706,-0.0246565886143023,-0.20297995489263,-0.112726115794182,0.0521953664002724,0.0217589818370309,0.0681927527260093,0.485220363768634,-0.44309870485721,-0.494497800816693,-0.160363931048945,-0.322806326534498,-0.172366147386987,-0.157761119870751,-0.542913971859203,-0.706287153476582,-0.458740348114519,-0.594547138655294,0.587043076606249,-0.598195185793392,-0.805315510689962,-0.359449745167832,-0.369590011609591,0.459126798584625,0.17934291289079,-0.32827455158443
"Mean_2201",0.287722215229049,-0.0494508382632742,0.175493097642099,0.904441994236492,0.187405752736689,0.484548534332662,1,0.599744910678097,0.408177027948467,0.218702409411473,-0.129499662976743,-0.028155689134143,-0.384499892405162,0.0202917249842914,-0.358281850247463,-0.169981641481496,-0.176932460932554,-0.37267956402526,-0.0503983562459575,0.420959918020597,-0.334291226067243,0.400677397349761,0.360902077399878,0.330616620373923,0.175091285210847,-0.00190572118572792,-0.135111937847281,0.225484398892086,0.152522799787459,-0.341895074877908,0.526026960219596,0.639629850974061,0.344153827198071,0.176144399578099,-0.452124929887708,-0.515305474423187,-0.337457659249211,-0.114594932747218,-0.340542366087045,0.239435818930086,0.274485599460291,0.101084266068665,-0.338637978199071,-0.120433863916488,-0.342419240885217,-0.242298053972499,-0.0851976026411126,0.0684355829359189,0.417798797423821,0.170933155494275,0.188404675002286,0.450884592757275,0.0773904804901373,0.30184823107834,0.204029817315723,0.305622761592773,0.195810207502016,0.0877115182122674,0.521646739056076,0.645152810371367,0.594016546974873,0.732280787895502,0.0686648442001067,-0.0914469367673128,0.102290633131976,0.539720229167928,0.322378889248888,0.338662908179097,0.239500860375077,0.276898536469551,-0.442901796983784,-0.0466685460300019,0.286666722501158,0.360452306908013,-0.115931601340377,0.24700093565499,-0.0345394316663925,0.391144314796936,-0.0646235804071878,-0.368197503760181,-0.392222191482357,-0.36859270884021,-0.13590960450069,-0.114972647400049,0.0224846536323401,0.809342419093722,0.0275380996002435,0.420466793858246,0.325450812311498,0.929845934714825,-0.308545653524589,0.0216782098397938,-0.405333018019869,-0.403756953894027,-0.158316897648135,-0.62036440986826,-0.285286687199452,0.0110002686907114,0.0702305665803748,-0.0600009663851997,-0.375062856833755,-0.406408266254687,-0.341626834023719,0.0825954901140255,-0.565264129559183,-0.771879915566326,-0.338532888890615,-0.201319584073554,0.198826157836687,-0.228963176833426,-0.325007438516415,0.0638820085881738,-0.184871223390254,0.297740113623824,0.00857747826927108,-0.431360048096996
"Mean_2202",0.376431195243508,0.499287198569261,0.560958767504863,0.683954803149794,0.411107517265816,0.570043187760458,0.599744910678097,1,0.0952102399157712,0.625344208268619,0.600400773094584,0.652248841588591,0.372842290610142,0.723288189531187,0.286130989963661,0.601649541249486,0.248266418027077,-0.0983538232481778,0.111295992545618,0.558115672487226,-0.342488040153581,0.115828591926118,0.431043676168362,0.332191755131836,-0.0779858227496785,-0.159788791097279,-0.205626533662652,-0.329336181850619,0.264679837791071,0.0623732615864737,0.171772690970051,0.326917247560306,0.443831759528429,0.604860000997131,-0.508578993045795,-0.438262916286558,-0.161570907974562,-0.726545501111874,0.129474300573323,0.287340672726601,0.467384815184804,0.444393738537913,-0.290938971206235,-0.2804033623739,-0.0842895810991081,-0.212106273006669,-0.151178642797549,-0.150937104565652,-0.0612065115640496,-0.00816817591760257,-0.24366602153771,0.388176810011505,-0.211883512757552,-0.0410429948982547,0.480997319313717,0.374073729271477,0.341821864735115,0.349715867613493,-0.1538739589201,0.298669413402093,0.177586324054885,0.650416242654258,0.239187582205996,0.0707402076260166,0.237474860857299,0.63445512291378,-0.269654866778309,0.00787685357305522,-0.0018765411148274,0.0140862709407628,-0.451049016628622,-0.151193704020762,0.513113079511706,0.496775245320153,0.318618155198197,0.511926646214752,0.0835685434569668,0.355898219769718,0.0429122244455935,-0.161679349251311,-0.136676823904509,-0.164074840317966,0.244346964363421,-0.153154303787225,0.316007745742336,0.624096846012946,0.289086841876332,0.18534037293319,0.360822537361888,0.597598121423784,-0.701134192308839,-0.518798072532226,-0.632197641224605,-0.482011082845674,0.059579369095653,-0.173509093489258,-0.0398716290561681,0.511392653704184,-0.387387150011983,-0.614173965051404,-0.569988607568887,-0.577661577812999,-0.703493428641118,-0.588323896677776,-0.746618902944316,-0.632845658706626,-0.62889713466466,-0.540556486706706,0.0541763265026061,-0.594447589344593,-0.493284395757597,-0.421972979254001,-0.43294465914985,0.357221531734295,0.0261937416807575,-0.174523532697874
"Mean_2211",-0.183968721294782,-0.332173143678152,0.188198724750144,0.12034656277115,0.477087645903893,0.277059965810258,0.408177027948467,0.0952102399157712,1,-0.0647603445631461,0.0260051862074415,0.0288045283015439,-0.0241641721643619,-0.0219083334196987,-0.00968746021465651,0.0532436599198764,0.126999341602432,-0.289402170581722,-0.34099114649709,0.216508542962407,0.554128560891182,0.969579810037017,0.680011652077583,0.696481917312697,0.631549964279945,0.51108421675094,0.493596305566387,0.690690519547602,0.379276941638101,0.357887467167212,0.927418774546166,0.898373305852337,0.671606753842218,0.397411908901036,0.065482928330684,-0.137491870638334,-0.462607796699567,0.273218876457896,0.0704062627360161,0.380292676456396,0.181085164045529,-0.108308688824444,-0.134555810382899,-0.61092125873517,0.0865055844857924,-0.0966876131458273,0.0647572701776417,-0.475106419835358,0.461097586948358,-0.511418584763673,-0.0428185529257013,-0.605735136953392,-0.570963548407941,-0.452532578427773,0.25123340543703,-0.124174143983238,-0.280474725554808,-0.580278240969949,0.00209489608400847,-0.275548193560798,0.159733389579354,0.648462220752311,0.655317226230721,0.75878374489471,0.649324370575021,0.558392842933709,-0.109446386670768,-0.0412826176844142,-0.249517456841267,-0.215623317446908,-0.338241417921299,-0.480962361785717,0.15980909831834,0.227275252588426,0.167458337552215,0.0275590390649205,-0.501007868454395,-0.0717181618652352,0.440316602640669,0.350040109518502,0.377638171818162,0.605507695677116,0.494175322825739,0.428040815609585,0.597812080368891,0.619617211485008,0.479403793993252,0.714623994890207,0.58047129201767,0.209468025873468,-0.346571754403201,-0.20831453555868,-0.15261942073849,-0.0371089721261476,-0.850877020175921,-0.466272210671601,-0.0243655440805309,0.035588213580672,0.24169758758697,-0.236202256088463,0.0454077824235257,-0.360094509907083,0.264719040148854,0.0688965961956871,-0.0864670824386979,-0.298165277176275,-0.0535764190897599,-0.518075396974223,0.331223902342609,-0.460124991071212,-0.321379206154005,0.427148734509909,0.250227247251694,0.538932566775699,0.272261578888556,-0.409161555694545
"Mean_2212",0.23677761821198,0.226852154372877,0.685638475721986,0.526121785331173,0.655339471834037,0.884363052648419,0.218702409411473,0.625344208268619,-0.0647603445631461,1,0.757280422873773,0.375203100261898,0.364770632274753,0.611371924020785,0.449803240766847,0.669188256386519,-0.0285532081170943,-0.466100456587252,0.0219691428630025,0.561431458205036,-0.207284419769072,-0.0074463660605288,0.482005931858787,0.455623319616784,-0.182931165405595,0.205499509465666,-0.130991764180943,-0.595218354367394,0.17062777010447,-0.20260033111635,-0.233400117532768,0.104474431833312,0.231991559074779,0.507587003805123,-0.230030529147624,-0.296479070315927,-0.281939449830401,-0.324049385027322,0.362872782440262,0.26952580035639,0.468748789657154,0.532266467634346,-0.533167306685892,-0.378031423016523,-0.213746873817838,-0.393718591200196,-0.426545944243886,-0.411256224457396,-0.46728280235223,-0.121876074616268,-0.211480070854118,0.213558004188166,-0.22812983445427,-0.222939171246773,0.504705480614802,0.20500766805043,0.137219885354184,0.0459217595459992,-0.2100101880705,-0.00731832154330445,-0.130970968616205,0.330390613301858,-0.0625903077832663,-0.0654349043220146,0.349597614611203,0.669409018728589,0.00100264797478592,0.384172816097569,0.101745374464555,-0.0155989852148596,-0.171494585643923,0.0537900758669514,0.637899207555756,0.565570694275907,0.195868021078211,0.552972249466317,-0.105237109884919,0.0668138612734631,-0.27096573580619,-0.37469345530934,-0.407266677944357,-0.221347192662348,0.0658875950814893,-0.502246170514906,0.432862171348592,0.554480768961603,0.3691962308023,0.218843475518907,0.638473641098975,0.441871734512949,-0.50893745278348,-0.12522007932744,-0.160437836140497,-0.0315207017428246,0.243169989530044,0.384441488471599,0.130519726901922,0.609434465493889,-0.63317851002605,-0.640558399870108,-0.209686432756677,-0.269106262242319,-0.342390740451567,-0.436874925969463,-0.637253438146312,-0.552403706286622,-0.620512750695809,-0.546557390586719,0.308377293512541,-0.622383745993025,-0.642453038802002,-0.532225074697762,-0.508464189245028,0.237066937646759,-0.0036253419636558,-0.221266303879225
"Mean_2301",0.227276236687964,0.567163810168354,0.823577928071689,0.0683818003325449,0.700595004798007,0.513747201516952,-0.129499662976743,0.600400773094584,0.0260051862074415,0.757280422873773,1,0.805635225907428,0.685583204339907,0.919596563935216,0.860074378315111,0.986296625538342,0.381587800686035,-0.109572119255696,0.220745949765117,0.508231118446632,0.0722370417502772,0.0420833464945499,0.531623098331441,0.477729898616039,-0.059570173653959,0.069276764987381,0.055131623427233,-0.538759441060798,0.220047581669695,0.360081458615044,-0.0706316429004348,0.106363458231301,0.49282391547837,0.814621918734563,-0.0650702165893526,-0.0746468773988914,-0.0177162251147775,-0.623040947434961,0.710893388374305,0.242324546751552,0.476683983273802,0.585337474625714,-0.148639071485666,-0.401038491157895,0.165458888757586,-0.104222035924712,-0.199448233116547,-0.451927937813468,-0.442152736489458,-0.417176393814823,-0.480250304650998,-0.189069554097188,-0.524780698235793,-0.611521835907178,0.603804856924759,0.208670090364699,0.20546467057072,0.0889522687568879,-0.687363761535084,-0.395797814952885,-0.35527020271446,0.230398321590866,0.394222401738073,0.405476330049333,0.594480945381442,0.62505314791431,-0.558787922433518,-0.0782452775902234,-0.0661264260616389,-0.13534615388906,-0.372516216008324,-0.36669489206343,0.520736558627397,0.449221831720455,0.575723338932874,0.426525403216519,-0.142203969644467,0.0293204980824362,0.0253404772065113,0.162378490860507,0.130909025700782,0.281881575692217,0.604123435257991,-0.183404409666668,0.728579977513445,0.310407650816096,0.621478385192207,0.209967408783243,0.537374859525402,-0.067277541363069,-0.683345270384974,-0.633133429380356,-0.360289964431119,-0.129886939329143,-0.0591339273973954,0.447293964978608,0.220829546819571,0.657240470681076,-0.673746405726298,-0.922399912819293,-0.350634628415881,-0.489554629122373,-0.456482266170828,-0.84840291016644,-0.563858243171876,-0.28192810550576,-0.66784884118885,-0.721825763243674,-0.0282114421780735,-0.800225763034816,-0.424975915276946,-0.516061291866521,-0.472902491627086,0.24897509656006,0.00603996037223377,-0.152162817590637
"Mean_2302",0.480294743179194,0.816012809420903,0.692056827882633,0.0419405354527176,0.363036592161643,0.129114287838947,-0.028155689134143,0.652248841588591,0.0288045283015439,0.375203100261898,0.805635225907428,1,0.630641761758863,0.952623861578058,0.810879548243066,0.83382803266196,0.437738620277131,0.143297297899863,0.502767184758773,0.442939590592589,-0.0810019204401773,0.0192495072030079,0.310378957618938,0.232139522831823,-0.0919993228319398,-0.298418603135026,-0.127666863342183,-0.475121167686127,0.139737697334129,0.443956910762578,0.124618664619261,0.201272402615672,0.539729763524811,0.786465470246685,-0.180730166258888,-0.0804631599437688,0.187486782350814,-0.858090987677971,0.465335037483017,-0.00697501965171724,0.391276090707463,0.551235535954884,0.113584839335667,-0.187040019179062,0.21444024148575,0.133068192145548,-0.0880666037420447,-0.166248110179942,-0.160744912371776,-0.274654052097405,-0.360821619441431,-0.0562946920704379,-0.274057277290331,-0.371321890988668,0.333891133571269,0.245067810704802,0.450208738255029,0.389148709812265,-0.525863303976628,-0.123598613004431,-0.00572979156759761,0.29157712904111,0.581247409026479,0.428989287332996,0.468201128091885,0.516186374540362,-0.591815792971514,-0.283380671525534,0.10745502932087,0.112600619042135,-0.548089890788606,-0.434983033107441,0.358039199690432,0.312304707785402,0.653035709581456,0.25595893817009,0.043182233028598,0.239217378034455,0.0423340598706973,0.30177597350185,0.214190326867503,0.24115267734657,0.658913886570682,-0.11432526358129,0.532322494243777,0.177043356815732,0.355860631731108,-0.00609988971898127,0.135003989063888,-0.102143708757605,-0.575089046023132,-0.799881688253263,-0.610442878273544,-0.442635608106304,-0.235160246199821,0.0990036424814246,-0.161120544879413,0.280603733191304,-0.634667684906568,-0.795929832239928,-0.639423366871975,-0.66414347480243,-0.712266604083281,-0.903704463772803,-0.625876357053719,-0.292736104804981,-0.719632786687296,-0.474616396500955,-0.451586086947694,-0.75746564063113,-0.245273254090374,-0.534080925820759,-0.558969090291531,-0.00153294932659448,-0.2711878752609,-0.287129492606511
"Mean_2311",0.011639341879287,0.349401911130039,0.188315609277505,-0.276262085044791,0.158444949969478,0.199140171555215,-0.384499892405162,0.372842290610142,-0.0241641721643619,0.364770632274753,0.685583204339907,0.630641761758863,1,0.597271135330761,0.504835152812617,0.752933908566158,0.53989728225496,0.344270619454312,-0.0821627129988107,0.171969114257466,0.105153829154402,0.0746934697041648,0.0771525611517477,0.00942365530124945,-0.294604050192388,-0.0424252538777759,-0.103886961379017,-0.405692086501468,0.450489444301066,0.586310450352282,-0.155525824346732,-0.129604244391196,0.204761036046176,0.405689557271016,-0.212163357422962,-0.107383005632246,0.042191057931947,-0.437156836516608,0.334397143460146,0.235454987849753,0.297850715861151,0.313495474349716,-0.22894979721618,-0.577334890966626,0.111942347176797,-0.227169077117837,-0.287616249520886,-0.594053752201878,-0.527685455457729,-0.412899042723793,-0.529515934410855,-0.269134412734501,-0.428382754454343,-0.40775937930748,0.0672006210366967,-0.340183464874781,0.0189932755920756,0.119904387000506,-0.582000736889779,-0.494861511399122,-0.278912287699088,0.187118854524525,0.356051699887323,0.346780290438086,0.118195088450253,0.123002044199062,-0.567313587597897,-0.517423496829939,-0.48768211371925,-0.561736188001411,0.239997513478773,0.0699917367724319,0.401824857582995,0.295744917417706,0.538709140308767,0.436183945726951,0.162300857608597,-0.0229919698054278,0.386447497825865,0.376512632760765,0.444920863229499,0.380415651403333,0.436451461157792,0.184916803600297,0.318107930504401,-0.115408403344541,0.185570289086909,-0.186379881409218,0.111527963620818,-0.319380234264557,-0.443103035611655,-0.546942282962677,-0.255464243219179,-0.131267862062757,0.0599797648457991,0.199592869105651,0.169399261599754,0.422326757407819,-0.42506643775001,-0.488566998288844,-0.0970864496367745,-0.178420084466443,-0.173010414914524,-0.487095648075299,-0.00438770465882486,0.12146326401569,-0.095434908100682,-0.401608979788241,0.148304589675997,-0.449585775489788,-0.509287684409768,-0.505833478549073,-0.121557934550495,0.242578111093295,0.173882545466851,0.254730388828966
"Mean_2312",0.431632713008654,0.76363829630209,0.830169453927485,0.165910435431256,0.546674654006134,0.341231728983092,0.0202917249842914,0.723288189531187,-0.0219083334196987,0.611371924020785,0.919596563935216,0.952623861578058,0.597271135330761,1,0.855194768007759,0.917434233860919,0.348176046007106,-0.0412124150116637,0.437068806559152,0.505102142041953,-0.0926174878080744,-0.0356864306746826,0.440401133758429,0.366048907974145,-0.0779331372386614,-0.168845346805551,-0.0792576359771815,-0.565958582142054,0.0994495993259858,0.309655467571488,0.0145445480790021,0.170142882797932,0.510361396734599,0.821515700070809,-0.145508674421799,-0.0833241331107486,0.0846659777376636,-0.825779810955314,0.562672312712768,0.0620120050670295,0.433195985301491,0.595609064137803,0.0184280780677101,-0.197106333569255,0.192673181202918,0.0659743844720768,-0.109619482435059,-0.197991203346346,-0.247239356755796,-0.246445746099783,-0.360305555812918,-0.000224783920916642,-0.323633572490705,-0.415208772684207,0.51718400067188,0.364290985487094,0.394621852230925,0.312602966649082,-0.569719854250142,-0.129016459480267,-0.127698723225342,0.27296240263667,0.442054391571922,0.342506124988997,0.533613405023516,0.623593780216886,-0.539735747502669,-0.0999365354023613,0.121984928646137,0.114900043070312,-0.563807319300966,-0.42950233230711,0.429952095849364,0.373818366284013,0.579109898281024,0.322811117908434,-0.0480620678653567,0.176155402812691,-0.0704894265727537,0.131073030162149,0.0653249565816412,0.156824871611771,0.592107543313838,-0.250804395030795,0.610618003364814,0.295219025404832,0.477230307705302,0.0831921538943276,0.317875504738802,0.0130915861101987,-0.637502262884265,-0.717836612605522,-0.533015737326403,-0.330602787308777,-0.111652397624369,0.27173812126455,-0.0240591194960393,0.470968050983521,-0.690344587508861,-0.887030638109876,-0.580781704030593,-0.621845011694698,-0.700109161921391,-0.930619512000625,-0.723897251442581,-0.375656931284919,-0.799837137100711,-0.578809148074447,-0.323484056131503,-0.79842781501575,-0.303406850129057,-0.552179811048696,-0.595543253367656,0.0680732827702436,-0.217646323780283,-0.277537862278703
"Mean_2321",0.221470038555175,0.590330678593882,0.819803333918109,-0.228201140016583,0.597180092869541,0.1309010131988,-0.358281850247463,0.286130989963661,-0.00968746021465651,0.449803240766847,0.860074378315111,0.810879548243066,0.504835152812617,0.855194768007759,1,0.850637809709526,0.207759916338149,-0.141304635634173,0.422601672190616,0.255639933683059,0.241725018838313,-0.0720386611078738,0.449362845929554,0.425895377085977,0.10736857442073,0.0546313932092199,0.189869128729172,-0.4680169327446,-0.124908778134649,0.33302223931992,-0.0495617918989998,0.0885549451272014,0.393636793368937,0.717327406876121,0.284657447716881,0.286937391823971,0.0712432327601672,-0.535553671803167,0.692002638950784,-0.13899177936911,0.189767642057627,0.415902041493686,0.269273841601233,-0.0808390939234778,0.419096644722256,0.306849956223295,0.0448275435598684,-0.161716575992667,-0.201810838864349,-0.306322912912974,-0.235404046583478,-0.333566501221798,-0.351493972437317,-0.58209519089974,0.480825722496569,0.326698884935383,0.169147498185075,0.0249562319741661,-0.710688349824914,-0.413917528396854,-0.37200773307018,-0.0845091728032056,0.415190624929172,0.463006381380413,0.685039393768996,0.491440178884315,-0.518786860083235,-0.0164174056470079,0.138508781862317,0.153162723977231,-0.502706006982685,-0.567593392013563,0.171391732914811,0.10833760869877,0.475214327845432,0.00293874029160479,-0.303445747066729,-0.1428117443332,-0.171867909162255,0.224747562051963,0.155175496698368,0.383795169408302,0.638411162759064,-0.269764311597076,0.700675287026516,0.0403172410465434,0.549249261032389,0.0578960923985435,0.278895708949459,-0.361569733924145,-0.368996593336706,-0.557491343962865,-0.181811303232502,0.0187636188507308,-0.271602943326392,0.564087361834109,0.0469200549474311,0.352653794533103,-0.608606600422637,-0.804569222663527,-0.292289200663275,-0.395186453178039,-0.370875283135019,-0.83346628101206,-0.495360835632147,-0.0692288317810248,-0.682770608439862,-0.467433230839692,-0.439627359940662,-0.711329401260379,-0.0604052321671227,-0.344643627797712,-0.438841962680232,-0.118586052019689,-0.309630561936566,-0.289361969536374
"Mean_2322",0.148904592860869,0.563423945470657,0.764589656956817,-0.0158951206800461,0.664302469388639,0.423865999663029,-0.169981641481496,0.601649541249486,0.0532436599198764,0.669188256386519,0.986296625538342,0.83382803266196,0.752933908566158,0.917434233860919,0.850637809709526,1,0.460266547448068,-0.012439248758859,0.160177470544452,0.434833435299213,0.142523625148635,0.0626776072423019,0.520764419420664,0.456274505309541,-0.0175489261829256,0.0674425507501955,0.111938746444861,-0.46600848164929,0.243940113688856,0.472457765237781,-0.0334610076003642,0.0919412274089391,0.493639235656265,0.804895000742188,-0.0453561328389397,-0.0307100007629304,-0.012600830606122,-0.64228430268788,0.706741375272957,0.256549762563394,0.429687749945126,0.513777975148265,-0.079473627649282,-0.416727052605585,0.254803637226547,-0.0556940767625176,-0.116290240643046,-0.451138755243164,-0.40328562840252,-0.434186787189983,-0.514853492112882,-0.250913074420415,-0.584299909131801,-0.641361127536932,0.604514250264349,0.190685252647305,0.151280807048282,0.0689975738318514,-0.762300954327275,-0.454175316059376,-0.407018755208924,0.223019142331865,0.44281871426653,0.469921420428119,0.577653093212354,0.558739614345035,-0.661637170183766,-0.193390252534111,-0.188975216329823,-0.229628297639066,-0.340809567964278,-0.404528946066003,0.457465989165091,0.387056439152535,0.590817377679596,0.392459372426831,-0.143969831298532,-0.00860156580806735,0.13692018631178,0.25057578438133,0.261790062063237,0.37989350332268,0.658433194385218,-0.0604143547610796,0.726898467727089,0.246244651405681,0.637810597258361,0.184313643685575,0.4862115585756,-0.141862459461894,-0.698805867288269,-0.699605188238188,-0.370580458629314,-0.123829624319857,-0.087263383445428,0.417768711186449,0.275317242523981,0.683884362023013,-0.586740406375056,-0.906014139901007,-0.315740661768693,-0.469374628740969,-0.426267762707489,-0.858256269608128,-0.482426286183344,-0.183806619328278,-0.587219279874034,-0.730914428746184,-0.0304302658379956,-0.762401676207888,-0.380004947895076,-0.456408150175353,-0.371466368610598,0.298458091949926,0.071987756954267,-0.0536002220784237
"Mean_2331",0.156067256980864,0.510490180612029,0.0568198881663032,-0.226378480122437,0.0487718012805899,-0.0311031009049796,-0.176932460932554,0.248266418027077,0.126999341602432,-0.0285532081170943,0.381587800686035,0.437738620277131,0.53989728225496,0.348176046007106,0.207759916338149,0.460266547448068,1,0.762227051568968,0.1651788620085,0.467654508635879,-0.0381652476188815,0.236760398662113,-0.02452155720443,-0.0891310510686534,-0.270076821417723,-0.405046721143185,-0.121406872165429,0.0109888468647444,0.759785021362622,0.883896254295013,0.203105354837996,-0.0599970474261342,0.594853836930165,0.55042422110695,-0.468064536514083,-0.447871659362557,0.570470588749422,-0.519038345609346,0.601336362632715,0.704462400667711,0.644639436610331,0.509924722767775,-0.204966957835595,-0.493191111391432,-0.128112060209184,-0.417227614654291,-0.226690946531281,-0.53347275766602,-0.486195253356599,-0.753688398954327,-0.938657085152138,-0.339868503631432,-0.648229991506273,-0.623287037579848,0.183131583063842,-0.365934466124359,0.394801410232022,0.327137299153242,-0.482132639367017,-0.541515697366011,-0.175208608127906,0.319482970527073,0.676061653150997,0.554212030989448,0.0644173811413975,0.00906642135851136,-0.833247647854555,-0.894456984967295,-0.400655237332606,-0.584035356010009,-0.0712535916425671,-0.213712393713111,0.481171812249172,0.510910624205639,0.848635736190535,0.603617385736186,0.457715833610101,0.494348847551915,0.824302663210086,0.844400326381934,0.768890725209474,0.491028489596844,0.730948711411266,0.706767789175207,0.372029839827117,0.0302458953053167,0.396218792731023,0.344222817611126,0.236976203998436,-0.336280369510318,-0.739845413905235,-0.854134234784328,-0.689800862707575,-0.567741867690173,-0.0504748345294309,-0.244704092039978,0.386563594343058,0.37032670299803,-0.186834789839432,-0.501254510545645,-0.428211989462849,-0.567908255122617,-0.331955767210909,-0.543906661860917,0.117598140775094,0.019854443724322,0.0611207609935006,-0.591613500953962,0.169064723829247,-0.264128724583751,-0.172323775175211,-0.29891662674335,-0.099273613097719,0.592958541099923,0.595823494799648,0.281496295871009
