"","Mean_2001","Mean_2002","Mean_2101","Mean_2102","Mean_2111","Mean_2112","Mean_2201","Mean_2202","Mean_2211","Mean_2212","Mean_2301","Mean_2302","Mean_2311","Mean_2312","Mean_2321","Mean_2322","Mean_2331","Mean_2332","Mean_2401","Mean_2402","Mean_2501","Mean_2502","Mean_2601","Mean_2602","Mean_2611","Mean_2612","Mean_2701","Mean_2702","Mean_3001","Mean_3002","Mean_4001","Mean_4002","Mean_4011","Mean_4012","Mean_4021","Mean_4022","Mean_4101","Mean_4102","Mean_4111","Mean_4112","Mean_4201","Mean_4202","Mean_5001","Mean_5002","Mean_5011","Mean_5012","Mean_5021","Mean_5022","Mean_5101","Mean_5102","Mean_5201","Mean_5202","Mean_5301","Mean_5302","Mean_5401","Mean_5402","Mean_6001","Mean_6002","Mean_6101","Mean_6102","Mean_6201","Mean_6202","Mean_6211","Mean_6212","Mean_6221","Mean_6222","Mean_6301","Mean_6302","Mean_6401","Mean_6402","Mean_7001","Mean_7002","Mean_7011","Mean_7012","Mean_7021","Mean_7022","Mean_7101","Mean_7102","Mean_8101","Mean_8102","Mean_8111","Mean_8112","Mean_8121","Mean_8122","Mean_8201","Mean_8202","Mean_8211","Mean_8212","Mean_8301","Mean_8302","Mean_9001","Mean_9002","Mean_9011","Mean_9012","Mean_9021","Mean_9022","Mean_9031","Mean_9032","Mean_9041","Mean_9042","Mean_9051","Mean_9052","Mean_9061","Mean_9062","Mean_9071","Mean_9072","Mean_9081","Mean_9082","Mean_9100","Mean_9110","Mean_9120","Mean_9130","Mean_9140","Mean_9150","Mean_9160","Mean_9170"
"Mean_2001",1,0.731054954810691,0.769131500807704,-0.252512029866764,0.55691098799037,0.310654299704908,-0.125741772939937,-0.457727576735229,0.244632608092435,0.568026892508367,0.845166093210911,0.225605118161893,0.781901903924861,0.132507805189697,0.860495759636388,0.780694198177012,0.59082633398556,0.624877042514579,0.686651727312335,0.637398493055654,0.281935574155641,0.521371602690937,0.512195672894624,0.304624623475263,-0.340071714368205,-0.34497563037681,0.0770407721614145,-0.459695469743522,0.674858198133501,0.498617154784127,0.288058993840951,-0.331887382267994,0.504864254608154,-0.328501904638938,-0.31776190467202,-0.838136303700709,0.271473676880154,-0.270295024504466,-0.770741699915373,0.353472652943414,0.639984421681822,0.82673358964598,-0.762560099211931,-0.680496992962227,-0.776352696313414,-0.778951887309412,-0.765878656914861,-0.666211064065648,-0.756484037960425,-0.729389740050957,-0.493718816507662,-0.528925103485597,-0.349542081802918,-0.537663960995772,0.574658931958567,-0.357242511217188,0.888481401473662,0.610468612981882,-0.171860642777617,-0.526398565922178,0.443056406657959,-0.382091412596314,0.614204283909574,0.273500912412624,0.282738707242098,-0.56421263454491,-0.170026858725909,-0.547829024249314,0.758720154171151,0.553862493454597,0.53702859918341,0.44262121514106,0.790021025725657,0.756643411721404,0.764510656233354,0.720028925152037,0.589522298027989,0.401180654642584,0.597902655479954,0.585231414515959,0.690329744821032,0.573754492062863,0.648387422138121,0.807991465557292,0.7497061614606,0.492744392685812,0.812816161285413,0.576597574945223,0.752572099986087,-0.302972033517117,-0.543297835543509,-0.399762125123528,-0.811514568307572,-0.409301294955929,-0.515880120615377,-0.721174149957782,-0.050275090599424,0.10787300906955,-0.523179181252355,-0.505338904408629,-0.804720915447777,-0.816209574569569,-0.743631538757491,-0.430413184190363,-0.518104016974118,-0.567899555906222,-0.345615002121151,-0.483847403519832,0.544545454195718,0.514990855243623,-0.361217616017483,-0.505578781434407,-0.677945784516645,0.612473253966626,-0.187303274167639,-0.422195633646647
"Mean_2002",0.731054954810691,1,0.749453632056941,-0.286897745733863,0.202707839043712,0.128985822006237,-0.182501467190599,-0.334351892504203,0.0140991494162647,0.526421331396986,0.810130212505119,0.587818790579066,0.749805961687549,0.471548557476547,0.784672591075828,0.685116030437736,0.778382882430427,0.837570563520014,0.655466706423412,0.836667620133599,0.261687378049308,0.784210208270118,0.585149659433019,0.47201232911439,-0.56165234970367,-0.718218517123441,-0.227526687013614,-0.560090660553402,0.758511107178687,0.724481251763602,0.418461205738536,-0.159873885332786,0.431628496141577,-0.307760497994354,-0.643332016566132,-0.964523395923621,0.62157829271066,-0.0571183836390898,-0.591153214344694,0.0831935675522232,0.870024701471074,0.910846208169647,-0.937845139190436,-0.7290836302409,-0.938196148835384,-0.865007658982861,-0.879204120159858,-0.551026486309676,-0.887237253648655,-0.884959148554862,-0.828186872783592,-0.817227944911109,-0.529503258043248,-0.486865901943268,0.208555392408398,-0.483539724666247,0.894310382029508,0.812957791368053,-0.422055163787555,-0.466742936627196,0.495253584555299,-0.146289841862776,0.839242090897698,0.786748786892721,0.0953861457630331,-0.713241382450278,-0.534888269030635,-0.795066912241847,0.763281825382139,0.764158874774367,0.754413328661802,0.734729745152179,0.899428402381867,0.923287999894607,0.914353014997388,0.973842640871442,0.419485945108165,0.509513029262712,0.877758166395281,0.958263433925432,0.902395850320438,0.961916353821367,0.849011224925864,0.749492091042144,0.82624346068988,0.80625514058827,0.853853236653742,0.589096309504914,0.743802000773016,0.0348161878849004,-0.638797828730367,-0.540029593793313,-0.881012009961915,-0.668439043014541,-0.79693421454505,-0.808793626341926,-0.596569991670353,-0.364500029682634,-0.422347352428624,-0.639711999416204,-0.870310049269262,-0.878622424231222,-0.3585038395907,-0.303482395705748,-0.717642348021511,-0.510618184595612,-0.636782924317318,-0.699522414307869,0.890904673804406,0.543984793064247,-0.731829804284624,-0.654478930167033,-0.817373312529319,0.664916560886436,-0.385830706591125,-0.489742714232305
"Mean_2101",0.769131500807704,0.749453632056941,1,0.0197856618162509,0.603001451710616,0.200657522074892,0.399579325051824,-0.129965865385171,0.376042607984564,0.474692131323914,0.597885437721254,0.140029310386171,0.727990589189026,0.188464852410823,0.787841252002184,0.881920002552058,0.806027741057853,0.776127748813753,0.651912824182155,0.870541355099957,0.51854029912654,0.782974892346471,0.725902211176687,0.64439506533387,0.00676225845851591,-0.15528352737022,0.262536936358761,-0.236715212202929,0.868562834487915,0.798425208108633,0.655389113969775,0.0930176656869491,0.793904357241592,-0.0173297518083866,-0.326086925408074,-0.743857090536002,0.587268273378351,-0.0790534920359997,-0.498233133004127,0.49580599146968,0.713234433605254,0.862855703818813,-0.841439509666425,-0.960194422677951,-0.863488229807846,-0.842829070688366,-0.90413903278297,-0.919506427412603,-0.827579555899913,-0.881258767590104,-0.830043134539077,-0.81674939714626,-0.741331429918546,-0.409432455741056,0.0655848280869537,-0.505842076848927,0.842689298745872,0.595315400298596,-0.673014022795491,-0.698098367669955,0.062455645119087,-0.43516802988914,0.49022604923374,0.478678907059915,0.581362504872612,-0.531153777696906,-0.623863346875982,-0.835496855973023,0.620743116520786,0.333967181526142,0.812551124541591,0.821906482573825,0.842639251985717,0.880712912797392,0.887577427824626,0.780245547213218,0.903874974150032,0.825020790459014,0.77627895920995,0.673112696022268,0.637737326754224,0.588630071901615,0.902564009113978,0.834892606162305,0.833361035305286,0.654121604033959,0.823144252225357,0.547819871014642,0.671837140314949,0.0277095904612798,-0.892585468753808,-0.65124585000452,-0.886871360381338,-0.387146727364932,-0.718640473810526,-0.916838245270277,-0.0286362989353214,-0.130885440770715,-0.815705688726475,-0.840863090695287,-0.712967365218996,-0.5906704941464,-0.576262833026069,-0.361245272178407,-0.796176230662171,-0.739403716291031,-0.552846130739713,-0.738616146418077,0.776440426720953,0.179045172048962,-0.648987232050485,-0.788886120497063,-0.862969178463825,0.376346274005698,-0.563449013180816,-0.709894902205989
"Mean_2102",-0.252512029866764,-0.286897745733863,0.0197856618162509,1,0.153210072157221,0.328820356697368,0.471284136331531,0.911233688136506,0.806971371312835,0.184324667325044,-0.226492696315919,0.115911240352248,0.089907846975772,0.392217272164488,-0.0770685128287861,0.0826730721589128,0.198240005746654,-0.267434689399379,-0.574131836565398,0.126613918617971,0.472027502159136,0.294348408678451,0.238499264803872,0.487758394594077,0.74186239422993,0.607908365310442,0.536063673765616,0.594008090021649,0.166889544837646,0.218065514274242,0.590455017112992,0.822675760944088,0.369129203488413,0.886862350940486,0.0199902556040315,0.332961074641026,-0.253010267577124,-0.464732411330227,-0.159347694783308,-0.121423788375601,-0.279163176685448,-0.353103432464899,0.0076853151421485,-0.11473123849122,0.319002194599082,0.446521699395732,-0.0206035622226805,-0.150878793076769,0.330230626483915,0.224935989802851,-0.0372062748738159,0.0754111838830996,-0.463864661023498,0.15418413631322,0.0584002472157012,-0.33825742002683,-0.430864105126723,-0.721762410287655,-0.549698565599314,-0.373169407025413,-0.865751508059831,0.570778497985099,-0.583337286808881,-0.00874896850414475,0.192336174007192,0.751898000219093,-0.233987015600708,0.328654260638714,-0.483385460559031,-0.462919584487219,-0.224981257638784,-0.268127968981885,-0.0309345089469638,-0.0561160963041163,0.0142865101302894,-0.164207813667553,0.140408820172055,0.13247089944379,0.14979859494247,-0.258145508055407,-0.125233204291383,-0.406438364549604,-0.208069118042298,-0.154506934788308,-0.30007423079147,-0.247549005732391,-0.456835179437944,-0.582841083034249,-0.584036385993347,-0.53835103822136,-0.357022899954539,-0.504410302250612,0.222159115696856,-0.182265377994482,-0.124708912682389,-0.171461692552915,0.544087379471484,0.496942846034229,-0.316586314732693,-0.315694853580925,0.360445745156982,0.25279842346483,-0.203547459942009,0.591904990727323,0.0439926895092328,0.280713544320457,-0.313310714377938,-0.409565546439827,-0.275770152289807,0.149740740820757,0.191325650373883,-0.00798021165097473,0.170481188171882,0.104027517798785,0.376932919647419,0.11938846402304
"Mean_2111",0.55691098799037,0.202707839043712,0.603001451710616,0.153210072157221,1,0.438675807403599,0.404676693072563,-0.0230752961070704,0.606884380307459,0.442244309786466,0.345565667208736,0.0706608797915563,0.219127629750095,-0.0275084769949509,0.488956380376141,0.585960001931069,0.443351650502579,0.393289927838511,0.324731573361525,0.336935175702035,0.362713403333246,0.333224007056734,0.668435828877004,0.55889979561706,0.419547656962889,0.434047751634811,0.653950568603871,0.223998355095994,0.596244517599553,0.418340136583921,0.451945480913434,0.0584186721495535,0.814056552931207,0.140793720177136,0.0100693925939855,-0.370204920678731,0.15707105574991,-0.158212752924734,-0.369226929486744,0.560603077153629,0.295823439288328,0.435957451472764,-0.288083312532171,-0.555878238443298,-0.25266994524342,-0.391392403528958,-0.369639893092876,-0.639394816435462,-0.183485734617716,-0.372775777277043,-0.165401941852022,-0.164923169412326,-0.314852411389163,-0.0892428972478561,0.150927119180657,-0.0775688274285323,0.450255084702833,0.0313662352764754,-0.425700507061492,-0.554824183273325,-0.0903003311766857,-0.383319677365326,0.210465497538444,-0.148463135992881,0.596165978354862,0.0325119980953536,0.0974884817512697,-0.251267438730401,0.324355447165754,0.0247464248226499,0.357919822516252,0.26469247628991,0.419031326324724,0.404171964505207,0.385474967644132,0.195040333788201,0.64069714717271,0.398286389874534,0.30437286511259,0.203024713415653,0.312440344587191,0.0368954870550889,0.413865694886499,0.210292120724784,0.407233542994413,0.263439085513853,0.336292259291914,0.0607645564163482,0.298561792610175,-0.31534444360018,-0.533897542565404,-0.40474237825893,-0.339501241156795,-0.0614813462900409,-0.390127197806498,-0.479090761168063,0.390564691855565,0.523507702084374,-0.541288272332833,-0.242837241146057,-0.0730844954498073,-0.0694518341304854,-0.520326387589094,-0.249789172145818,-0.385698511349615,-0.564437671243064,0.160951182940603,-0.318170568106476,0.23243900334816,0.0455457376037189,-0.305636957825478,-0.127188376052891,-0.329259977633062,0.339435821646253,-0.409465206019306,-0.628367345772072
"Mean_2112",0.310654299704908,0.128985822006237,0.200657522074892,0.328820356697368,0.438675807403599,1,-0.251243575819558,-0.00421662255271715,0.342986199947192,0.909516117601727,0.577278865715421,0.262858354320911,0.023742097617862,-0.0347535859323863,0.617778007201716,0.582771528197948,0.296553726461064,-0.225197810666588,0.309706970684003,0.401009827299171,-0.160298652255927,0.0851977207614022,0.619117991847534,0.5035780045438,0.0549630376616196,0.11818754365513,-0.0847650601625859,-0.300085737225177,0.322620807530221,-0.0109511557846866,0.237268903636034,0.0834114888808716,0.386423609077653,0.00285050448179971,0.361967674008315,-0.221175810421521,0.24198374695859,0.0848782518440586,-0.253499491790636,0.503314395131205,0.438775064187291,0.279815101971475,-0.259994734436338,-0.329866836538622,-0.124197281695665,-0.203412679204762,-0.370425099631909,-0.456067393645867,-0.167849998936358,-0.317497639879662,-0.112486321455688,-0.214764421657563,0.0893314119810682,-0.700341970962277,0.581977257614218,-0.69449334357184,0.146198177738161,-0.214048953252914,-0.408379241867253,-0.79412330500064,-0.351811223946552,0.443611976323236,-0.121386803095953,-0.222199837705698,0.572297104765818,0.380082609607766,-0.0310888539303548,-0.0371172998503018,0.47135004715218,0.446170008873152,0.305164908867863,-0.081720660786465,0.4885257214229,0.358311619087808,0.373685218918534,0.265952529663063,0.106353513611878,-0.288976854270558,0.321023774166364,0.0209448275688714,0.14431627282302,0.0705830848047491,0.0683316827759938,-0.0146337748327211,0.404977777257673,0.438012596142266,0.216939240171417,0.212252864943393,0.294882337860434,-0.491877721599109,-0.146694574155577,-0.144772463932829,0.0541992977064664,-0.0134102768568285,-0.525894378779359,-0.169666446615794,0.383681351293605,0.264999261253842,-0.508326657129104,-0.301330606617067,-0.183822142073095,-0.254146005281696,-0.7383176715552,-0.377454012142513,-0.30918468808749,-0.423931821956322,-0.131613613794813,-0.257275062184888,-0.15140086109716,0.483753933810241,0.0746737959222331,-0.242410819895919,-0.338955760827112,0.36696444918101,0.304315341787334,-0.392269351022762
"Mean_2201",-0.125741772939937,-0.182501467190599,0.399579325051824,0.471284136331531,0.404676693072563,-0.251243575819558,1,0.521137738582682,0.50763652835913,-0.301260782807138,-0.454781666884713,-0.38056328670062,0.0476143442218172,-0.0290031869201204,-0.161404589760295,0.140970969823926,0.219644873914494,0.216757264577294,-0.182188052737068,0.137769030166994,0.559955939453481,0.297176973905566,0.219288719491547,0.386670454970474,0.808893787551581,0.64333936839709,0.740680492494547,0.642451769509197,0.285194926154468,0.428705452507363,0.555928557906486,0.5945942806543,0.568498624795304,0.611416312813659,0.0290194659716547,0.230527196090817,0.0792170011247591,-0.0771178938014399,0.172353629259766,0.266363866872763,-0.193132928965624,-0.0575934586830474,0.0141660948628795,-0.380785065105283,0.0219038700884352,0.0318486884685435,-0.0759306059431037,-0.418321158093162,0.0681977968402622,-0.0334356786625593,-0.238914051201959,-0.139991449139903,-0.61612049270775,0.426221854396856,-0.589674709367291,0.0828650292140537,-0.0634355511451469,-0.185634078513253,-0.532558504077985,-0.162918766406689,-0.551596325973085,-0.387634278503595,-0.279927455291734,0.0120673607781311,0.450028116453774,0.128807936793326,-0.363746038462133,-0.200689454970949,-0.36467946231662,-0.663108644485276,0.130021979972978,0.342035641786861,-0.0770453491503501,0.0250587334157567,0.0310480818825334,-0.152848197970266,0.674744579510235,0.725803900083894,0.0550343909749002,-0.118228438709251,-0.163944932941534,-0.305233949412625,0.256356649996161,0.118880644707394,-0.0472571666749228,-0.143525557469339,-0.0933023533261197,-0.232326702933259,-0.241280014462521,0.200436576417845,-0.55761936276719,-0.411189070269798,-0.1494932481138,0.102793112554231,-0.0134776273331142,-0.315799224556085,0.409596595716987,0.132875738205339,-0.421477485274275,-0.352935716592976,0.26518986942147,0.433538231097071,0.0867406426540842,0.222773659187723,-0.219540469397394,-0.17910180279027,-0.0436436857771064,-0.276641076361087,0.160543658077652,-0.577100100022186,-0.231115755553823,-0.195238110686679,-0.0761668935193858,-0.339772490884239,-0.501961885932102,-0.317400506060388
"Mean_2202",-0.457727576735229,-0.334351892504203,-0.129965865385171,0.911233688136506,-0.0230752961070704,-0.00421662255271715,0.521137738582682,1,0.687732455392754,-0.119631255737483,-0.438462231797663,0.181474691814076,0.000867189038545399,0.529174399206027,-0.333317821919584,-0.16897579062938,0.155523896705311,-0.196830817834879,-0.775461840249911,-0.0258437794018436,0.42778485856295,0.283988301665124,0.0963362136858622,0.41091638249657,0.734391631489536,0.534222491143564,0.529213149034239,0.755388537074166,0.0957900613495339,0.271101006768536,0.580440528844291,0.906486031513326,0.264733538208218,0.971643904084028,-0.168797325688339,0.406013880092166,-0.278672929974802,-0.449949226459845,-0.0221278626036734,-0.365168600591911,-0.405912586495309,-0.488259680405446,0.109511423082189,0.0336081944525441,0.416254727490713,0.577879008824945,0.149713464667533,0.0872811859044159,0.476624566342774,0.369207598481623,-0.00187417204338374,0.159464426958082,-0.489302341067454,0.479718014615837,-0.227223973913934,-0.0673925587971245,-0.525746100804957,-0.705605811073445,-0.442248979842599,-0.083898582592461,-0.748908338474924,0.527500396240177,-0.479236883336094,0.148509782480688,-0.0714032503385384,0.700398418981063,-0.218619783344732,0.380999520174115,-0.668312512046926,-0.570188208480047,-0.378873445626176,-0.283689814933623,-0.215650826686241,-0.183419751009228,-0.142776338954399,-0.261267674529228,0.00784071071174031,0.167339862504538,0.0860366456729502,-0.238999783677405,-0.105442554482027,-0.388387475213882,-0.232310498442357,-0.295873636940574,-0.482330640400086,-0.356794890518163,-0.614900872369031,-0.764813079081548,-0.749854461915321,-0.364945102887023,-0.300031468021791,-0.523157630868882,0.253122989602478,-0.285584148640835,-0.0126852202494798,-0.098632578491918,0.288336397821007,0.401228115944932,-0.0145979136083767,-0.137601841560268,0.510837895380909,0.383930781779004,0.184629356136215,0.795289219686891,0.10303460555709,0.470259672199687,-0.198803596687175,-0.369599767144568,-0.196789764039226,0.0208916487122322,0.0549233189853808,0.195335482677421,0.320759082520968,0.0523726744688153,0.276361417053785,0.2159699242324
"Mean_2211",0.244632608092435,0.0140991494162647,0.376042607984564,0.806971371312835,0.606884380307459,0.342986199947192,0.50763652835913,0.687732455392754,1,0.316085977053125,0.09158576836204,0.251007184414379,0.420007204532927,0.48441778632414,0.228457965219428,0.355897616451017,0.456843225592374,0.152644565120057,-0.325974894161615,0.291047894138018,0.683679024498256,0.532429151940258,0.469540088949794,0.613848127119681,0.683390793383884,0.564841985647289,0.800523225389339,0.588771720213749,0.505613459997627,0.504494510608545,0.721633421990374,0.620087777958088,0.688061800083388,0.77001102651448,-0.239381756784455,-0.0761104368380149,-0.235330762060584,-0.690316034865724,-0.555770958073433,-0.00772574917936377,-0.078425605278155,0.00223411617063188,-0.267180187400689,-0.378826815884618,0.0307645024943722,0.117625855622632,-0.264725354386571,-0.39123805888081,0.101213535607898,-0.0270016213727197,-0.147520010192718,-0.0197983243702616,-0.631709966793061,0.152836401321236,0.242243028129088,-0.217918134078603,0.0103278337762456,-0.445691611030612,-0.541927103838787,-0.478066608742305,-0.529499172160553,0.209573920835041,-0.177110586451544,0.0770473374182565,0.239419747009054,0.474649288447156,-0.10407494419188,0.141149036190768,-0.20781246052682,-0.314283967083765,-0.0705311664531094,-0.0928284452109456,0.245314212662034,0.22678670277297,0.280824126877142,0.0686158268000165,0.435833737292209,0.384600063749023,0.356688015117936,0.0311851787256433,0.247253922025899,-0.190912218871933,0.0947744854791628,0.14035250507462,-0.0402023475244877,-0.123229150024905,-0.140608166945857,-0.468565666617024,-0.301317211284377,-0.712316282555853,-0.61878569891276,-0.720681485058991,-0.168652939177917,-0.395501174223071,-0.279609708706549,-0.50252961097928,0.499799243412174,0.735841610754838,-0.433372383744946,-0.368383757272261,0.126721808132681,-0.0210196488239336,-0.430699042166942,0.474432864271933,-0.130460355489918,0.0544965118973508,-0.246700574470146,-0.575456479709512,0.0121446237125928,0.311503337341949,-0.0521744792176819,-0.032165532700365,-0.0240360956283858,0.449608909173808,0.139745208373656,-0.0973163912022383
"Mean_2212",0.568026892508367,0.526421331396986,0.474692131323914,0.184324667325044,0.442244309786466,0.909516117601727,-0.301260782807138,-0.119631255737483,0.316085977053125,1,0.833706587350657,0.487286429040598,0.351382502627387,0.195625854744756,0.85382272591565,0.779059953930091,0.585012269941348,0.147617803834919,0.513658321630314,0.692119740796175,-0.0189196950867893,0.411049835355793,0.764818147286228,0.626981557500588,-0.18684610395244,-0.20215625400673,-0.166910203548307,-0.482467306882259,0.591610047738962,0.295505294604024,0.38542663998149,0.0211242714198593,0.500689997883775,-0.10611290779923,0.0240668878419535,-0.58802764587851,0.44659951560332,0.0177159144036675,-0.48123816600929,0.435597314108427,0.72700881944917,0.604672059858365,-0.619440572118258,-0.576387710348258,-0.490585870325755,-0.516186176521519,-0.682543274679637,-0.606083554106272,-0.506035376227747,-0.627709157242908,-0.440136040168586,-0.518014028547462,-0.153884489882721,-0.798425523032955,0.605041217034886,-0.802786210484354,0.486576998971122,0.139076302190836,-0.522245798581258,-0.871300624811009,-0.103314261159713,0.34867070078851,0.237388111470322,0.150580657119595,0.506026529698017,0.0440238218187792,-0.253861012356345,-0.344219473068148,0.707895224755406,0.697604434001479,0.554625170197589,0.216937504149667,0.792327858549742,0.688668809772601,0.702382926231955,0.635479973557809,0.251471384159862,-0.0416966235674052,0.648018848129437,0.414612866708775,0.506232527084314,0.457769212429778,0.399543078496164,0.301731252841244,0.675278122764091,0.695292327914051,0.526140404995186,0.40726645707291,0.541201940830155,-0.435323961254482,-0.393768013898342,-0.366396859761388,-0.319411894214155,-0.316013717387292,-0.778632083185894,-0.485604855994543,0.0795240381969279,0.0882232825085579,-0.602037532098453,-0.527751315915433,-0.520709625148635,-0.596136553925244,-0.78474053397426,-0.420778691317101,-0.553289848310903,-0.545807285804808,-0.399363130422549,-0.527029782314508,0.235975194299148,0.670696045920085,-0.230051787236648,-0.473332859598238,-0.620664013588257,0.610451930324593,0.134655423653185,-0.510924646900653
"Mean_2301",0.845166093210911,0.810130212505119,0.597885437721254,-0.226492696315919,0.345565667208736,0.577278865715421,-0.454781666884713,-0.438462231797663,0.09158576836204,0.833706587350657,1,0.533369624194267,0.631993130250201,0.268354510560703,0.939429685359667,0.785226440043295,0.653447573786224,0.470660172378822,0.69492495707925,0.729994347084696,-0.0168868507203443,0.505394236560893,0.638557779082629,0.430837890881687,-0.550447844409156,-0.580621044117783,-0.298993938159367,-0.686121414241688,0.664843899599072,0.426262929032104,0.277550061451502,-0.270753682174425,0.398290338298311,-0.384435767363061,-0.285998956107197,-0.883847228068605,0.47346007152521,-0.0614752701829947,-0.674498696967186,0.294353351384578,0.842354948312819,0.834062103739792,-0.812930500303055,-0.619965211837718,-0.767184330972005,-0.757547253734757,-0.799928568588024,-0.56168834239201,-0.755534768507482,-0.779414512422325,-0.556263363413199,-0.625884630307098,-0.197191811729622,-0.760213109289864,0.638836360570201,-0.615666390822856,0.812816368782416,0.561834457690728,-0.263281729772762,-0.653234077270348,0.398206810353113,0.0365741868185714,0.646451367018904,0.391860877769103,0.242883017335921,-0.42911353969944,-0.252122689930172,-0.53284372828638,0.894224775307646,0.87661205719659,0.599291534094609,0.377528158128042,0.893886976311818,0.828068829534908,0.821912130106686,0.843113379484912,0.296662976981876,0.100502308439366,0.732461070258365,0.669538784620318,0.771626125927041,0.750938252784806,0.605611917873297,0.603754821943791,0.812220785581025,0.738758941230912,0.785304771991551,0.611678157630246,0.784897237929134,-0.309568712378645,-0.420980076231525,-0.373426018088994,-0.66292819820739,-0.516139491903643,-0.742218958369181,-0.631838124930193,-0.26697150688068,-0.0758438277729058,-0.43657006940438,-0.497999780825732,-0.828662296522204,-0.902370590682088,-0.70430516223611,-0.487947967276248,-0.611755620215145,-0.557721006467219,-0.434143653850602,-0.544066418359571,0.525179000944231,0.748358173817622,-0.416110665581706,-0.505819233545681,-0.738863774953905,0.744126839039658,-0.00398830835822345,-0.458661679402031
"Mean_2302",0.225605118161893,0.587818790579066,0.140029310386171,0.115911240352248,0.0706608797915563,0.262858354320911,-0.38056328670062,0.181474691814076,0.251007184414379,0.487286429040598,0.533369624194267,1,0.370534978842951,0.847761903120919,0.362455073176076,0.203974391757803,0.577494913026864,0.42447680497056,-0.0473630943655808,0.410735726985596,0.124974451268644,0.598963402346923,0.46909796891095,0.503640157102241,-0.310938624948495,-0.460496041682947,-0.109162278329038,-0.0850655673189971,0.497766270028423,0.508973584851275,0.407012602931294,0.173395951130417,0.257658755735395,0.143156794320166,-0.712008030898673,-0.59496721136124,0.200840791195869,-0.314622123664215,-0.53076789766782,-0.422087654681847,0.460739149094891,0.322561795794876,-0.538629062601593,-0.204830721470915,-0.296425126703413,-0.18847859466785,-0.374292946257266,0.0237882105883078,-0.184041934788617,-0.290511325667486,-0.354107166060896,-0.268322728152199,-0.30669848062384,-0.0778310641265911,0.252527268081509,-0.249506528655315,0.301379268648303,0.139665997497009,-0.301038766755208,-0.236309432218102,0.250633551279705,0.507445262292994,0.589237439429042,0.670551447246899,-0.327836755765142,-0.00808895995745507,-0.114041882914664,-0.104515071175531,0.271403168598402,0.574481937033605,0.146240465581615,0.0736820569011346,0.502079785790289,0.490145153305439,0.477038333037308,0.550701835448033,-0.202908269388839,-0.00794756480518555,0.664977155647571,0.672449003866401,0.783868260174831,0.628342957751895,0.288789259008052,0.028708416252979,0.220132543993271,0.444710361312516,0.143795149461171,-0.165153308133641,0.0776666727261406,-0.404081267020927,-0.316696729888448,-0.561175586004999,-0.292977052077286,-0.821581198767117,-0.629391901216128,-0.426169005456609,-0.588662816210688,0.0986652298889991,0.097165719157381,-0.136789740751665,-0.237263695491917,-0.508393367364294,-0.0238832780978289,0.27955944457588,-0.302812705605019,0.0945387705826807,-0.33843465005612,-0.580729767437499,0.447457128415561,0.769676944918754,-0.494220016898728,0.0329243688986133,-0.211558410261626,0.872382947702228,0.0950960055509527,-0.1008824799716
"Mean_2311",0.781901903924861,0.749805961687549,0.727990589189026,0.089907846975772,0.219127629750095,0.023742097617862,0.0476143442218172,0.000867189038545399,0.420007204532927,0.351382502627387,0.631993130250201,0.370534978842951,1,0.555134954573849,0.659040370614469,0.618997706447067,0.690118746731499,0.677843692970211,0.302542556586407,0.696368236153858,0.598087427140595,0.800778531056188,0.369626911013922,0.35780613240452,-0.229101067276392,-0.386623014780004,0.15831913267467,-0.223658254151966,0.68655461769981,0.715524397387922,0.526599090461434,0.0550517796052203,0.436351923611463,0.0664613722597984,-0.663321560654594,-0.732988045259041,0.137635859912947,-0.582784066360955,-0.854964098661911,-0.0951932344811911,0.462417113509832,0.63484949619985,-0.852145765319023,-0.649517050502775,-0.733987532511285,-0.557477810245883,-0.777883113231819,-0.525174444379505,-0.69544646454917,-0.607344408219941,-0.656732142560831,-0.578118837311753,-0.718043978200557,-0.289415899802216,0.431183454744016,-0.405553504411399,0.698155358559381,0.486988149995957,-0.318957339841484,-0.398615464290654,0.249444019103804,-0.114816929670612,0.502573363321196,0.642485963904072,-0.0122837266501577,-0.47723624617448,-0.472201533972304,-0.474730110987924,0.409370374900547,0.332151824148969,0.377376026551303,0.429138512091143,0.721089053932199,0.73085615901953,0.78197251733956,0.751865625213432,0.53597535466924,0.605837598178002,0.733588040633635,0.650152773806913,0.744336846672333,0.580904167523361,0.607745352644523,0.880202626417396,0.520204949009567,0.319558706068071,0.5966114056359,0.286646090372075,0.405243196896884,-0.359983235568183,-0.717035366162773,-0.688344825180224,-0.856535754826303,-0.717912909095469,-0.496450279554825,-0.848859986982026,-0.179383320987598,0.0515554228242014,-0.457009619101664,-0.682367425914829,-0.758284365006588,-0.825874858354707,-0.530719671883101,0.0778402733374155,-0.448496143477989,-0.184003156639283,-0.732181453707969,-0.743849657214992,0.627058952335936,0.602595647378539,-0.386296507414341,-0.556532757769379,-0.572752635559239,0.654526712670046,-0.0356544397149405,-0.119360160983896
"Mean_2312",0.132507805189697,0.471548557476547,0.188464852410823,0.392217272164488,-0.0275084769949509,-0.0347535859323863,-0.0290031869201204,0.529174399206027,0.48441778632414,0.195625854744756,0.268354510560703,0.847761903120919,0.555134954573849,1,0.175370675983269,0.114687031721064,0.603774855672496,0.45141135586827,-0.340939113617978,0.384082675745897,0.439120044798075,0.742150528072156,0.324909887706148,0.498290023549817,-0.0315375517288184,-0.280283405621224,0.167896102581584,0.228359346526131,0.509430416994278,0.669174210084055,0.611651838874475,0.483434376627883,0.302815588375564,0.506986196169553,-0.855420846885553,-0.423767042688455,0.00618041854973548,-0.600582872907066,-0.586162541904502,-0.612233363876282,0.196770855852219,0.1438914280014,-0.528539625275668,-0.226354512689473,-0.222624636348277,-0.00333938485727468,-0.340837820307233,0.0280219372236294,-0.0969681586768522,-0.150564039469418,-0.409169648652549,-0.238731022833245,-0.626215704711566,0.205958015348163,0.10466768177617,-0.166872751045799,0.167324443882927,0.00136244902304214,-0.363497768221884,-0.125414860743164,0.0448254116463834,0.464680139680117,0.405574678990093,0.781511113424877,-0.426315585252706,0.0546012473565326,-0.293856916949513,-0.0314380031998411,-0.0594733835551638,0.193560520474691,-0.0343430467577623,0.0529225481076932,0.365085156350863,0.39971205299275,0.41696570483645,0.44643835139976,-0.0394109010664377,0.271097906099209,0.646805006567172,0.557801428010351,0.706711280774557,0.448932322099278,0.257671202090235,0.154886080482175,0.0115122471301554,0.157603310105704,-0.0306427895366542,-0.393402200984626,-0.199223608874833,-0.442666554515326,-0.500824965477362,-0.773859533816537,-0.363280406974391,-0.926514015812904,-0.470481093572795,-0.540556712309133,-0.460037994960962,0.183004287268182,0.0782587605436554,-0.267695852083146,-0.150647588852058,-0.409009931338884,0.0750315938310489,0.635062084779659,-0.227095193022273,0.322142152937889,-0.503970686376182,-0.71840436556565,0.445170438491339,0.651158173578217,-0.449612626369387,0.0136410044344255,-0.102485258863491,0.764574977248531,0.140394577647142,0.0949519610004441
"Mean_2321",0.860495759636388,0.784672591075828,0.787841252002184,-0.0770685128287861,0.488956380376141,0.617778007201716,-0.161404589760295,-0.333317821919584,0.228457965219428,0.85382272591565,0.939429685359667,0.362455073176076,0.659040370614469,0.175370675983269,1,0.948255331759948,0.75819973851123,0.500152167733046,0.75621586427272,0.864021844941713,0.106166487830391,0.593024388713916,0.774392969905307,0.591291493483712,-0.322886673049093,-0.396559134557048,-0.141526841736383,-0.603985561308921,0.788386869342728,0.540710759669564,0.459292109903008,-0.101021092883317,0.604579817176253,-0.253118780580706,-0.169480488569424,-0.838693497891586,0.592820943980473,0.00154093457964872,-0.601964955269199,0.515933749280225,0.87578175494286,0.89127437699468,-0.861903578510055,-0.820536184700997,-0.832523217856617,-0.830854331858023,-0.911702486610139,-0.805496222904735,-0.829704397329945,-0.884349280699843,-0.695061309334769,-0.76436166148386,-0.373429214334519,-0.789959660341206,0.511852299614233,-0.732245096556652,0.84348081389316,0.535382433868938,-0.491192364883597,-0.832650245775555,0.170799859300067,-0.0751211458926714,0.521634842183307,0.359455006874597,0.520827336309077,-0.402413959262997,-0.44570347587088,-0.674239171744198,0.889679487668686,0.743681931314879,0.745166188949908,0.541228993487353,0.956197870881439,0.907181152147304,0.907806993303415,0.859587439081664,0.57238024272335,0.319536887194567,0.790964026715091,0.625721398649746,0.701745398276291,0.678843631304806,0.735067708070425,0.703991677627657,0.909370390830545,0.786702785313963,0.850096489619003,0.671659999335054,0.815365471386431,-0.227480619441483,-0.619245442511023,-0.485442716573548,-0.735621910643214,-0.432908556536568,-0.814137819376996,-0.758251002436219,-0.0761365700821839,-0.099270642054168,-0.6926988047517,-0.70979439642407,-0.836418742649388,-0.82314814825183,-0.80208667787208,-0.554704172278978,-0.763494620103517,-0.734435358974355,-0.509854135076439,-0.656458544980828,0.577541143939658,0.58378987654049,-0.476568340282319,-0.692217647343116,-0.875480032015263,0.608475292525159,-0.146506720095343,-0.639014219762156
"Mean_2322",0.780694198177012,0.685116030437736,0.881920002552058,0.0826730721589128,0.585960001931069,0.582771528197948,0.140970969823926,-0.16897579062938,0.355897616451017,0.779059953930091,0.785226440043295,0.203974391757803,0.618997706447067,0.114687031721064,0.948255331759948,1,0.808683287428376,0.493414651192181,0.706016005983294,0.902453570760829,0.204776362785652,0.635183499026001,0.848196472279937,0.715322201678344,-0.0590422953124917,-0.183296312806604,0.038572996409982,-0.432456434811931,0.853128003917812,0.628686986243489,0.622020557609235,0.108569766961432,0.765383402877048,-0.0643761842973658,-0.0766735793877195,-0.721375467008988,0.650459637393833,0.0481458972290636,-0.481765206080904,0.651513449646311,0.819370664465713,0.850701931751002,-0.827767761179205,-0.930292809673105,-0.801726561504755,-0.802660247152344,-0.920867112747903,-0.942555275831057,-0.794000072818899,-0.886693629607525,-0.761353145156367,-0.815173913241594,-0.522441596359263,-0.698410099086454,0.318573670717638,-0.746918609653877,0.788262232831716,0.443719190001711,-0.664625111411524,-0.912146976762336,-0.0559714452761144,-0.16401678003625,0.378261999695045,0.321122914849823,0.709446783899155,-0.322687639101466,-0.581601695880647,-0.730211070464584,0.785075444592381,0.542109780389265,0.786862044291704,0.630522922457214,0.917349737776107,0.895638950318954,0.895071725632568,0.788897091217371,0.771206839695004,0.498836778107562,0.785196603747263,0.53100767207424,0.59732646633409,0.551930652902381,0.793518754895983,0.705146319313596,0.897082236514402,0.752253486466776,0.80584827971679,0.622335810283943,0.743234374526156,-0.137623791453775,-0.762059682194832,-0.581324774430398,-0.73719008200654,-0.355515993425102,-0.816175344959416,-0.81757587430511,0.0839033320790122,-0.0934686511267479,-0.831552180516173,-0.822807164145041,-0.73982655013116,-0.659360425644764,-0.781802965252602,-0.528672542862767,-0.847081602706733,-0.814515680078609,-0.508491890110605,-0.722423451782539,0.585221560453662,0.379656751317972,-0.524585855316167,-0.761881864748328,-0.907973585749399,0.44993541097712,-0.27179814625735,-0.75688879539896
"Mean_2331",0.59082633398556,0.778382882430427,0.806027741057853,0.198240005746654,0.443351650502579,0.296553726461064,0.219644873914494,0.155523896705311,0.456843225592374,0.585012269941348,0.653447573786224,0.577494913026864,0.690118746731499,0.603774855672496,0.75819973851123,0.808683287428376,1,0.698060361916572,0.371013766858637,0.899636639396782,0.329796281458008,0.898064813809743,0.866756107821502,0.870016885423515,-0.0110739435968534,-0.290622441048716,0.129288971460198,-0.151490254576641,0.97682222157275,0.919121778435815,0.861667127062878,0.412286790764112,0.807943993221817,0.242798750234611,-0.53061270696629,-0.769402946337663,0.645017750231792,-0.135244194662159,-0.519424515058323,0.224013877466002,0.765733538570391,0.74946014210648,-0.899360952792476,-0.874746062976311,-0.758188180041601,-0.655537207280585,-0.868920318608804,-0.719699495370429,-0.657579124270816,-0.792046728687078,-0.871700248201765,-0.816164426083534,-0.779659916724799,-0.308238440003045,0.0556122188295009,-0.570729120707314,0.721977345525758,0.40436130998732,-0.75058758023206,-0.719693280458662,-0.0025098596639847,-0.00182601301852553,0.577497145367024,0.728141187351875,0.353836975759864,-0.285033702768056,-0.679944619060473,-0.680791149770178,0.566106113142826,0.485823968514408,0.638891680442062,0.635440653737897,0.867077480986357,0.909483720181002,0.890382772853973,0.835358088800112,0.634152270676038,0.629351113090695,0.959868833808243,0.730979361625322,0.843993973726233,0.697581629089829,0.854199447520349,0.577177143583217,0.717965957660207,0.71337202269711,0.614066239621281,0.273484176833475,0.478624012850673,-0.140892631445456,-0.902523843257253,-0.896071929695696,-0.797624855349333,-0.767032405117721,-0.897988012540274,-0.931613296295343,-0.28427091401548,-0.0967595404611651,-0.548413380224987,-0.757498196503765,-0.59985514239624,-0.630315466783641,-0.38555884339145,-0.101672990944079,-0.882739709250965,-0.528234631727342,-0.576752989452757,-0.956433585532163,0.806186546167969,0.47592716291363,-0.818252482699622,-0.559811343137779,-0.79647797516245,0.664797875649081,-0.324506723125485,-0.656749048823519
"Mean_2332",0.624877042514579,0.837570563520014,0.776127748813753,-0.267434689399379,0.393289927838511,-0.225197810666588,0.216757264577294,-0.196830817834879,0.152644565120057,0.147617803834919,0.470660172378822,0.42447680497056,0.677843692970211,0.45141135586827,0.500152167733046,0.493414651192181,0.698060361916572,1,0.465370117306988,0.635690547793012,0.523451736058377,0.794045205386975,0.479968199338341,0.428231725620667,-0.244119038070083,-0.416339729301081,0.200337875016488,-0.129929003454745,0.732432054202947,0.826142743438768,0.471491455629185,-0.0797157278250191,0.548486623145768,-0.11824398871756,-0.75115228912598,-0.820464601273013,0.455648512332942,-0.178516241835756,-0.502437731640846,0.0152384511817446,0.601650969944589,0.768100331458703,-0.7556604646655,-0.677018547158447,-0.790099220011491,-0.745805158147481,-0.683380245698053,-0.489779671534328,-0.686587692023064,-0.710611971128968,-0.709789482087918,-0.629024246101654,-0.673505439582052,-0.0204328459522983,-0.124865189823596,-0.0692196095217001,0.815217638123634,0.751265715101071,-0.396178570492156,-0.220081740379831,0.49250738997666,-0.476446275211126,0.827953827535518,0.732129816693053,0.0409857298337985,-0.720350257393116,-0.400172446004834,-0.73719012301236,0.465389552024016,0.36578704141427,0.625438510333033,0.778145282365044,0.65933526485429,0.746477814191332,0.72540036590231,0.737548967793202,0.566655597613762,0.779827417991943,0.710368761450649,0.891247942896202,0.807942012427513,0.764544036960368,0.843113062474386,0.67310854152544,0.616598890358802,0.554771143561508,0.69209638873524,0.330508923571734,0.52685827046165,0.144887870274762,-0.719407021631349,-0.590040764752597,-0.875776130122575,-0.587252720318199,-0.582073079682559,-0.799166770885684,-0.525316340886279,-0.18978733838158,-0.333664583248187,-0.48849526171459,-0.592793340977195,-0.569217370693481,-0.0952556504186548,-0.092911550066318,-0.595380356892447,-0.419999538117621,-0.404255589041884,-0.613625159819919,0.925869590801434,0.198530889708749,-0.801927665306814,-0.461057968204863,-0.616839961023236,0.511818344984696,-0.690377570903169,-0.483940637753119
