"","Mean_2001","Mean_2002","Mean_2101","Mean_2102","Mean_2111","Mean_2112","Mean_2201","Mean_2202","Mean_2211","Mean_2212","Mean_2301","Mean_2302","Mean_2311","Mean_2312","Mean_2321","Mean_2322","Mean_2331","Mean_2332","Mean_2401","Mean_2402","Mean_2501","Mean_2502","Mean_2601","Mean_2602","Mean_2611","Mean_2612","Mean_2701","Mean_2702","Mean_3001","Mean_3002","Mean_4001","Mean_4002","Mean_4011","Mean_4012","Mean_4021","Mean_4022","Mean_4101","Mean_4102","Mean_4111","Mean_4112","Mean_4201","Mean_4202","Mean_5001","Mean_5002","Mean_5011","Mean_5012","Mean_5021","Mean_5022","Mean_5101","Mean_5102","Mean_5201","Mean_5202","Mean_5301","Mean_5302","Mean_5401","Mean_5402","Mean_6001","Mean_6002","Mean_6101","Mean_6102","Mean_6201","Mean_6202","Mean_6211","Mean_6212","Mean_6221","Mean_6222","Mean_6301","Mean_6302","Mean_6401","Mean_6402","Mean_7001","Mean_7002","Mean_7011","Mean_7012","Mean_7021","Mean_7022","Mean_7101","Mean_7102","Mean_8101","Mean_8102","Mean_8111","Mean_8112","Mean_8121","Mean_8122","Mean_8201","Mean_8202","Mean_8211","Mean_8212","Mean_8301","Mean_8302","Mean_9001","Mean_9002","Mean_9011","Mean_9012","Mean_9021","Mean_9022","Mean_9031","Mean_9032","Mean_9041","Mean_9042","Mean_9051","Mean_9052","Mean_9061","Mean_9062","Mean_9071","Mean_9072","Mean_9081","Mean_9082","Mean_9100","Mean_9110","Mean_9120","Mean_9130","Mean_9140","Mean_9150","Mean_9160","Mean_9170"
"Mean_2001",1,0.660753600895947,0.599189541457122,0.258033015907285,-0.199228170440953,0.482001841084028,0.376130906432602,0.198662338586272,0.221071630795452,0.398972483208669,0.779004599683943,0.58189765041726,0.831722255627306,0.685918265531299,0.578870037070029,0.341862841343423,0.465838927004774,0.366264300279559,-0.0400581909681726,-0.110712267815389,-0.147743070374136,0.105638393982824,-0.407177091717164,-0.664116118420537,-0.538297581514394,-0.312541417529666,-0.507135169042648,-0.644772840664923,0.359276433026988,0.403951646696099,-0.085059647129628,-0.0183330118551137,-0.256201454149788,-0.526316682930608,-0.528061917868261,-0.297233486552686,0.253724379025922,-0.262863962667769,0.266599820164018,-0.20352532009543,0.032515457511567,0.292388945672324,-0.679999357603946,-0.598694113501006,-0.598580210803677,-0.653045099088343,-0.495775672448784,-0.307742792723358,-0.522695955208546,-0.43936639497742,-0.14181536971187,0.514055710916522,0.636243295679483,0.623018994190775,-0.580299930400022,0.57619663179866,0.731521609827286,0.959041228267554,0.808165999487572,0.479250775240813,0.860074385913433,0.433803100216673,0.541456601894376,0.453380232045346,0.413402981720548,0.177679385690176,0.774168322856926,0.192957725105274,0.492197084982026,0.242189503617083,0.180300116657126,0.0580639176111921,0.34333424196146,0.329711354190666,0.313845483479759,0.0548315650675569,0.183871847410056,0.339830613890576,0.33367675160483,0.390861260324751,0.0776884833283633,-0.491260650627844,-0.231706439266852,-0.564635413343909,0.465667148997599,0.457304528917581,-0.122031007683832,-0.0453246391807883,0.437276648485699,0.720911363992505,-0.53689512825665,0.739399820323857,-0.767889316507233,-0.51825373354701,-0.221190566976414,0.208947397383937,-0.122420589785308,-0.0761209766613632,-0.5178089618774,0.461903078318822,-0.518503422968566,-0.0757842954937451,-0.282229077295422,0.367753087337679,0.416675585300774,0.0870095984042486,-0.0102152643192288,0.376803477208733,0.247381100577596,-0.0625292098371897,-0.275076235355473,-0.450394415060626,-0.707971718611873,0.604940606968883,0.489416201283962,-0.267838310675939
"Mean_2002",0.660753600895947,1,0.680782387130422,-0.223977726522261,-0.232077921741885,0.130433683495746,0.41794095167801,-0.311960618638314,-0.29404002717817,-0.0196381302341119,0.662377805747815,-0.00152850203884074,0.696943084550219,0.420017517669702,0.660867570920334,0.329020201195792,0.736019079905899,0.0482292861503766,0.493165709614906,0.561318484615772,0.0221915410505047,0.565074935522619,-0.193197133939597,-0.494415476256287,-0.269073792936777,-0.100450437489932,-0.298570289420052,-0.277533622661829,0.520978449428156,0.587723608213593,0.537294603901995,0.443060005023405,0.226058838854528,-0.540941105479317,-0.397991541659122,-0.387262646447594,0.443896223112297,0.315410892112162,-0.144777091017602,0.0249114561306827,0.505478459381331,0.235876790505037,-0.707889887321677,-0.717306333730639,-0.566817140307388,-0.724360549720956,-0.368209400359926,-0.532371381899259,-0.544948950022501,-0.456592670597161,-0.161702628431856,0.00970623907526641,0.639544813024331,0.15533245975135,-0.423144457674075,0.144360885056473,0.707760530900343,0.582134189613772,0.224799776730125,-0.185316451661894,0.284383503714779,-0.253930415428591,0.41547675855231,0.10922344221025,-0.152802029848353,-0.351598991062944,0.509380928033944,-0.481239979918447,0.715776874292585,0.362555158185989,0.827806510420788,0.526174489432801,0.520244083467389,0.468345395919609,0.514223799963751,0.321203359687234,0.67959219468046,0.43005845034317,0.583947932629272,0.0269526317769988,0.598829750482144,-0.17120072871746,0.275783205539034,0.101636022425793,0.582697537353201,0.128531625359002,0.125166015852714,0.246975969588897,0.719402210322097,0.365897114343811,-0.575632715607346,0.4536810588694,-0.828576562552023,-0.442801838386019,-0.0609884017306245,0.237679902945125,0.0267174991401665,-0.0507028579045329,-0.273218440265697,0.615355869196742,-0.74113249981614,-0.168290823285631,-0.684245456577821,-0.20777295434134,0.224129549445804,0.3248217421781,-0.100985362559136,-0.119118094691947,0.259537442308841,0.160194129039114,-0.318543199298729,-0.171413416928964,-0.39509182988699,0.311845556510902,0.407026782469427,0.24701145747428
"Mean_2101",0.599189541457122,0.680782387130422,1,0.0665256116572152,0.338881299591569,0.303415740722545,0.245319821492404,-0.123516461421612,-0.00552827570850841,0.0676280614637268,0.562378255432852,-0.0627377841008949,0.505890479630733,0.249482273713222,0.461697796349176,0.192528900484536,0.56518584613211,0.231874601772685,-0.206450546551197,0.257246571119397,0.235292435528588,0.456286371547441,0.0746259826394071,-0.213307301859288,-0.239594684632755,-0.136193379518558,-0.12826446628145,-0.375315292165204,0.268685496189445,0.393371050733716,0.385637104217302,0.0513598505877898,-0.0220796916180887,-0.628604420801107,-0.122705724732234,-0.284416262452581,0.359271372278368,0.0456097249336742,0.140402507362007,0.094279848313302,0.528945946752892,0.535012132320051,-0.340315377258079,-0.460691128308696,-0.228522880046938,-0.412643439838446,-0.100338848197706,-0.152853041398767,-0.294298611718394,-0.319984427347704,-0.0849856577028366,0.0296983766002227,0.0777958568186681,-0.0277858643931359,-0.0707887623243273,0.0187475930142886,0.771769693992129,0.689836989399454,0.211276347033186,-0.184755864513861,0.19333618093605,-0.115514623609347,0.517730475693578,0.26827046677097,0.258651085061434,-0.209967142297269,0.140228321732961,-0.344538417178553,0.0974459251957236,0.344431635617721,0.393369670904416,0.135787385812592,0.439726184943784,0.285491097578157,0.604768196106524,0.469102756372889,0.467145279350795,0.686446521176503,0.83775682647506,0.447373939585708,0.625123877532805,-0.0460206584171885,0.188699209861531,0.145228634628284,0.6999321131028,0.0933330636968763,0.50015529151288,0.591288404113142,0.747525539606654,0.181821050478636,-0.548085816770652,0.334892961339075,-0.74355472533656,-0.302523154652973,0.192515795566742,-0.253975649460152,0.492867406511663,0.381408409807721,-0.306002714122233,0.190383079145483,-0.575173607618248,-0.229161183459641,-0.699854891203851,0.0421779246258114,0.179385758274238,0.415096940686796,-0.292277239921679,0.281567511049423,0.139493253511667,0.505020513924388,0.08085572777097,0.00621242762846235,-0.233603015145421,0.750945470353715,0.395923906582085,0.444979242346427
"Mean_2102",0.258033015907285,-0.223977726522261,0.0665256116572152,1,0.0196272993654538,0.0755082392518229,0.581037487246557,0.969666201603754,0.77693916061194,0.256496758422169,0.373230166795804,0.632839058506717,0.371307803232441,0.53670459911711,-0.107591618560627,0.167801863392783,-0.324078221529688,0.519094467513911,-0.308444134893673,-0.0745536227921639,-0.0904618225813755,-0.0650034721928644,0.208600969722668,0.209068500896914,-0.198936222597459,0.0481684702608604,-0.126663549878906,-0.286446048234999,0.217028570530845,0.242889275058597,-0.317725395516415,0.100775995327403,0.024866522499883,0.518614786198709,-0.011463751053874,-0.175268753850109,0.242331416242325,-0.739848579213089,0.216745486583276,0.244879466995132,0.0182031316683659,0.398172398302143,-0.18830489164995,-0.176137570195022,-0.153291901671934,-0.0819890821208959,-0.432425817992827,-0.0704314237817625,-0.258612640094921,-0.420624500019861,-0.468389722507066,-0.0387386026196844,-0.372515939612458,-0.0129317695861106,-0.278110246233069,0.1048330426688,0.361406282445141,0.1931458383638,0.142807475815068,0.0721919220694614,0.547691549298879,0.849940628262073,0.58202710924713,0.88783480962552,0.895429864700256,0.9332608146401,0.323431635727079,0.445171977106607,-0.0866870848487618,0.542778770837209,-0.451583213489324,-0.43142012707788,0.189998644607015,0.0333053153466859,0.0864730451307378,0.0427331621808812,-0.445770772856491,0.028852766177913,-0.0932910795449334,0.243405250406634,-0.196114207295954,0.279673957741765,0.013492240789761,-0.541218859669863,0.171208063225431,0.794504361116776,0.117711388942626,0.0364526646017552,0.14939565275924,0.444563367729916,-0.401733028964937,-0.00582422586998205,-0.00839589717546149,-0.0679464511056265,-0.626408606191732,-0.35504948228962,-0.397421404457318,-0.211532499273313,-0.679563779645268,-0.46115391037204,-0.158056631130443,-0.113380709543995,0.128679677087802,0.547134242044211,-0.224885809074466,-0.12728990054261,-0.399536810863103,0.160958960732489,-0.157793157268381,-0.538459382173924,-0.426682219573358,-0.464233820625141,-0.496393735776042,-0.0560596174905446,-0.412833812025448,-0.364237466548482
"Mean_2111",-0.199228170440953,-0.232077921741885,0.338881299591569,0.0196272993654538,1,-0.319398493374457,-0.441513263339428,-0.168929404204058,-0.165859957179492,-0.435076321947636,-0.267506359042466,-0.489002856578703,-0.387931759777694,-0.578272041519524,-0.417695381231188,-0.326155249857681,-0.0106422652242122,0.272916710128613,-0.72033378007803,-0.116448725611052,0.623260701882595,-0.0398594284582214,0.680184194718267,0.653723634014725,0.37741731542703,0.00875546784152581,0.562866746455975,0.178784659005959,-0.381399705970767,-0.311333319356093,0.238116366881809,-0.327443147006335,0.0767401000654522,-0.184624462021346,0.605499878036487,0.250954371461597,-0.257234283116074,-0.312362786133251,0.213365698893964,-0.159852057026505,0.307841760365543,0.162004782121382,0.715288575541223,0.607029804921342,0.74460031405742,0.650821319541525,0.767852228276481,0.783356091991794,0.675145040080504,0.540970170887975,0.540153186814193,-0.0707248479325681,-0.632319796903991,-0.582251667961394,0.783879691876302,-0.310512993507296,0.124005158928549,-0.0758780702764311,-0.276803732780433,-0.191531152833982,-0.382847731734121,-0.216130200365978,0.247730794590073,0.049543794341156,0.200204187038411,-0.229010547803338,-0.722742094615374,0.0531583487203942,-0.817276747417389,0.103121478216795,-0.385715186715273,-0.565397956740384,-0.230839853484095,-0.325994137088284,0.0761813133231705,0.286584375237084,-0.240684140133007,0.180147825547902,0.586560732117172,0.647994605598058,0.439109339062475,0.438414371084197,0.216817708700406,0.428072898967724,0.0799791642779506,-0.266287191250018,0.795026048114442,0.754394041840309,0.146133316272693,-0.556092476996362,0.277367563132108,-0.445951966925907,-0.143988142413562,-0.0976488080381839,0.37927492495964,-0.772264941507546,0.649169529544813,0.731221816425859,0.357868461165495,-0.417708044224013,-0.173448524218386,-0.501554342483536,-0.335552434974395,-0.307053806560653,-0.137254530369544,0.301100049443459,-0.389609716813549,-0.0673241155671049,-0.589496675599227,0.692358997154609,0.66056101921114,0.722234148669448,0.408952987665551,0.444997309066653,-0.0760514711169811,0.63683399030647
"Mean_2112",0.482001841084028,0.130433683495746,0.303415740722545,0.0755082392518229,-0.319398493374457,1,0.109470194438325,0.134678936516811,0.570303030749135,0.931123291001434,0.411900916422238,0.393899012068772,0.426462304046016,0.510810293310954,0.686618155986855,0.487395527392268,0.109782616544323,-0.234967727287795,-0.253043048419684,-0.391057228469042,-0.666509199802005,-0.065748988649533,-0.748898503219165,-0.76915541839903,-0.821675669448024,-0.532229678561259,-0.795701329334472,-0.779489420439257,0.144879234577118,0.140482604831118,-0.629988158896548,-0.536102495523717,-0.791848125225617,-0.487325551625442,-0.491396542448418,-0.187414684325866,0.240781882675347,0.239780214759834,0.315070779562424,0.255566415821602,-0.273963494253385,0.405384553622004,-0.488114468343661,-0.515039656828414,-0.606038784145956,-0.57522481429512,-0.54372055364282,-0.458362633231296,-0.585131229371043,-0.502813081375116,-0.454882238716917,0.2469747356624,0.347104926778763,0.693348733125287,-0.484803582409431,0.321627861762865,0.118449328200679,0.631242055773151,0.677817203179592,0.442463544824586,0.453635797301762,0.353611416966459,-0.0630748148470038,0.0776377125300704,0.278227937703334,0.182677259820437,0.390242614105096,0.00125618872270748,0.216393239740558,-0.143977719900084,-0.00902494946784275,0.36907585859944,0.339759201383117,0.292468370329485,0.334135324062893,0.0364434514172879,0.354414067580088,0.569418563702776,-0.0885749091769621,-0.123160402094952,-0.455085177894758,-0.662989317992046,-0.4120093337576,-0.435691021481991,0.420783229453224,0.0948350812048841,-0.367528572479898,-0.268078527882054,0.0773120341988986,0.56226869149148,-0.455459906225882,0.61263201033174,0.00520494402012051,0.299105976888771,0.196670132420302,0.213098066028562,0.0998002856229432,-0.197419876434698,-0.501665663903806,0.0057320550762036,0.368995042254588,0.592998184929657,0.0637686629888453,0.778251540060665,0.11655336591681,-0.350282542653058,0.331383615731275,0.812052388568161,0.756714043080754,-0.0884939973038373,-0.163968119113955,-0.628317972675017,-0.34197363334899,0.448988506031753,0.283755046673408,-0.55114957622494
"Mean_2201",0.376130906432602,0.41794095167801,0.245319821492404,0.581037487246557,-0.441513263339428,0.109470194438325,1,0.574061192855931,0.441435500860592,0.238822164480031,0.544930501272334,0.33207722254858,0.63101575485027,0.648675887338526,0.371573150290503,0.31089889921938,-0.0432565949922949,-0.00852726265055748,0.390565889392578,0.546719958324646,-0.393882578389727,0.229985594847446,0.0317713673953408,-0.159078010183923,-0.448772691358405,-0.176947688043759,-0.489106023821807,-0.432128125751743,0.441290657355361,0.485703768501215,0.09650157833872,0.472399145773049,0.372223488327265,0.369134017495244,-0.101646569011688,-0.179572752442484,0.460428009727178,-0.113160779763942,-0.341473187010178,0.382181559644331,0.231961466698585,0.276935151352105,-0.713776372596144,-0.700892245624534,-0.589565180256188,-0.610054457049621,-0.810984272682011,-0.713222097652303,-0.727425727365689,-0.803413979656219,-0.784582780710854,-0.36405916241187,0.0889472055040874,0.0200609189185646,-0.750050647936856,-0.191618987174372,0.447021302080442,0.241306521268745,0.0681003872535566,-0.264269666787956,0.453204486239737,0.437915680573224,0.482516911837278,0.681978553155208,0.503578888330855,0.556526757733501,0.631698176804247,-0.0452344658757638,0.599405111223595,0.68880427938796,0.36118447737362,0.262538564871197,0.468353634729908,0.201355134507802,0.32664464603665,0.0507815772016248,0.336663710234013,0.237162466112246,-0.0115219392073679,-0.34275203325569,0.0458172982026829,0.113717669114255,0.21199166833073,-0.359409805192819,0.476517509800595,0.591333654817303,-0.0457761128156847,0.0204558524030313,0.432058374372786,0.477432769407933,-0.765598383838826,0.302562860202996,-0.206564249043117,0.0921802986626323,-0.479560849564976,-0.0840205701837671,-0.63884621979185,-0.671844142564343,-0.729860177799063,-0.0584353345408796,-0.418118927262775,0.207838654557056,-0.159834437329185,0.384061022870542,-0.187250010888078,-0.257296134052845,-0.114910661845005,-0.0641750433114842,0.164004182636909,-0.665697007456861,-0.890814479402283,-0.591833708166714,-0.450279118095189,-0.249865540717836,-0.381723845817255,-0.298194334103452
"Mean_2202",0.198662338586272,-0.311960618638314,-0.123516461421612,0.969666201603754,-0.168929404204058,0.134678936516811,0.574061192855931,1,0.817815894867888,0.352197150572858,0.307569713609326,0.709694796378181,0.330977776617137,0.569769776904984,-0.105537767181415,0.178117155230597,-0.427904049631436,0.410532334644277,-0.213887486383886,-0.14502852935337,-0.23801362529363,-0.161696549738519,0.0703613474755032,0.117615628553938,-0.244787955329934,0.0377423759645549,-0.212629285083308,-0.28465146155821,0.195222730483009,0.19281114042838,-0.446219202662079,0.0783648751825318,-0.0341951763190081,0.603583851574408,-0.0811335178163725,-0.149132611032039,0.197709111954086,-0.68550463463236,0.169894431097357,0.246736279099498,-0.143854352186344,0.29434328060734,-0.227020865607988,-0.185344135898971,-0.220924286817646,-0.108486187013852,-0.52205191053557,-0.153692931570579,-0.304789365768156,-0.436999658375266,-0.526186395553626,-0.00302607871121567,-0.292608208462281,0.112089375524962,-0.378738974572118,0.149668694558172,0.199526728334246,0.121686866681637,0.181360145721405,0.161199237730427,0.570069343246509,0.894402167921588,0.427446166384674,0.808954803280577,0.830593980933371,0.984726131815555,0.39117578011819,0.49583389538493,-0.0115670812686284,0.432276480500125,-0.479148491645192,-0.371833524735556,0.136151510313092,0.0172429315870563,-0.0274480968230118,-0.088445441173867,-0.470822445062017,-0.0816643858277574,-0.319073509725875,0.081212706888487,-0.387704917522114,0.174062050310942,-0.094483217407906,-0.636198769357855,0.0485242737672299,0.779339379045727,-0.0938003471521862,-0.17930786307552,-0.00965210687510445,0.489149217463251,-0.343386950017137,0.0383568488931289,0.149959177700611,0.024838392810519,-0.656580760712808,-0.205680796120019,-0.532119906961249,-0.361581219610553,-0.672628032114599,-0.433305750534023,0.00188396373066127,0.0365269330089409,0.303679892124587,0.619600930237,-0.20816100918673,-0.26027382006117,-0.255228539043967,0.197292610736528,-0.0713157594055329,-0.689178993883824,-0.503127787751575,-0.568240622345405,-0.494641233496974,-0.192388421908468,-0.434728558196888,-0.542158181001767
"Mean_2211",0.221071630795452,-0.29404002717817,-0.00552827570850841,0.77693916061194,-0.165859957179492,0.570303030749135,0.441435500860592,0.817815894867888,1,0.761172089993024,0.420661649480758,0.60484138062115,0.408038507165141,0.627706439772836,0.291650996048706,0.527262036912453,-0.258901639618025,0.157682204484828,-0.366979396801996,-0.240040668856024,-0.577717080759304,-0.0619016554656649,-0.265203126504551,-0.149810035918297,-0.633104924103328,-0.298865817445148,-0.561095923876028,-0.615004836510081,0.276705070328657,0.258794748978274,-0.732473255009973,-0.278862192419286,-0.475629909662295,0.266790167587825,-0.225782966942926,-0.247882455828749,0.386855164274484,-0.320465951537257,0.390887167654273,0.53234145057974,-0.106468622364695,0.586920821377092,-0.312872759410775,-0.336878325498829,-0.420363272433641,-0.302318660905275,-0.601170896276652,-0.309681459677069,-0.5039030254267,-0.60973503365167,-0.699918016883453,-0.12019862455697,-0.209118359925869,0.235668318490062,-0.369182403114896,0.146896031052103,0.178248461502048,0.249805451908052,0.31863742142906,0.19110020122969,0.504028809510363,0.841593664126456,0.358751922224921,0.704623761663829,0.779613454168257,0.86116076024159,0.29328403853899,0.268507172157698,-0.0119798870266634,0.383521565325668,-0.411162441976107,-0.0342966399005628,0.395142021192101,0.236702404154026,0.310097206986216,0.151479920576874,-0.154973437821452,0.367804361604081,-0.23391571569734,-0.0608970361547398,-0.508894297145702,0.00506846908959216,-0.0652034003870761,-0.538972061584187,0.368507143154139,0.650375656039288,-0.0759363202957157,-0.0943801955456279,0.0988711973766062,0.603471372087919,-0.542311651818839,0.0868080565583737,0.220721360117899,0.315084136010575,-0.404262527802651,-0.226790792366985,-0.281561781329786,-0.34834835433273,-0.806118162669521,-0.599495773985919,0.259483294028286,0.295502163446054,0.159562459865134,0.843464975902253,-0.410091982479914,-0.418050748868645,-0.179834264415432,0.422060385376679,0.350636464879537,-0.554344930791686,-0.467283627014928,-0.72977897837627,-0.505679846064591,-0.0377891819056964,-0.417331841006999,-0.653867668192168
"Mean_2212",0.398972483208669,-0.0196381302341119,0.0676280614637268,0.256496758422169,-0.435076321947636,0.931123291001434,0.238822164480031,0.352197150572858,0.761172089993024,1,0.446644050356694,0.517653423791285,0.471682384191993,0.625648141498542,0.664944532740654,0.620464209414226,-0.00377482450924175,-0.198024763803897,-0.193056875263943,-0.360664317780753,-0.827339125838914,-0.084630300936808,-0.759630674444165,-0.691257381534801,-0.886005790566261,-0.552456708199075,-0.870841094979098,-0.803988945020956,0.246873734867446,0.208048603086879,-0.798711047195961,-0.484364271496897,-0.777262452906323,-0.225452196108927,-0.500854550893111,-0.224437238544651,0.333362661160711,0.148942932182427,0.358867795638071,0.397306393161814,-0.293819750049914,0.444685675655199,-0.523678948371277,-0.522211921670585,-0.675426020848384,-0.580253448961372,-0.674004438956547,-0.523072754874071,-0.665370991547756,-0.618005165147522,-0.624070265311056,0.104570666792921,0.294972976231872,0.648655620760756,-0.554910712232443,0.317063240428397,0.0675090368135279,0.487589531488885,0.630183462961908,0.429176796834254,0.523667584020605,0.566867097695959,0.0244886399916092,0.261569326795817,0.388402779988534,0.437336098296736,0.449430909905771,0.0966397980491154,0.270113397819254,0.00776517513449246,-0.11050516297832,0.367468609651581,0.412255544520782,0.345235193101466,0.34258975738223,0.0453797514341333,0.236523486392213,0.50384196934786,-0.266095068914847,-0.252937318051107,-0.614890273476895,-0.523499718959005,-0.317258376003769,-0.541013557024088,0.411339086587087,0.305010384357156,-0.414502745803651,-0.338100177066995,0.0277395528450188,0.680098034504082,-0.523368655560882,0.475281989011045,0.144769973420134,0.379584725573045,-0.0484007762881129,0.186339374380652,-0.149777155211826,-0.406001287996964,-0.656157356107573,-0.188253707656088,0.424247754145385,0.612744208124331,0.159140246509861,0.872127881823013,-0.118163787470251,-0.500005669279338,0.244912510019934,0.656905088608163,0.759388675489947,-0.381030572543877,-0.381624692227839,-0.794599116672312,-0.463142089692555,0.172165275288156,0.00608397893518549,-0.753837713316568
"Mean_2301",0.779004599683943,0.662377805747815,0.562378255432852,0.373230166795804,-0.267506359042466,0.411900916422238,0.544930501272334,0.307569713609326,0.420661649480758,0.446644050356694,1,0.553137325221371,0.979462885353688,0.885363618332299,0.765596991746168,0.784864782654831,0.670533603548342,0.455026660904051,0.162127781565604,0.277287361112611,-0.229453865087802,0.609216407026684,-0.401022034263451,-0.501774371286202,-0.555516324053362,-0.104034870848646,-0.51507652552007,-0.544589404571862,0.837709115626433,0.86413565332096,-0.0581383158637864,0.282820884608427,-0.215876499174343,-0.331542710748789,-0.689790876873082,-0.744830201504778,0.794523154160867,-0.0446264737894264,0.441976119511515,0.398874442170143,0.485796347320747,0.727968220527708,-0.816319451154482,-0.833642014111549,-0.800959658632743,-0.833705984650625,-0.653501330827782,-0.569743383433891,-0.784667352563816,-0.781655144106966,-0.520831207113595,0.00260533992820566,0.461128769137704,0.277182935455699,-0.476012321465605,0.485768144645758,0.881286622647617,0.695577284456466,0.422306362632227,0.0100996591577035,0.661554170265333,0.41728232467573,0.7702219433037,0.649805655363618,0.365004262354969,0.311226411778571,0.649506301211805,-0.241627163186045,0.60875490083047,0.614605454803337,0.391481327447744,0.388016844506459,0.835892446698991,0.785059793732501,0.742278345325241,0.564866341037869,0.298632530368447,0.594458361271068,0.453168916080335,0.193599629003827,0.258866535056887,-0.0270806029035709,0.321467110639772,-0.241051992831477,0.75668436768839,0.744735085892381,0.145098050297168,0.190687670086331,0.778643972109981,0.867598518854137,-0.853129151993997,0.303838330990454,-0.71050704801342,-0.4358342403132,-0.550901761439189,0.137889057649072,-0.0850499516113216,-0.097375925940327,-0.832370444025732,0.152754953748822,-0.558549343810258,-0.227624071188782,-0.573962865986003,0.287361998143156,-0.144383254705825,0.243042127108785,-0.466619889173216,0.0457555705861101,0.465580968690302,-0.179666154082855,-0.50198764614851,-0.679050501241178,-0.901422174115705,0.250571909380944,0.14671282600786,-0.177752480013067
"Mean_2302",0.58189765041726,-0.00152850203884074,-0.0627377841008949,0.632839058506717,-0.489002856578703,0.393899012068772,0.33207722254858,0.709694796378181,0.60484138062115,0.517653423791285,0.553137325221371,1,0.591224732411769,0.802544012498666,0.197341564588376,0.349918088361764,0.019304309952209,0.540826425969062,-0.0183608957584682,-0.380363770454121,-0.258745290947961,-0.0641859701651872,-0.498469373447124,-0.452324406975361,-0.326501237125941,0.116048045989609,-0.353880466475488,-0.319602434495747,0.40350062695453,0.367575608479819,-0.522016465118818,0.0778782210577512,-0.38496366173784,0.120493602935617,-0.671834310408842,-0.434693034202492,0.2626955520084,-0.509539244015164,0.453638068346327,-0.0035636531460952,-0.293000765080192,0.219210444424359,-0.519190146950544,-0.406149751154804,-0.554625493830631,-0.4338312122326,-0.606246665863582,-0.273433185566042,-0.463993820871773,-0.428504901100198,-0.330844314817708,0.503425173076144,0.343780469288883,0.650200648150681,-0.536618113029616,0.769677360857524,0.319035940416691,0.495347659290172,0.617926750693585,0.572525413675407,0.858769333303434,0.822164090713122,0.31086013179072,0.52929526362013,0.492067870379192,0.716796234746697,0.743910606220003,0.455780338867326,0.339144102489012,0.0744407528648702,-0.275209191238646,-0.140433971245976,0.214274436796504,0.343929818139938,-0.0336891009340767,-0.122577652707228,-0.420633790006262,-0.130835054351734,-0.305164598100062,0.219295189701004,-0.431206165387732,-0.310193729133648,-0.343153410729856,-0.780640660999447,-0.020042404643198,0.776695095563347,-0.459971058671382,-0.530162932472419,-0.026081536393119,0.83373107968089,-0.292176943959147,0.402189549272876,-0.159794093984474,-0.374859339331546,-0.688889615295,0.423886429082943,-0.423085512665148,-0.238777278397528,-0.62738867597821,0.161871313982142,-0.0143923524458646,-0.00564429860579568,0.308805416080782,0.573361766484164,0.211558722112924,-0.0114962701578768,-0.0942999864186705,0.359775151287712,0.28252551852038,-0.542580338661385,-0.361276979118742,-0.750061581498857,-0.81563506890002,0.0678396007431106,0.196099599397213,-0.656189130282099
"Mean_2311",0.831722255627306,0.696943084550219,0.505890479630733,0.371307803232441,-0.387931759777694,0.426462304046016,0.63101575485027,0.330977776617137,0.408038507165141,0.471682384191993,0.979462885353688,0.591224732411769,1,0.911464541192917,0.773142636356991,0.727163967383629,0.588687278855062,0.363787402077491,0.242685241653929,0.270016405802057,-0.321584234220764,0.496645768624121,-0.439367526692891,-0.582110156109119,-0.615841212292956,-0.187512156488405,-0.603627416932598,-0.604704099555121,0.778188733458635,0.800517976532164,-0.0733948910211907,0.286172699865964,-0.165194639171131,-0.288484038014593,-0.674223823871695,-0.641691246258982,0.71011082523618,-0.0575356560165505,0.309372623675307,0.309649886983994,0.36700702283049,0.600116839445525,-0.88765815180199,-0.866014849001551,-0.849972608131429,-0.876310928948332,-0.743363632123742,-0.638624006183625,-0.828479344324964,-0.802784973673099,-0.547767673968603,0.0546167303557452,0.558632330305946,0.380584468494543,-0.628516156259866,0.470913909517093,0.828101891790612,0.72604315197799,0.505375286036826,0.0909905788540854,0.744311994921701,0.458512546777109,0.71424012900976,0.64191128254566,0.376350916764426,0.339825908621244,0.773055529407248,-0.150739158188232,0.708840558413451,0.586794318400221,0.411307606346391,0.394712081242172,0.76237561754156,0.698423240480076,0.643991963886625,0.407200160226163,0.331335214423612,0.515350796219548,0.338118442646728,0.0996236071041131,0.167092147929342,-0.1406300375974,0.212442825891369,-0.366841264714141,0.703116515664885,0.726934031256185,0.00335672044427596,0.0674117830064844,0.697516555781251,0.889601173793957,-0.849143043978088,0.437369962054087,-0.689380819958935,-0.400564678553311,-0.543946185120418,0.20165873370938,-0.245196197065714,-0.256228234612673,-0.82659551639397,0.232844770425449,-0.556944197068239,-0.113012440506198,-0.477498379063768,0.340741480363142,-0.0555887046313798,0.114233038712365,-0.316844079032156,0.0711254163003811,0.457782297611484,-0.300733039599611,-0.608659645964655,-0.720349137140793,-0.893918712937648,0.208812090212603,0.144214845612957,-0.290810706078827
"Mean_2312",0.685918265531299,0.420017517669702,0.249482273713222,0.53670459911711,-0.578272041519524,0.510810293310954,0.648675887338526,0.569769776904984,0.627706439772836,0.625648141498542,0.885363618332299,0.802544012498666,0.911464541192917,1,0.663452256000079,0.731086317052628,0.352647276806713,0.3575431177962,0.243541326948342,0.113699964509031,-0.456299328296903,0.377670081641548,-0.55267222977559,-0.583591816983994,-0.6109451438788,-0.0615628354871148,-0.631666957748182,-0.545121025049309,0.767932941600003,0.759395210512362,-0.315672521172307,0.273234675807952,-0.279478948120673,-0.0379832663151633,-0.762743747673836,-0.676038861340903,0.700212574613508,-0.122604204527076,0.351000454979605,0.407874742234696,0.153441064917115,0.565978855896843,-0.875552020799882,-0.84314486715102,-0.891093399345543,-0.842107802259741,-0.87012144141224,-0.699150815600266,-0.870089862493563,-0.85262254707016,-0.69520627604919,0.0810274012383174,0.459895460801262,0.483612432005529,-0.699567825396039,0.549036815147297,0.619764807482189,0.583527485436115,0.49007716601824,0.175396076542174,0.778641444453774,0.648201823717024,0.549139910604603,0.651513890576489,0.43559249553532,0.589391776350732,0.811800798809429,-0.0307714068545823,0.67159478180388,0.463916289400551,0.223895590874306,0.350830539001339,0.702182815580718,0.685103881216781,0.483502817749478,0.273511347725578,0.129573737164473,0.347625462805433,0.009883523789961,-0.032647855393414,-0.125707495260668,-0.16954711028743,0.0716487276087103,-0.523447305818061,0.506278652556145,0.835637382465005,-0.227149673954494,-0.211052352176501,0.467500614298306,0.967992107316873,-0.778114278731851,0.399253735555822,-0.38574440164256,-0.261524593249717,-0.686624802726285,0.330561537209415,-0.385913261081498,-0.383382847906705,-0.909328692075669,0.124017907395925,-0.269791994731975,0.0435785280915989,-0.169316018681246,0.533813018418318,-0.087990576045864,-0.000642305386681936,-0.252976596141761,0.193699535860724,0.555796392381256,-0.534856514555412,-0.67569650044575,-0.914853829372142,-0.931065922355325,0.0197336001189188,0.0552126804646414,-0.528075941357627
"Mean_2321",0.578870037070029,0.660867570920334,0.461697796349176,-0.107591618560627,-0.417695381231188,0.686618155986855,0.371573150290503,-0.105537767181415,0.291650996048706,0.664944532740654,0.765596991746168,0.197341564588376,0.773142636356991,0.663452256000079,1,0.818441054960858,0.624897868736304,-0.167363187163743,0.260179426898838,0.261992264422686,-0.59735425310672,0.499708984158327,-0.672479328208715,-0.752997518252743,-0.800762430163517,-0.459267202286128,-0.800821521663004,-0.698657899876763,0.641387574567801,0.642658088425187,-0.175238913752274,-0.0192954175528066,-0.411677730616492,-0.553062000329413,-0.624992972820775,-0.519397652496112,0.680745810291772,0.513068611262995,0.224524279073472,0.484124340461857,0.315552613805765,0.587415090483443,-0.806773959625935,-0.850272750253124,-0.862465720802562,-0.900767945976202,-0.653854935779883,-0.751117397811974,-0.84557268883378,-0.765008187109001,-0.579945789634745,-0.137713307059545,0.608307847450635,0.393417127416004,-0.531736380627617,0.239732057172054,0.51135555416605,0.586389366388895,0.425694673837407,-0.00314426986377768,0.373484430280039,0.0869903719530786,0.318571249431041,0.200272877466206,0.0214007927681557,-0.0433060955283362,0.499249382427597,-0.471772923798075,0.675674910696545,0.328160231828669,0.587336123570682,0.786787262326535,0.79173217657423,0.707214864787881,0.763050826407512,0.465166030819258,0.734495040870188,0.771410191024626,0.293619915803525,-0.254843208941219,0.0643086627094214,-0.322233243313171,0.202247052023496,-0.079290785852861,0.793625804120898,0.259449117456481,-0.0681194299544188,0.073988953541571,0.608887277676489,0.680199590928338,-0.797731751418282,0.424836701433288,-0.427719296402918,0.0377596462603025,-0.06744921888061,0.246627010889749,0.0107913730645646,-0.277866861680792,-0.633498793348539,0.166795603609128,-0.182884779045738,0.260983250511132,-0.508720123400819,0.34542166395916,-0.175715062228589,-0.0913881483308505,-0.0227650510749279,0.191179807366034,0.786391349795677,-0.0933828245714063,-0.474896752798444,-0.64218853760951,-0.560155531747242,0.209015746920072,0.159906899775992,-0.268901031540073
"Mean_2322",0.341862841343423,0.329020201195792,0.192528900484536,0.167801863392783,-0.326155249857681,0.487395527392268,0.31089889921938,0.178117155230597,0.527262036912453,0.620464209414226,0.784864782654831,0.349918088361764,0.727163967383629,0.731086317052628,0.818441054960858,1,0.573557902639802,0.149674704296315,0.173900344264071,0.24755239901638,-0.514759616005065,0.632905716070834,-0.561351878825634,-0.433798552538019,-0.633162976752779,-0.187514598484863,-0.601523145203017,-0.491384642402693,0.8418190912091,0.803479759908046,-0.343317508341197,0.0840447259995212,-0.448052204196447,-0.229316587907733,-0.669858473493683,-0.763463567752004,0.877035892015501,0.304784623526517,0.538396702303026,0.740408210496602,0.458051000617855,0.800477977630324,-0.641793107822458,-0.706229761390006,-0.772975802381896,-0.730163612643624,-0.583315515752128,-0.606492647482522,-0.761251455412154,-0.765883798830513,-0.645741767334046,-0.313961718458746,0.329325199234938,0.149064392722433,-0.277100192838116,0.334124565505829,0.507206064255612,0.300228539014038,0.186267229174458,-0.122613064154157,0.314809558508319,0.301924268067285,0.505540892178645,0.433212097029034,0.134369652647193,0.260418044687266,0.325737822078528,-0.441455847110833,0.493214256818683,0.513460547739008,0.32798799366935,0.64138495783587,0.915518814477751,0.883216038356491,0.823163744975743,0.702539225180975,0.362467750056344,0.681289315308142,0.221922398720025,-0.163988513510946,0.0205468413272524,0.0897643996631199,0.474950881826385,-0.00469557276355529,0.729782469286973,0.580397518618746,0.10753558593714,0.147522463960317,0.614447801560975,0.759420623204882,-0.765389318713267,-0.0403518751643011,-0.266185932553127,-0.0243455915237092,-0.456660268365515,0.130284905372746,-0.0184479426977314,-0.180393041602657,-0.772476574828554,-0.190520387272579,-0.114056032493359,-0.017388640926475,-0.48492839929016,0.303853320550635,-0.568046419168862,0.025273464985768,-0.432629496903148,-0.0636337738634134,0.693193923678043,-0.237645682351468,-0.482860287753176,-0.725816142004575,-0.721901327687109,-0.0851364402243404,-0.149463028878528,-0.304021421093627
"Mean_2331",0.465838927004774,0.736019079905899,0.56518584613211,-0.324078221529688,-0.0106422652242122,0.109782616544323,-0.0432565949922949,-0.427904049631436,-0.258901639618025,-0.00377482450924175,0.670533603548342,0.019304309952209,0.588687278855062,0.352647276806713,0.624897868736304,0.573557902639802,1,0.351628246489225,0.269388857013684,0.349454600995742,0.187919059747144,0.79377838777834,-0.326736933787448,-0.376410696300009,-0.0963696884648254,0.145602439775832,-0.069690931512135,-0.0572400317987018,0.702091025271051,0.723440056914993,0.332946193574052,0.319473949063598,-0.151863671106257,-0.680244880934163,-0.613612777240974,-0.713961149540195,0.643404364810122,0.368178483629207,0.453504055431211,0.202869360308989,0.653343674632372,0.503092455416721,-0.451687808536996,-0.516665675922732,-0.45816486428448,-0.558912344292051,-0.0646974203318722,-0.256384058981379,-0.365926699761487,-0.293191313896374,0.0178324872594625,0.00775507461411733,0.511509281065949,0.0332791333976603,0.0553111844545367,0.437039106118674,0.696541265067766,0.434416935954824,0.111023144262746,-0.179525638907829,0.10911533529139,-0.292683111669297,0.450578349047605,0.0106539349694782,-0.324051252134532,-0.425938538855724,0.190075831692422,-0.610691827214572,0.446658078616682,0.235987878268627,0.636461372143229,0.521373429696126,0.675981003598829,0.792160081135389,0.693637616704427,0.705417807862177,0.411894577974063,0.508647359210824,0.719860621203117,0.286336457421408,0.62960296227229,0.0372372881526062,0.480754425686713,0.364992534034552,0.567669914989136,0.200132557267004,0.321972401419334,0.368164168015601,0.735118557773191,0.402881379002042,-0.42955786561935,0.0331218829335766,-0.777164726237815,-0.581029934663129,-0.161234946282609,0.288950731761328,0.43283626401451,0.387043212261153,-0.222676845453455,0.426521260294867,-0.538915671458548,-0.47790312577426,-0.770228425038973,-0.336196643547641,-0.0284577762567277,0.661161932151791,-0.467349387054783,-0.229632978071926,0.398786001454427,0.434044799705072,0.0607171449138665,-0.132125551033988,-0.506369058082038,0.335497866025234,0.478783811357299,0.385421334856299
"Mean_2332",0.366264300279559,0.0482292861503766,0.231874601772685,0.519094467513911,0.272916710128613,-0.234967727287795,-0.00852726265055748,0.410532334644277,0.157682204484828,-0.198024763803897,0.455026660904051,0.540826425969062,0.363787402077491,0.3575431177962,-0.167363187163743,0.149674704296315,0.351628246489225,1,-0.234943030854066,-0.115410944147497,0.555122782894329,0.310102897909064,0.158872019990245,0.202605376289563,0.308096748157604,0.531782059220912,0.392815552326366,0.199227340771914,0.414832858747913,0.435207129608257,0.0659820376098365,0.306021344658763,-0.0238873314257924,0.00980306736441376,-0.335049435804257,-0.538190386860384,0.294107179937066,-0.666131638796548,0.644654495056629,-0.0782570354831738,0.315528835015155,0.371523094865758,-0.01605285470033,-0.00395520914999253,0.0130103268447175,0.0239566601081939,0.09553785389233,0.313632509303617,0.0772546398540994,0.00651657990695181,0.190011785361764,0.317176767303055,-0.076722768873874,-0.0633366194788721,0.23176539560488,0.604221871686357,0.61546423723747,0.281497368912055,0.106300554123124,0.116894383835671,0.412029557681471,0.401299874707613,0.659853632023573,0.528460372957363,0.352156175550108,0.348302236183149,0.158127358932146,0.200844669568029,-0.118315120152643,0.291743867379634,-0.259286133982632,-0.455893661815404,0.206600770452043,0.356423718819468,0.140899643240917,0.356513827982537,-0.607095634211121,-0.092600404801029,0.382964839316599,0.797641412398299,0.323034087031699,0.340526938766878,0.202615927391984,-0.127498537472246,0.0404392791549083,0.677183617865615,0.349274361589493,0.208425123412716,0.329823223699215,0.381494050361067,-0.0775413409588007,-0.200666793303584,-0.522954307431013,-0.805892882680426,-0.647305274204336,-0.0265694537649096,0.145354674714654,0.503446056024902,-0.279693079594694,0.0465709167601163,-0.479770993667174,-0.806337522915335,-0.224200903621738,-0.116201003134549,0.0419572635123926,0.668048977144706,-0.732862407336983,-0.14129517695837,-0.257185585726697,0.108862514265288,0.17095581095363,-0.0800415873793829,-0.608422566554027,0.243874269039497,0.207121784036777,0.18539909235945
