"","Mean_2001","Mean_2002","Mean_2101","Mean_2102","Mean_2111","Mean_2112","Mean_2201","Mean_2202","Mean_2211","Mean_2212","Mean_2301","Mean_2302","Mean_2311","Mean_2312","Mean_2321","Mean_2322","Mean_2331","Mean_2332","Mean_2401","Mean_2402","Mean_2501","Mean_2502","Mean_2601","Mean_2602","Mean_2611","Mean_2612","Mean_2701","Mean_2702","Mean_3001","Mean_3002","Mean_4001","Mean_4002","Mean_4011","Mean_4012","Mean_4021","Mean_4022","Mean_4101","Mean_4102","Mean_4111","Mean_4112","Mean_4201","Mean_4202","Mean_5001","Mean_5002","Mean_5011","Mean_5012","Mean_5021","Mean_5022","Mean_5101","Mean_5102","Mean_5201","Mean_5202","Mean_5301","Mean_5302","Mean_5401","Mean_5402","Mean_6001","Mean_6002","Mean_6101","Mean_6102","Mean_6201","Mean_6202","Mean_6211","Mean_6212","Mean_6221","Mean_6222","Mean_6301","Mean_6302","Mean_6401","Mean_6402","Mean_7001","Mean_7002","Mean_7011","Mean_7012","Mean_7021","Mean_7022","Mean_7101","Mean_7102","Mean_8101","Mean_8102","Mean_8111","Mean_8112","Mean_8121","Mean_8122","Mean_8201","Mean_8202","Mean_8211","Mean_8212","Mean_8301","Mean_8302","Mean_9001","Mean_9002","Mean_9011","Mean_9012","Mean_9021","Mean_9022","Mean_9031","Mean_9032","Mean_9041","Mean_9042","Mean_9051","Mean_9052","Mean_9061","Mean_9062","Mean_9071","Mean_9072","Mean_9081","Mean_9082","Mean_9100","Mean_9110","Mean_9120","Mean_9130","Mean_9140","Mean_9150","Mean_9160","Mean_9170"
"Mean_2001",1,0.376978069119974,-0.22171976289077,0.388713363120614,-0.417470460834538,-0.605487817955943,0.676550665444519,0.477122783587115,0.150755189868082,-0.698165628800355,0.528619739132889,0.404108566621794,0.606056782909271,0.505048279220114,-0.673929418871763,-0.634743320374192,-0.147749965270874,-0.553920235806063,0.268535225860703,-0.372188093299616,-0.742934477133644,-0.453813396502344,-0.0978400810608711,-0.680262800979084,-0.502572338043584,-0.161373362422453,-0.249044480969925,0.642138946544881,-0.402780153211215,-0.00600549572253292,-0.413394172399006,-0.45269692430208,0.0825357016259595,0.268066825478867,-0.663105090140213,-0.348514754873194,-0.790410731699775,-0.986306013890549,-0.316846400924549,-0.52090351806693,0.352642748758744,0.0152039029707077,-0.234519423229268,-0.404312887660244,0.0525200658851367,-0.0253152428038852,-0.666842672052511,-0.269719983162926,-0.0618602296082307,-0.648342622984644,-0.433019036776781,-0.099219798110059,0.104412968579092,0.50723554704233,-0.745891540640483,-0.225176480198195,0.0772274453793795,0.27936286054193,0.759557375290266,0.889810787720108,0.835364073650368,0.469293771787171,0.459790050241082,0.00191056344617583,0.357949166404836,0.144960210766403,0.209331923186098,0.475279722121923,-0.150049336925911,-0.202271826193554,-0.114596993691917,-0.0726230528926936,0.36414162069923,0.464881687587191,0.129018040114862,0.36220318224646,0.524861265880271,0.447484718410056,-0.572016006743739,-0.683319744865508,-0.653883254869006,-0.697723525332311,-0.587976246804127,-0.224650559621605,-0.100455318816305,0.0805696367890404,-0.58355360089304,-0.109398890398118,-0.215330206679703,0.292721135491091,-0.445221764213465,0.736249919239876,-0.190227028057939,0.170776892015766,0.499200417733805,0.512002531260302,-0.616002907986857,-0.315612394292081,-0.113838577038306,0.716061446383797,0.45517603281477,0.662579625383626,0.201787002931933,0.622214298095681,0.431977567874126,-0.0962373714377917,0.358990253498811,0.429075652124911,0.769517548702514,-0.378696509715455,-0.452999739368055,0.360710833703381,0.785615523781208,0.652675116059012,0.433642364090599,0.272478120631529
"Mean_2002",0.376978069119974,1,0.218071211296324,-0.233192901628276,0.0870526838936382,-0.488389722210519,0.440229230916061,-0.099759036402491,0.0420384527717795,-0.384051372358841,-0.0619066149356319,-0.237312432767676,-0.1657525084448,-0.117622387808812,-0.250407980386865,-0.00757580462095516,0.30112842933992,-0.0323700068746398,-0.540180840027416,0.0312749619519471,-0.295147762880763,-0.415170959477536,-0.079551686266567,-0.182987410524358,-0.210447232987681,-0.54801262236707,-0.153249421733749,-0.240300653484806,-0.344840053237465,0.00122976574866827,-0.0824985548380155,-0.444491600068099,0.855219873417612,0.531619489882245,-0.351625612551235,-0.148150589058978,-0.0895908317336976,-0.336752068426824,0.19504295599208,-0.0398859117944813,0.540853747175345,0.166292988761423,0.0370329891253955,0.295431588278082,0.164127206818969,0.23373971693252,-0.0522055265375686,0.282926825804415,0.223442077851774,-0.0258666752268636,-0.0467238806617375,0.0053610108672438,-0.15669708827507,-0.0326984547213985,-0.1915394431537,0.142849973051523,0.424555205990307,0.0372608345234586,0.120913427415007,0.170806638007731,0.180234264960633,-0.0735478220097345,0.671037868965804,0.167833931610846,0.266496596307211,-0.162712493238377,0.0769006903289288,0.274152811030274,0.178423819029056,0.203236358731027,-0.0136777598125245,-0.18459811456998,0.419463477086403,-0.0326816736405306,0.00345848202731099,0.141399798531893,0.76164072705638,0.68604112382429,-0.289178631555864,-0.116929672061285,0.167487692933051,0.218746925131566,0.314434121965155,0.225844734780857,0.0894116386224732,-0.098514947545076,-0.462129969488752,-0.137531355365115,-0.352404435181466,-0.3362403304931,-0.431017605806496,-0.101084180566537,-0.548036304590489,-0.25513640983092,-0.573650199981939,0.330918791795709,-0.681645407771378,-0.44669818324103,0.342918552009241,0.460926207409901,-0.378505715664907,-0.130560918762057,-0.211438672103323,0.0689885333011745,0.0850009880153585,0.338541553525041,-0.113942324939888,-0.308727983267244,0.12074036407296,-0.285433124426803,-0.375254131891269,0.456986527751729,0.568095858302262,-0.271967022381783,-0.315725581370839,-0.259579786678595
"Mean_2101",-0.22171976289077,0.218071211296324,1,-0.321348063054029,0.799876803090042,0.303804884947463,0.414968476879972,-0.529492182613023,0.567238407275047,0.317527836639305,-0.6081714182719,-0.417762902599787,-0.654510308648999,-0.307466275760265,0.587550939986712,0.297332726538814,-0.34184475148849,-0.0731334882258444,-0.109701110871243,-0.0610935629372964,0.393282563722489,-0.282117632350737,0.604871274601868,0.391987256071563,0.711016004512717,0.577337417347377,0.648227905774748,-0.438348503703514,-0.626435616236165,-0.50299861980797,0.651400081126401,-0.141078354636689,0.650649879159969,-0.208572314992529,-0.280460447654955,-0.715960373263458,0.0434667964261064,0.114548410726421,-0.2999848347701,0.555563148639805,0.340134103564012,0.721926487527353,0.0512832632189095,0.323362083616725,-0.203256549561488,-0.344460988731907,0.280347579452201,0.205809057758372,0.00219524370476368,0.480931450108351,0.474402818546337,0.857793262832681,0.062735025619783,0.174966920820407,0.619580068794104,0.718012847082585,0.482625560300327,0.124540898336115,-0.583766615328566,-0.41241971033476,-0.606717001297734,-0.810439530371897,0.0749830862095728,-0.719769296604012,0.299954032516201,-0.403314081561588,-0.534441602302592,-0.689553287710525,0.446155879819897,0.726461978292518,-0.388794327064458,0.0196943983848719,-0.231068837447073,-0.639641755484073,-0.892367620701835,-0.515285806387187,0.203121623057815,-0.0959236585762606,-0.484820824114955,-0.224341081819423,0.219375290789347,-0.0137535640970667,0.732618694536794,0.859750739770475,-0.192532451045921,-0.379010386387153,0.470239979514227,0.152175370527323,0.606501128006618,0.122184440581573,0.291468122084689,-0.166456985530593,0.347166770608097,0.281975669401464,-0.425106812976133,-0.37587706727981,0.145564910481557,0.499229223392981,0.442877707915706,0.129645643020705,-0.622674343835219,-0.11731443325288,-0.813709364845772,-0.647054578353771,-0.0941117827062929,0.0661025133901016,-0.0239793107356159,-0.0161739588442671,-0.106734909181159,0.573153103307448,-0.20596609345505,0.243161792086923,0.0928168586923057,-0.377082694294518,-0.511289182511499,-0.345666805215026
"Mean_2102",0.388713363120614,-0.233192901628276,-0.321348063054029,1,-0.49698989316855,0.185222761129057,0.239613172239446,0.819022949102217,0.530788356472163,-0.00945483537742213,0.544938981750747,0.795727401981664,0.880962336839333,0.90312125399818,-0.0882000613220137,-0.163925163671523,-0.669433610372839,-0.521436934568527,0.684892990642449,0.391137350364012,-0.492236984469902,-0.603567161304383,0.168556949655102,0.0684902013761896,-0.486946586014975,0.0241343911335614,-0.214260579926487,0.362748759102709,0.168183961717885,0.623757937396822,0.0971946530518541,0.585825906499515,-0.402954287949504,0.0188048826667056,-0.357308646330192,-0.119690588389705,-0.529534336112483,-0.404267759300942,-0.427396021629309,-0.460435753968059,-0.479301529933546,-0.352796130350215,-0.845413803457786,-0.939866904326593,-0.205614704603079,-0.349877375882262,-0.87010599611299,-0.894328905319317,-0.647292901739909,-0.387872450624356,-0.82763610681781,0.145641780455287,0.210526222519215,0.614509107585232,-0.472013086391638,-0.110613384889165,-0.701414630755268,-0.0205427339238389,0.113695842031352,0.535810428938691,0.673516069595949,0.72991993589784,-0.106043457806299,0.328815423566212,0.612093222060305,0.73152144211619,-0.122967026717613,0.271053784313408,-0.402020395315673,-0.229822410549108,-0.641009140313795,-0.184350831273084,-0.557427537728057,0.715099858577135,-0.0712312992388175,0.550278891418281,-0.306099274012083,0.16072734497593,0.0544732394008542,-0.200868509397253,-0.470362865262084,-0.680813372009059,-0.726550043465078,-0.360873765753757,-0.495764199197604,0.517241384273079,0.00839202824061838,-0.456253020229166,0.0949906615036247,0.504598312770627,-0.394190480289042,0.46630265637536,0.253531671711821,0.241892674860477,0.486292703425926,-0.134317263241894,-0.301054935713962,-0.171992559407949,-0.911413611056483,-0.259243653251128,0.802362682364964,0.528671451899211,0.555645968978107,0.0306573065677361,0.284078362552824,-0.809399663333809,0.357236341432068,-0.164970594093469,-0.0775379677841384,-0.499201524883583,-0.614092667277616,-0.643402414862041,-0.232380514748704,0.830191423716403,0.697601911618817,0.702562978819549
"Mean_2111",-0.417470460834538,0.0870526838936382,0.799876803090042,-0.49698989316855,1,0.125968758836631,0.303396376561487,-0.84019671140925,0.375502053978675,0.165580259392514,-0.945943428912805,-0.791067410024202,-0.781469597972087,-0.66599514559097,0.668256994354944,0.123534486619011,0.0332667941895579,0.472136098389999,-0.238378796814188,-0.303832809045538,0.787696329611041,0.165521224968947,0.651879302075674,0.4539292663444,0.844787710208215,0.376629730264443,0.766630453557725,-0.485334919648728,-0.578400585209836,-0.491846667847759,0.778896050302698,-0.0699177541787506,0.483570930478311,-0.607134420214456,0.218922258867509,-0.4575849327838,0.399931243728051,0.340140029388483,-0.329116173621864,0.765000584808472,0.5633981665908,0.403603937202237,0.0537393752768507,0.593770071111677,-0.588021910818814,-0.523899842774301,0.591397376029973,0.499914411395912,-0.214794534185564,0.213941674013226,0.729119065443387,0.679584242528414,0.425530112785839,0.200024424064268,0.843769346057978,0.742148345942136,0.707980094761978,0.507078255500193,-0.40898903123891,-0.427485384342813,-0.778824944453789,-0.919494637591972,0.181779817292415,-0.654170034189218,-0.241619270845017,-0.768921867762161,-0.638966648255776,-0.846445530494453,0.719137244142802,0.920273429107841,-0.0505168863519295,0.554010812282873,-0.00554745165839691,-0.768605424309706,-0.642524138056594,-0.696892306302448,0.242401229406755,-0.139824088414823,-0.0358405536058505,0.220996548859374,0.61428851769652,0.260763300418687,0.842763055821031,0.835312236493214,-0.189198559596792,-0.575957415798646,0.707599001120127,0.424142344777777,0.705686761283719,0.245143767177555,0.737439708915241,-0.134273099366921,0.549956377917119,0.456097419122031,-0.51004339536742,-0.565532166230947,0.330800116751729,0.508164298383001,0.637700067496144,0.166891598721723,-0.724593257992662,-0.0466772100598732,-0.559353966463237,-0.738776910453119,0.212454617185633,0.363644062038409,0.289844516675843,-0.0377947260669154,-0.0847194282965743,0.84158732674609,-0.0900183059206959,0.338857400429547,-0.0780175915665422,-0.502762914125896,-0.465945833580187,-0.153485319072937
"Mean_2112",-0.605487817955943,-0.488389722210519,0.303804884947463,0.185222761129057,0.125968758836631,1,-0.461045319124805,0.162752799754456,0.389765729435831,0.972609164386435,-0.0196931657706625,0.294364076494831,-0.13932956958112,0.239784235730033,0.772369077196836,0.809110607303647,-0.553472862648014,-0.130254681894376,0.195970408077816,0.48131208906328,0.290754882173967,-0.0500461244574324,0.0896908810288979,0.432940601775409,0.127291440381843,0.573408934393429,0.0360239519560358,-0.517500285235608,0.435868799496081,0.228598598533751,0.377496583226686,0.615532018056435,-0.120111586525651,-0.0613303528970099,-0.0105282893765117,-0.16686608465597,0.292672882664325,0.500603520832709,0.0456078160701491,0.400622918997171,-0.646098234304695,0.32228988492587,-0.094843943926219,-0.197621918061001,0.0551647501399945,-0.050654119043446,0.0769783052132905,-0.300688145548268,-0.137166419895816,0.69587108369624,-0.0957502624845812,0.35770528798,-0.273267042201155,-0.153192339382316,0.447097612808909,0.31743397669357,-0.538415250273134,-0.468197713068845,-0.808692398929983,-0.670414172947865,-0.464031068029359,-0.14824870915952,-0.801491645130534,-0.188381858404481,0.299040541852105,0.422793372335166,-0.449265892719657,-0.514509049167628,-0.338499103525729,0.00937112256804089,-0.487827087907053,-0.261717372115009,-0.633652145291364,-0.0500561489965238,-0.426079156817551,0.0818020632503994,-0.59251225828285,-0.306472652842413,0.0810285629251624,0.1462940396772,0.149444535267255,0.059183585684296,0.211281695005027,0.262286415243355,-0.289852121281555,-0.0283251081776938,0.402133757478526,-0.435169459971535,0.240838079288517,-0.0766476077640211,0.103926863171914,-0.538937486863394,0.268943257522036,-0.195590753610124,-0.137170221993586,-0.565555635895584,0.585544193833403,0.535591398026324,-0.40367906022553,-0.793174852012042,-0.081688913987873,-0.448806882321122,-0.303686830379947,-0.606171942432843,-0.488488026674587,-0.62123825077619,-0.351754461279081,-0.241335886927367,-0.734879743833167,0.151722500396395,0.176141363090845,-0.738202296868718,-0.691832385019994,-0.21994672137088,-0.134754650218057,-0.0930999708148425
"Mean_2201",0.676550665444519,0.440229230916061,0.414968476879972,0.239613172239446,0.303396376561487,-0.461045319124805,1,-0.0457962147978977,0.603798716885988,-0.566733297755195,-0.163568741155114,-0.0832723723942746,0.151628131336627,0.157934483851346,-0.15501414164143,-0.571714893088725,-0.32434968260838,-0.322475669396157,0.2297180602577,-0.363608893625297,-0.228078513026154,-0.571567064208684,0.578588482807589,-0.111922322795094,0.141769302249036,0.098492276693778,0.372937873791564,0.294831736910581,-0.875852230743069,-0.25952714323271,0.323385705243456,-0.325336199647797,0.417423004130729,-0.198634034159068,-0.532902262905582,-0.694123482903082,-0.606069896903019,-0.713468899446997,-0.694013673826504,-0.0746626991027421,0.642538447521331,0.211875622877225,-0.458332950950399,-0.179268611018088,-0.460051372085517,-0.571557983918658,-0.426409515410366,-0.146521531129095,-0.393980036917782,-0.519376995424849,-0.0403191144744045,0.572830628261571,0.509215707904704,0.805767787301767,-0.156955602560635,0.338110683526417,0.473372755968923,0.629060388957372,0.345975159358182,0.633883441746935,0.331151948137438,-0.125863302542993,0.662976604540982,-0.367629554635494,0.392495294971839,-0.282389440037313,-0.280349532824717,-0.0951670593042849,0.41565362359637,0.53802036939508,-0.356808932029546,0.24563923001126,0.0690966214188517,-0.0475658325758119,-0.495825262934439,-0.150085740095584,0.605565254912098,0.330591857828574,-0.547934074979771,-0.527769106255526,-0.260236567525058,-0.612164332966361,-0.0343629480305846,0.35473581558958,-0.3335845162962,-0.132799194705574,0.0667284402673112,0.180670158429244,0.435793633372279,0.603337400594273,-0.00244291773457709,0.712131325401923,0.328371535984273,0.641532843620618,0.135056164940437,6.17913273501321e-05,-0.524507299594893,-0.0486241659001398,0.16033996195196,0.717308283937336,0.0475528196516405,0.730895374253294,-0.122725537192456,-0.0284219294068197,0.621789449083142,0.0118709424521467,0.644102945560976,0.226504727341311,0.585792212915943,0.125249221601584,-0.766696371034136,0.461016224605867,0.605859878044275,0.43715710198412,0.158109307662335,0.2839937754673
"Mean_2202",0.477122783587115,-0.099759036402491,-0.529492182613023,0.819022949102217,-0.84019671140925,0.162752799754456,-0.0457962147978977,1,0.174081543678347,0.043977048577256,0.893964315657862,0.971912284720647,0.886276648271943,0.955497164742579,-0.341947688922474,0.0197202807320464,-0.465946009942176,-0.648584678397242,0.434683322063486,0.393566799805878,-0.757731223522714,-0.515667481118136,-0.371838094679676,-0.321052694802063,-0.817523157900619,-0.104163708391893,-0.600179004823712,0.375072994009882,0.452346408706394,0.660905136746207,-0.416289529911486,0.339180216021996,-0.354374129087812,0.497347267555804,-0.506762676628975,0.0394299917484859,-0.505892094250854,-0.468027775603691,0.0309073354636078,-0.57566752828775,-0.598615149856539,-0.20781763572528,-0.438388201204813,-0.83482550277629,0.325297627630741,0.210899864315712,-0.815002066712105,-0.757074998774757,-0.166628505989231,-0.18683736294389,-0.933641193342012,-0.26276678227842,-0.298128867418118,0.178357215818076,-0.711313556929021,-0.365751512984979,-0.831227343702726,-0.417555220707311,0.194283231219714,0.445661525747776,0.788311955094391,0.894630144198921,-0.284401556829616,0.452100522663827,0.605808007094201,0.917936169236819,0.187295505791886,0.562459806735417,-0.77605149895507,-0.675371200272453,-0.451665967092038,-0.538906541188031,-0.269631404058998,0.870725104717367,0.254988709223678,0.820213416504932,-0.258105954510463,0.28847292201386,-0.0985745480924587,-0.312610678675749,-0.606320532184203,-0.534597967425352,-0.814475925315856,-0.538966254005282,-0.256734442265383,0.487159862391042,-0.501793057842973,-0.691832031913346,-0.427208366128142,0.0207469410719518,-0.724113761483639,0.213056772854141,-0.260531726114292,-0.27609817779299,0.486170928951932,0.269048736040383,-0.2984876097554,-0.262074259354427,-0.871164138252056,-0.250232384673661,0.794633870564319,0.199061745703196,0.482268379648329,0.384276431277153,-0.0474296210259494,-0.728746008833636,-0.092328681115263,-0.0733411414489069,-0.0429232681688824,-0.749992888002879,-0.253792708104589,-0.594469016683879,-0.0306956877111248,0.664474767234504,0.608751198846257,0.399050089755162
"Mean_2211",0.150755189868082,0.0420384527717795,0.567238407275047,0.530788356472163,0.375502053978675,0.389765729435831,0.603798716885988,0.174081543678347,1,0.24554257361203,-0.188081991735534,0.208889593404916,0.139401174694699,0.434638959775628,0.531224152734769,0.116451651879905,-0.780011294406894,-0.336923571068015,0.376065683758442,0.118483375348585,0.0478589386588211,-0.662597266177135,0.651236681080043,0.302165925563963,0.156851679739937,0.466023643044109,0.383637770401591,-0.163162853485354,-0.414673759314062,0.155075363756809,0.711341338402247,0.371541532899489,0.284648330174469,-0.27196120532981,-0.494224375793325,-0.777886425851657,-0.279875955927216,-0.265044089825386,-0.653168777744066,0.287425626267076,0.060961622201322,0.3428497288634,-0.713076075778629,-0.410968950182422,-0.5360807857936,-0.670730278066522,-0.417659267854453,-0.455390767674022,-0.692641057092967,-0.028096283207208,-0.264295484657644,0.841797902183496,0.350137578566588,0.757402446694768,0.228067857527364,0.658625126130288,-0.0741996151878166,0.276312945349673,-0.335415524301698,0.108091777927705,0.00664347074065467,-0.132297347048634,-0.00622317737735949,-0.394782768493254,0.650942992127063,0.143450624838945,-0.758006169509532,-0.506314819683864,0.0808773649091281,0.559391728771877,-0.853953737105958,0.0845283866263588,-0.504651287951849,0.0539240351871762,-0.784740317861508,0.0542036385608784,0.0736013655140154,0.211140812609857,-0.300798663690104,-0.237627172290185,-0.0212401742472164,-0.532022616552722,0.0917004756648292,0.549746538582686,-0.72998744944821,-0.13555903040217,0.434537103062731,-0.302890228113429,0.613334846177946,0.571937227241644,0.0684659843361473,0.256275708492168,0.587362254100706,0.477672313578166,-0.0319679086968107,-0.538775122213267,-0.0573281819260536,0.360955719268441,-0.314604899742562,-0.0319247383356106,0.0748452751805746,0.383504335159117,-0.187431609083627,-0.620033616133577,0.348115710074123,-0.568049412438804,0.446940267179158,-0.14881073759215,-0.131784758061499,0.198837616336306,-0.719519047589913,-0.305509418629398,-0.0993916034712893,0.312435122676655,0.184180236789554,0.401820692058051
"Mean_2212",-0.698165628800355,-0.384051372358841,0.317527836639305,-0.00945483537742213,0.165580259392514,0.972609164386435,-0.566733297755195,0.043977048577256,0.24554257361203,1,-0.0807675966379664,0.162641045612995,-0.297264355191335,0.0808622965465217,0.77822694311249,0.904947081275003,-0.385444340341609,-0.0245171342309846,0.0133431420317186,0.484408997681831,0.344056800460756,0.0603984184059601,-0.00867911939969209,0.421097019936334,0.139536408814143,0.475827272213801,-0.0209117686063472,-0.650784393940825,0.481438489524463,0.171273379040559,0.315634132063019,0.517250682938913,-0.0107963009133639,0.0221008669948798,0.0749193361415688,-0.0714514012842222,0.42544745414199,0.604831426514471,0.205173986391286,0.461232224647786,-0.591798603074523,0.356151556173556,0.0770474333960698,-0.0152276850542308,0.156093155722962,0.0889189196692464,0.236053558023159,-0.133179861573804,0.0228532264697692,0.805953671260932,0.0221411286436974,0.264324606081987,-0.372821097067311,-0.341124274453488,0.498880321600035,0.292646864703543,-0.447257083385692,-0.531357503080004,-0.848048057041918,-0.798718838841702,-0.575856325749002,-0.240562085067362,-0.7768310906938,-0.152921548274101,0.196690152925316,0.338350165104597,-0.380571476467073,-0.506521316296811,-0.30109912138843,0.00436966891322081,-0.344453892371761,-0.280919960901495,-0.513559311414506,-0.156573079173848,-0.351873785594374,0.0340141017440516,-0.51837271797045,-0.292753184834036,0.110334411155237,0.224168469995066,0.26789720734192,0.260103035912621,0.355692683520096,0.283237543294763,-0.152286602951718,-0.0887740822329838,0.33926336398714,-0.402863526005835,0.132735591292755,-0.255950150787266,0.109652293268303,-0.703974195938581,0.127396801332211,-0.335750904032664,-0.294974705864296,-0.523582572971057,0.596871138585562,0.491516584223189,-0.257542062169714,-0.796243981277548,-0.253900271284725,-0.627169504741738,-0.394487525721974,-0.596725696333624,-0.602862419744755,-0.478756743248906,-0.490310278983708,-0.282491744606544,-0.788480449884685,0.159426727407436,0.301331643805316,-0.650134068560283,-0.667091234443743,-0.427623340048742,-0.305939912453497,-0.267870471678738
"Mean_2301",0.528619739132889,-0.0619066149356319,-0.6081714182719,0.544938981750747,-0.945943428912805,-0.0196931657706625,-0.163568741155114,0.893964315657862,-0.188081991735534,-0.0807675966379664,1,0.883399594823644,0.779876933847914,0.780309624436543,-0.583863439565723,-0.0563659971456138,-0.23236697742275,-0.677255877265417,0.361962356076205,0.270075771127292,-0.867611730173504,-0.300355684563513,-0.56672104255884,-0.502046797613284,-0.817511307740537,-0.171003506931368,-0.733772192176406,0.468624111454372,0.453730344750256,0.390058999058436,-0.724872608392914,0.0124316968863754,-0.370572096837267,0.635247796152575,-0.449973123345951,0.201284619414929,-0.562845341910329,-0.495758580944595,0.202532831557084,-0.73928977506302,-0.540793558343935,-0.188582435702089,-0.0674461667277085,-0.665770909073082,0.616150494149863,0.471097995533596,-0.681278237721593,-0.576347114896032,0.229362500113491,-0.122022225473102,-0.732028606036286,-0.494231652024769,-0.461051982632329,-0.0989129923987356,-0.853884214882407,-0.640206501235687,-0.695522384666024,-0.517760756974103,0.354618684354255,0.444974181166842,0.785240965431991,0.849570608107603,-0.221585744279994,0.459945730880753,0.432335574169563,0.813239660058776,0.540858318965966,0.73603564868621,-0.739047515878255,-0.861160932729671,-0.102979354613681,-0.626920328936284,-0.0373076289642741,0.736496386713832,0.436680799409914,0.695240809921691,-0.185499287625088,0.12459626369874,-0.227282842333149,-0.457278057328557,-0.750535032883263,-0.436041500957785,-0.815460507016372,-0.700119831784986,0.135976584248302,0.53616068875477,-0.711591718002405,-0.486384523471962,-0.612018340709689,-0.166716715967603,-0.769651683072437,0.179678288300333,-0.510731771781432,-0.420755620171564,0.548315345102611,0.524469738418218,-0.332791969337853,-0.382398448755246,-0.640673078687832,-0.102870678444225,0.677787360215343,0.0875135492024755,0.347490206180203,0.694740525838495,-0.27293047041759,-0.509834638746193,-0.3094993468605,0.155802055264083,0.142389553767483,-0.805007638900311,0.0152196014571081,-0.319662539292258,0.185330623810727,0.536839504549676,0.41616334629322,0.0801603220525812
"Mean_2302",0.404108566621794,-0.237312432767676,-0.417762902599787,0.795727401981664,-0.791067410024202,0.294364076494831,-0.0832723723942746,0.971912284720647,0.208889593404916,0.162641045612995,0.883399594823644,1,0.823636663101912,0.955315331325081,-0.266221167689427,0.0795305283097549,-0.572515663791133,-0.718176294179897,0.511593959809987,0.38999762470602,-0.705879568245628,-0.507900793020137,-0.327974495385667,-0.275241498140027,-0.688602024479041,0.105141669338731,-0.497113835364497,0.395776502177599,0.43574788712483,0.564121756188687,-0.380352578362503,0.356249663420789,-0.405514440132851,0.454983804565591,-0.548120982906456,-0.0445255601589164,-0.522069152617839,-0.416646100208633,0.00811748552845314,-0.53364946036536,-0.68269615419163,-0.0905926189004876,-0.37112060177218,-0.843969362250173,0.373196129961583,0.203807016350016,-0.771929784390778,-0.777492174429384,-0.108074392981774,-0.057244876947725,-0.871412003009585,-0.163259498891995,-0.355796585268074,0.151269872194831,-0.627834184793602,-0.319587878338051,-0.861537726311745,-0.49181467877342,0.082195492638569,0.347136069585934,0.691682774794579,0.80676365616598,-0.422176044451262,0.304922803070906,0.640785636135073,0.92865294240815,0.158758021963559,0.467384763846734,-0.799882873806242,-0.680476440785486,-0.507585142213522,-0.600344783722556,-0.373102193143431,0.803366677308703,0.132661343376512,0.746214422440137,-0.39009357183984,0.140794020665539,-0.184738443226294,-0.389306488074455,-0.673668737496669,-0.591738927388346,-0.786698800555621,-0.471673472174937,-0.261211845153522,0.481491884772044,-0.422342770716549,-0.669351079108029,-0.332818021287696,0.0363314827108988,-0.678079771164025,0.186806047883482,-0.187130943482797,-0.253388277603306,0.550746433350965,0.243020178611668,-0.163291134571247,-0.107407486892351,-0.866135291927481,-0.302285004751997,0.78503339421338,0.166638912308694,0.364766072905087,0.337298021321802,-0.145757738429978,-0.776759721169837,-0.164008118394311,0.00553371643194333,-0.0577420010098846,-0.653551912583648,-0.168505543405576,-0.62572933814108,-0.0752395478716577,0.659707738337433,0.582786775557605,0.339154675648145
"Mean_2311",0.606056782909271,-0.1657525084448,-0.654510308648999,0.880962336839333,-0.781469597972087,-0.13932956958112,0.151628131336627,0.886276648271943,0.139401174694699,-0.297264355191335,0.779876933847914,0.823636663101912,1,0.86196891153213,-0.48770485430677,-0.383260356870667,-0.370929670928036,-0.519026489019585,0.607356795391127,0.20875651718839,-0.712963955669248,-0.407704767214723,-0.157247332788197,-0.282673680677882,-0.72360477364416,-0.222170995464809,-0.48000681540537,0.598721300897563,0.255798245176125,0.562689994181727,-0.333331006771585,0.300425819685705,-0.520441517384669,0.191249375814504,-0.314240471184589,0.12082267777423,-0.618281205282973,-0.572191551611913,-0.242517965831236,-0.710396017459084,-0.400316582948202,-0.500291292558506,-0.60205658912685,-0.875411820585885,0.0218859468084284,-0.0739372630140231,-0.87278018054387,-0.768962203831677,-0.38345151617126,-0.572229785608637,-0.832576575666078,-0.266630899152659,0.104265322191559,0.43516343834382,-0.781294391648719,-0.464007820430862,-0.653168940109544,-0.0403574977559893,0.492109517960458,0.74112345218155,0.904201982865156,0.924886339780779,0.00269790313418475,0.495349384285098,0.40330904563767,0.707504017438094,0.244503668696642,0.600093577927783,-0.488717048151878,-0.530739473565784,-0.285628969101875,-0.204460976619757,-0.210563391612355,0.826758189743058,0.323580731998291,0.637810966763397,-0.176460528289594,0.194963562969127,0.0330010643825574,-0.281672483350679,-0.633542502438153,-0.647448983825563,-0.938784527979698,-0.668171212349347,-0.217182077238606,0.563085804786763,-0.345842394863243,-0.367322554608516,-0.235426005781694,0.350213484931281,-0.519311362060367,0.563011765785615,-0.0416623787483149,0.0802845515739069,0.652461089850789,0.216952579753475,-0.423287382812677,-0.403457233999399,-0.810409897263099,-0.0478189880620061,0.895160986707189,0.55336195144395,0.698976398891022,0.47489175482877,0.264320996474258,-0.606661564456798,0.285313872208892,0.0457115298178709,0.198284722254664,-0.680594706496138,-0.415773280620263,-0.419314472076835,0.0260430320622396,0.871500837941517,0.743767417634269,0.613284244996582
"Mean_2312",0.505048279220114,-0.117622387808812,-0.307466275760265,0.90312125399818,-0.66599514559097,0.239784235730033,0.157934483851346,0.955497164742579,0.434638959775628,0.0808622965465217,0.780309624436543,0.955315331325081,0.86196891153213,1,-0.195126891846258,-0.00238787220876927,-0.679529963961074,-0.740332838142282,0.575119434660639,0.37524871645359,-0.705642846291582,-0.659613620411368,-0.114616910897981,-0.201562732207954,-0.663942441907315,0.0811036297290648,-0.416853200047331,0.354292962936625,0.248562491650118,0.576842713360971,-0.186707214533927,0.381204184099135,-0.279689383329135,0.350118137424066,-0.612807076383696,-0.197209167907819,-0.611912122641071,-0.531047197069063,-0.20799658354131,-0.499666605030106,-0.533984631926708,-0.0940901479333135,-0.59258645324591,-0.908991445304788,0.156133978994826,-0.0241262563824409,-0.887551726370658,-0.851181597029728,-0.326536182487727,-0.190151771387292,-0.897730472564576,0.0248911864345832,-0.149844941633481,0.398655419979213,-0.613848387651815,-0.187246821807834,-0.767314863125134,-0.291791725557246,0.107142634032516,0.472939561170547,0.735503320557892,0.77054318161194,-0.245002799152719,0.270172320104658,0.746058247622935,0.870012515833688,0.00320246124535466,0.381440701444714,-0.653087637780943,-0.463346609098704,-0.637951856427887,-0.475060915464472,-0.415860971509902,0.780780240071639,-0.0208902397569132,0.709543426206571,-0.232423482255671,0.246287132825706,-0.22392041177201,-0.424225447275754,-0.636624476305778,-0.697415583618606,-0.748304151960167,-0.362360564071098,-0.397350055143768,0.449830744503927,-0.317510076982981,-0.651730086224883,-0.172408428652748,0.229991807668382,-0.63339610973199,0.326206277868697,-0.0434629067226757,-0.0631022546516779,0.501659487204184,0.105970904536181,-0.302485248955619,-0.142089886721856,-0.876070138373878,-0.209045553016451,0.764529099534516,0.339312551317706,0.362945918005203,0.214391045455779,0.0382711189190688,-0.833916305877367,0.0531596589487473,-0.0424245397014425,-0.0238624780979877,-0.624332581661898,-0.439345741272912,-0.593105297649749,-0.0274996296189441,0.738250197975183,0.6027928417835,0.457654274587034
"Mean_2321",-0.673929418871763,-0.250407980386865,0.587550939986712,-0.0882000613220137,0.668256994354944,0.772369077196836,-0.15501414164143,-0.341947688922474,0.531224152734769,0.77822694311249,-0.583863439565723,-0.266221167689427,-0.48770485430677,-0.195126891846258,1,0.664328287028204,-0.329749446293054,0.278784760894952,0.0134123323316583,0.20295598270798,0.685152113548227,0.0966834717272892,0.462824992495547,0.601067076877981,0.475995666679671,0.478431398044405,0.373945362144204,-0.749098805574177,0.0396155366874948,0.0016976469879074,0.786313444942963,0.493134442092061,0.204591025250506,-0.447736030992844,0.215942891700294,-0.313652917244099,0.496002271298831,0.556581201008736,-0.203118333725675,0.745308122484989,-0.100360156469748,0.319843923877765,-0.16571248499211,0.17951431657067,-0.434921286402113,-0.419159855801753,0.364284493326959,0.0532007408073213,-0.373137496905145,0.52618132253655,0.311288043299802,0.60505920876009,0.177630852502908,0.0746144353143865,0.791460254516748,0.653492369297559,0.0109079519171973,0.065004973199892,-0.765631103781716,-0.676456002219488,-0.745582166831957,-0.573221802024023,-0.399813329078456,-0.388207530437351,0.0255753256741856,-0.136085030788167,-0.754846883012707,-0.872459136828947,0.219526384880245,0.599494465493861,-0.354803537073835,0.266396798821857,-0.420673644404904,-0.436084911885164,-0.603051007526492,-0.289784689329973,-0.209398653025288,-0.220562597688291,0.178141419831972,0.355166813442516,0.578159558841223,0.250273910811418,0.637684145727595,0.62651926187908,-0.352862425760586,-0.351443756095862,0.72791365772397,-0.100157082526176,0.571503107155011,0.147466540793573,0.547003809891448,-0.462898434989784,0.531422499983441,0.140500699204804,-0.472083124295659,-0.85462809211272,0.551993344349441,0.585149788151706,0.0239382842320338,-0.511713633447687,-0.494039239833172,-0.321103246163512,-0.439118443902447,-0.918644741939759,-0.138783631258865,-0.285678202161316,0.0277938662264711,-0.28959743501552,-0.643874094029418,0.544937418180763,-0.0233752884258107,-0.393128007869297,-0.610636480953573,-0.460324457744519,-0.350675239065473,-0.0656965279288631
"Mean_2322",-0.634743320374192,-0.00757580462095516,0.297332726538814,-0.163925163671523,0.123534486619011,0.809110607303647,-0.571714893088725,0.0197202807320464,0.116451651879905,0.904947081275003,-0.0563659971456138,0.0795305283097549,-0.383260356870667,-0.00238787220876927,0.664328287028204,1,-0.130390649622275,0.060773360765734,-0.292871018897261,0.541802584879475,0.258325146941487,0.002258169388512,-0.206392313274642,0.316481968309124,-0.00141185144736637,0.18779580711166,-0.159862608262234,-0.778957234861154,0.524982651618958,0.258123004213005,0.184299253655321,0.389858157412621,0.289839225610109,0.320853749102243,0.0124590815894009,0.0102091841854974,0.524190524678345,0.570136111574155,0.466798234950999,0.455487711612496,-0.463200041920517,0.359064414441053,0.198902372058967,0.175455403113314,0.326874769661092,0.343448979441232,0.315010325373252,0.0615708431839746,0.212206717651706,0.878809241020951,-0.00868642784234728,0.10628342128024,-0.559235155047083,-0.524047123128128,0.434481318444176,0.299003706005375,-0.349607958263185,-0.636843294492078,-0.825142660765734,-0.825664123631219,-0.528989475376563,-0.218450296673185,-0.603387152694392,0.00353160201360046,0.210353365462574,0.318456219997709,-0.29120616459501,-0.337211922047075,-0.330285805821939,-0.0399378889966606,-0.269018140075034,-0.404168740696378,-0.287179353582375,-0.111595847910399,-0.196014536126519,0.178063558671217,-0.302268488863232,-0.0074478250018672,0.109551076799084,0.301687001918455,0.408969143495271,0.493478974019329,0.486214584007545,0.308592531746066,-0.0622064815377956,-0.108495774714178,0.0794218625233797,-0.526141204008853,-0.158286913807645,-0.546408985221727,-0.0963582386319962,-0.890231267714359,-0.224911070621388,-0.611799164524971,-0.5868404837765,-0.32631657478287,0.39899455854751,0.308032558618342,-0.132127486305278,-0.703699087999349,-0.416765415031413,-0.836102243690693,-0.425893884583745,-0.537617944153313,-0.655125891642572,-0.301467925783781,-0.671581244357804,-0.479060226312039,-0.82638103447299,0.00120829405118132,0.307620924159561,-0.530387304905519,-0.520269186729973,-0.629254166234446,-0.433343790858214,-0.406356658952349
"Mean_2331",-0.147749965270874,0.30112842933992,-0.34184475148849,-0.669433610372839,0.0332667941895579,-0.553472862648014,-0.32434968260838,-0.465946009942176,-0.780011294406894,-0.385444340341609,-0.23236697742275,-0.572515663791133,-0.370929670928036,-0.679529963961074,-0.329749446293054,-0.130390649622275,1,0.727842569937149,-0.6877617841701,-0.309969344837397,0.27278853496362,0.622207554181419,-0.481237014893386,-0.250340004015619,0.0165164067745678,-0.592667780885231,-0.0813044845917273,-0.0351864166007681,0.180031572865976,-0.0748028813207553,-0.375196879002473,-0.346191943661621,0.118195889777139,0.119900783109365,0.507716797876282,0.56589339875812,0.549771162925071,0.251869105677544,0.597045705097964,0.10349652067184,0.382863038438565,-0.298811213917755,0.580508812579094,0.738354935015133,0.145334367125797,0.479529357745541,0.640814965394997,0.79476458821601,0.440773078271606,-0.0882012309581636,0.388584980085745,-0.667055262486905,-0.116908266110491,-0.553868908396805,0.0894140304595159,-0.184857016537096,0.440927313277991,0.0818233091440237,0.318555090007278,-0.125048048827863,-0.153977643493504,-0.115269576102902,0.284135106631988,0.256156005829941,-0.764512982975559,-0.499829777426741,0.337186632914752,0.246104759471277,0.179769503959326,-0.114836512011816,0.758990027590669,0.25988826170307,0.735289458459945,-0.137571990734077,0.694906808081917,-0.0701684959792482,0.239439185021415,0.182725320657313,0.418447739626824,0.521625333018455,0.492172029294399,0.727707746200476,0.262093011284407,-0.127726484304057,0.427910621683082,-0.204411127680452,-0.295539670830115,0.27878137846539,-0.497833138627989,-0.515577649039384,0.143933766891098,-0.291052580591467,-0.497358164288797,-0.373285155742795,-0.382358197166327,0.401985336315754,0.0288806318475247,-0.241234097193834,0.57453516694748,0.260173659266428,-0.3478054847638,-0.360171267610368,0.178890345260079,0.27897356643896,0.0578186531727441,0.830272912409909,-0.17763686753752,-0.101504872838304,0.134604780868844,0.0800519806727523,0.510993319315995,0.46652056978964,0.153396408604145,-0.50138127166448,-0.192661868590273,-0.215482166969606
