"","Mean_2001","Mean_2002","Mean_2101","Mean_2102","Mean_2111","Mean_2112","Mean_2201","Mean_2202","Mean_2211","Mean_2212","Mean_2301","Mean_2302","Mean_2311","Mean_2312","Mean_2321","Mean_2322","Mean_2331","Mean_2332","Mean_2401","Mean_2402","Mean_2501","Mean_2502","Mean_2601","Mean_2602","Mean_2611","Mean_2612","Mean_2701","Mean_2702","Mean_3001","Mean_3002","Mean_4001","Mean_4002","Mean_4011","Mean_4012","Mean_4021","Mean_4022","Mean_4101","Mean_4102","Mean_4111","Mean_4112","Mean_4201","Mean_4202","Mean_5001","Mean_5002","Mean_5011","Mean_5012","Mean_5021","Mean_5022","Mean_5101","Mean_5102","Mean_5201","Mean_5202","Mean_5301","Mean_5302","Mean_5401","Mean_5402","Mean_6001","Mean_6002","Mean_6101","Mean_6102","Mean_6201","Mean_6202","Mean_6211","Mean_6212","Mean_6221","Mean_6222","Mean_6301","Mean_6302","Mean_6401","Mean_6402","Mean_7001","Mean_7002","Mean_7011","Mean_7012","Mean_7021","Mean_7022","Mean_7101","Mean_7102","Mean_8101","Mean_8102","Mean_8111","Mean_8112","Mean_8121","Mean_8122","Mean_8201","Mean_8202","Mean_8211","Mean_8212","Mean_8301","Mean_8302","Mean_9001","Mean_9002","Mean_9011","Mean_9012","Mean_9021","Mean_9022","Mean_9031","Mean_9032","Mean_9041","Mean_9042","Mean_9051","Mean_9052","Mean_9061","Mean_9062","Mean_9071","Mean_9072","Mean_9081","Mean_9082","Mean_9100","Mean_9110","Mean_9120","Mean_9130","Mean_9140","Mean_9150","Mean_9160","Mean_9170"
"Mean_2001",1,0.152050441322864,0.51105070257415,0.804793846145527,0.610617443237395,-0.0671042059889244,0.558830114524626,0.241163027223396,0.311336239580256,0.0656812295285208,0.251942905141622,-0.20505511967582,0.0331735645072225,-0.280622253408814,0.132000298970944,-0.0230583271084731,0.479142258216832,0.251482401033401,-0.0252602685684981,-0.263107059529347,0.238156820768491,0.356495923603596,0.41541026040661,0.421490693886772,0.664438903967696,0.536398333980913,0.470160996376953,0.13822830770199,0.289669614601152,0.215331444335701,0.526455594450182,0.461490137737659,0.655593820180295,0.583208418226234,0.267379662377865,0.254185577498801,0.270921099443081,-0.0884529503325932,0.211169267382887,0.217441416011434,0.396926856293839,0.66838347053671,-0.899307614260487,-0.807573091109266,-0.624568006439638,-0.881342523384442,-0.89859984242766,-0.866723205707866,-0.748210225289874,-0.767857253110251,-0.6140561408077,-0.648829928456694,-0.809535147497949,-0.861152434191313,-0.739881108987769,-0.791568140481704,0.837447695584507,0.0706919160946095,-0.169032316454494,-0.644716007322394,0.529177065322097,0.100717228062282,0.562222179626935,-0.273893704077677,0.70981929357856,0.388792117624776,-0.135415714668912,0.0464320321249406,0.312640675025559,0.162780054444114,0.422096061455683,-0.229829360851948,0.891975697537595,0.534238526895053,0.526736132795437,0.0582937852084252,0.707215929193991,0.588921793885996,0.523107385886139,0.836688912401658,0.560271382518737,0.611178143925313,0.32634379573707,0.441942974113089,0.485539380320296,0.506327595320101,0.0759639197660284,0.231381787313978,0.0887000361291009,-0.298330688748464,-0.753326278694004,-0.537349757405514,-0.0776016857147325,0.194845829174724,0.148876328630391,0.0010350399485627,0.309002572089026,-0.583331543134863,-0.576927759503523,-0.586729482814708,-0.432978608931514,0.600195747273743,-0.502556571184131,0.306923992059174,-0.102683102909982,0.16218107433816,-0.0772682387409332,0.461037465961736,-0.160880194750294,-0.227082275212409,-0.537811270853175,-0.764674599466923,-0.188439277744086,0.345816910491455,0.0489062311950327,0.251430491195476
"Mean_2002",0.152050441322864,1,-0.448704972506345,0.226598343088659,-0.203441219179853,0.191734928540091,-0.151473151913262,0.642627400178805,-0.0560896124767609,0.101151537143734,0.271193539124814,0.68474018621508,0.314216909629433,0.839768542578011,-0.572191629369461,-0.779737778621392,0.498109153852369,0.82668397131422,-0.347254600359546,0.809815632633859,-0.662012368806934,-0.796629484203618,-0.317469786474886,-0.227076659691685,-0.332520466063672,-0.0463062509578938,-0.288474956013522,-0.00663933205575545,0.550344930104243,0.639815874315839,-0.171631766019356,-0.077733181269385,0.505428475446458,0.501457217133289,-0.584565908900829,-0.330583138613567,-0.82550046400404,-0.799102471248721,-0.875484478369301,-0.72643360911972,-0.543449603034811,-0.304600534976212,0.041538389631727,0.0864190213078801,0.0793708177743543,0.220349176825343,0.0982436101232941,0.0943804706067893,0.0353309074298597,0.177130748175126,-0.0890290761134874,-0.00786017771556107,-0.0603646935567505,0.041606542192468,-0.320190476890534,-0.330738608048193,0.0677951818467926,0.691649798542896,-0.0681960954586617,0.295171931777664,0.682041296526972,0.771471546984235,0.390831832765501,0.587728458632633,-0.334941736196492,0.159262749604647,0.119786779317343,0.50707539436799,0.0651840374706072,0.533625283505888,-0.659981439157319,-0.46563146809891,-0.122020402576289,0.474676519726314,-0.691860501276466,-0.520409922902615,-0.439561661403192,-0.268564489548259,-0.211136303548668,-0.188286058769414,0.395500864053689,0.284250543514026,-0.405974155259233,0.0018882438347772,-0.540811149913492,0.048351868369444,-0.489843985222025,-0.530774594846688,-0.723988272037989,-0.0392120986601721,0.25006905022185,0.114688475388486,0.697671365542684,-0.609193225337211,-0.664350231783659,-0.406708786817814,-0.212604090748112,0.355242522026917,0.482882286530919,0.38460031303168,0.755703738391971,-0.0694779020972342,0.488665125060158,0.739961266344922,0.459630770335524,0.308079851015199,0.721047172404441,0.270727037201956,-0.695689860225597,-0.517837373099661,-0.372320760271908,0.264536507931955,0.726380319499673,0.0716989265412804,-0.12726706510184,0.773674783228928
"Mean_2101",0.51105070257415,-0.448704972506345,1,0.593255255403372,0.857068338021561,-0.363071537055752,0.910730093597288,0.143133236906135,0.723002731525063,-0.440423714535669,0.532895000039265,-0.311787383030791,0.454185734999888,-0.438660465255501,0.886032204884244,0.610088372235527,0.0445245467407463,-0.520433148863451,0.0707980488941722,-0.399340607805276,0.651735131526115,0.775453091753694,0.929232142651659,0.884826017980781,0.930678772715752,0.582317312778654,0.792832338708486,0.554414386904052,0.0251972614767412,-0.0854444170949704,0.822134072253861,0.645639997792138,0.277441697536292,0.113752698433713,0.22819601257651,-0.0842892780184179,0.601496796290071,0.241039881175888,0.625292187453651,0.651796473612951,0.566243655653023,0.542730749455379,-0.655665446601883,-0.589273489013786,-0.792086948892853,-0.761822149913612,-0.751517214626556,-0.578964061028809,-0.810583334986759,-0.622169159432134,-0.518812410802799,-0.467278533025474,-0.330334338056802,-0.324141988373629,-0.299590634632445,-0.21696408690353,0.3237990816824,-0.439479388567845,-0.610288588823268,-0.82043349239508,0.104113986431182,-0.513823661631146,0.312414647488061,-0.164091691404999,0.865528827493314,0.0666804236821931,-0.632148478313795,-0.735690776352792,0.116738143077564,0.198409898494096,0.450522703086092,0.0918276614066508,0.428725767825098,0.0641595412941715,0.538912805761923,-0.21573190997088,0.530899112088531,0.362470215273423,0.538630878260058,0.534506466580617,0.16251853110322,0.502208354801921,0.878992338812006,0.608359886599823,0.902419933334227,0.295846556138833,0.779139020031157,0.890561504434275,0.627287424114574,0.0641341027153223,-0.728406194002383,-0.235203327115876,-0.678625266682556,0.563920348907012,0.395597832153057,-0.0505483014249914,0.0693524038720174,-0.68920511691418,-0.918906896921031,-0.706379887463428,-0.788085648983179,0.457555464105832,-0.964816850990727,-0.498519739129227,-0.69418285034112,-0.451005214028916,-0.549638293251335,-0.148166463336166,0.475717968362327,0.131728505880357,-0.358655493273341,-0.373476370765846,-0.43440960738427,0.557036147173144,0.330196235201212,-0.292302810620252
"Mean_2102",0.804793846145527,0.226598343088659,0.593255255403372,1,0.63203737133087,0.124312533113089,0.63607488682501,0.628585852203965,0.636152952280356,0.0500294499994625,0.378486991977091,0.178397197717674,0.312875818479767,0.0371168048699302,0.366184601384321,0.109052474814062,0.490364510749909,0.135643421905547,-0.222882070044528,-0.00966593349742516,0.0876854728758306,0.275667290943866,0.481050467395461,0.514849559200931,0.726263554062263,0.806597705730396,0.5021387778808,0.455400892437824,0.253536806891426,0.143420265075196,0.57606199781345,0.606145645796039,0.554447224332514,0.445919254463723,-0.213252044659897,-0.223418055314957,0.0287317856933204,-0.351231595581543,0.196700903997807,0.217612514732163,0.017882709472747,0.312365623997054,-0.876760813297171,-0.630702617638495,-0.87483579337219,-0.779503050395683,-0.84801631872752,-0.685291633194246,-0.879143379074969,-0.522107332439729,-0.668829729251355,-0.484968527553226,-0.577353047241393,-0.577384114933368,-0.643935946804126,-0.551372908453087,0.600239720586493,-0.0154640581994483,-0.454132108165484,-0.514675687310379,0.340600165783396,0.347622546872021,0.459998489372132,-0.0283491069838409,0.577926265120918,0.65363241147764,-0.469675663446666,-0.11672806319248,-0.0776795121656074,0.147478761846776,0.273111145838895,0.131107368297618,0.710100786341376,0.350874452530312,0.352955448738518,-0.259588164321992,0.498164425000826,0.628601356992537,0.459100086382051,0.632977618076362,0.425167340566515,0.507833740565656,0.50365976280601,0.413906829895621,0.392246478571839,0.289146974246756,0.0966391392391384,0.385645423625796,-0.167055601391153,-0.0840915739810582,-0.632343103681386,-0.492444087884676,-0.0573633638062536,-0.11775812606332,0.316417505466026,0.0609118273341197,0.440104955215651,-0.426606692551594,-0.555669448786263,-0.33317960329142,-0.250915631337257,0.528076297129802,-0.56727192430194,0.323176212749256,-0.0687054272871021,0.266541181582421,-0.0101134091647802,0.436163803756984,0.181594215857547,0.043891774499518,-0.551672799522726,-0.377809854591361,-0.0474618675639633,0.74808449194549,0.549495414444789,0.423689770435095
"Mean_2111",0.610617443237395,-0.203441219179853,0.857068338021561,0.63203737133087,1,-0.239723209278486,0.718068459185127,0.0883372914560231,0.821331560900527,-0.338796332377195,0.717019334409621,-0.111864766209597,0.557005993008141,-0.268159487718559,0.760865804236851,0.347322157183754,0.193737792501182,-0.328665006126498,0.197285851578668,-0.291668271336099,0.749614268964158,0.71900602573608,0.765397646084859,0.762453493868973,0.893976277962221,0.757756825224285,0.958971303907003,0.757977013659642,0.0171991624637436,-0.066738023520771,0.57597611986576,0.345454286829218,0.232119034159872,0.0648262450548623,0.0848702974267051,-0.0888481426629032,0.339310873934634,-0.0951920895346504,0.35668122736744,0.230147165900051,0.400296990403077,0.361650842944902,-0.589534213588844,-0.480646696456145,-0.607961620978875,-0.63756733897075,-0.712777960266123,-0.528636701136456,-0.652052054249046,-0.421168253425376,-0.314386272614973,-0.286274897547926,-0.248549699227008,-0.269563497822974,-0.282122774399794,-0.276229299964498,0.267288756703596,-0.526663399043776,-0.673626799746006,-0.77066439227176,0.225796150838588,-0.328180060996549,0.219818222673569,-0.244457594157053,0.659340189343557,0.178671687169799,-0.473406341856035,-0.571047186134426,-0.0838627180446865,0.355266392779359,0.488449297248244,0.0220268064278247,0.420027128151258,-0.0545876331931211,0.479820884343702,-0.243418988679042,0.384329420787319,0.151295093967485,0.488650882751118,0.612912111810039,0.221710001979591,0.509593799095379,0.627609056443743,0.442027923582891,0.62790538072198,0.0784812173881852,0.67723127179416,0.541009724931927,0.4439592331729,-0.364857311632361,-0.603156754437624,-0.140184978303649,-0.251588128821354,0.481282275194173,0.327649320632713,-0.15117754706706,0.105791753071172,-0.491870173975577,-0.921221832757799,-0.543463970908642,-0.606511109319868,0.262222692186337,-0.928717700266152,-0.419866637776313,-0.385609540847599,-0.292603483901328,-0.62928821275548,-0.231629437720821,0.24607949952727,0.154843387542018,-0.338126015556263,-0.34574864643052,-0.0412549891982519,0.661568252117139,0.267012842756885,0.0732095424490685
"Mean_2112",-0.0671042059889244,0.191734928540091,-0.363071537055752,0.124312533113089,-0.239723209278486,1,-0.463779220189221,0.0710714001380757,0.142753272978242,0.895192851803713,-0.417529469861956,0.616535264385993,-0.35744090043504,0.313246969740533,-0.172785360345738,0.187316316953038,-0.37106900941258,-0.0626912821588703,0.281379216128497,-0.0912056147635368,-0.352242290661664,-0.225739271150076,-0.572011746402083,-0.611435441074435,-0.367470200501843,0.293311927648794,-0.347981012848786,-0.141664900388715,-0.548673603466166,-0.534219844953531,-0.555709813097756,-0.431668944361969,-0.440294348729406,-0.463536892970674,-0.565189158767355,-0.414906597690355,-0.517034272224475,-0.490525194787274,0.00325394707265025,-0.173530731119674,-0.747784077422518,-0.567391310650598,0.114908607611039,0.470335023844438,-0.00248060384689958,0.159916235725137,0.250004576788415,0.387977030312912,0.230386431699344,0.491287272218592,0.417287485804959,0.622778791680219,0.351774507575054,0.176635018617789,0.41272829146602,0.435164043188576,-0.271309151595058,-0.143513032496035,0.480536339904453,0.673252010616185,-0.378193720033471,0.650418401947457,-0.49680980438236,-0.349425307446997,-0.485011277889884,0.790721274272627,0.477007368031536,0.647843213632785,-0.364123794237869,-0.567393563498229,-0.106978563001335,0.585262667081953,0.130664113285762,-0.368214044425077,0.0458885298814869,-0.00284001058744488,-0.254545845410322,0.29824225059864,-0.589879979767884,-0.290066346718189,-0.55969474470377,-0.694355775944151,-0.510005670647326,-0.796382816534623,-0.499968368161832,0.0202284652207964,-0.724700959811584,-0.426740852084631,-0.697665648966782,0.0910765218835872,0.52281065936092,0.269177536547195,0.486991900563893,-0.362241382047792,0.35804429889861,0.743161912535479,0.763376173645879,0.723110627196379,0.39733748444806,0.750190369992344,0.529305026381046,0.238678440141941,0.30252878511785,0.523991710689842,0.806500343080776,0.829077497955637,0.247605103698715,0.627050585751554,0.259898593618682,0.612942270412256,0.584528360337305,0.339697950147655,0.0655251223099085,0.289725588028092,0.551004762279206,0.197403380507585
"Mean_2201",0.558830114524626,-0.151473151913262,0.910730093597288,0.63607488682501,0.718068459185127,-0.463779220189221,1,0.410610447060509,0.603562672875158,-0.540835369251791,0.598354627453259,-0.209378695223402,0.559056377727635,-0.212166620080625,0.692617299412869,0.374918071819898,0.204059854672975,-0.238950366867084,-0.14203697438283,-0.11476450855662,0.355410793241779,0.47599729018375,0.935394550383183,0.904799483898171,0.827297382751042,0.396447028113683,0.604245260894695,0.413061376698214,0.336650416166549,0.260258806198964,0.934029973162264,0.794011318337349,0.59385914239131,0.428346427091208,0.153541172411546,-0.145606187795913,0.445724593592395,0.134435391080655,0.370859713902675,0.571486076523772,0.536207546296146,0.607520138460098,-0.679486651489225,-0.671764186019832,-0.827135352840678,-0.759980668271268,-0.754935538485219,-0.61490960092246,-0.890055672504329,-0.734797304042169,-0.697255075332264,-0.645863201933014,-0.454472980126551,-0.378130620291382,-0.495259640933989,-0.398735693345377,0.430568701370869,-0.049872883136415,-0.619992958738314,-0.797879563169967,0.427600782183294,-0.370057794506166,0.608114932973557,0.153643789754524,0.901495664723585,-0.0424388210408374,-0.660017003784552,-0.639919725842034,0.366098564022625,0.431656708041382,0.137930065247311,-0.20491107500963,0.381002178540837,0.410385921940169,0.264196741162279,-0.424726173781788,0.446772540135227,0.307611969440251,0.518758338626139,0.446094353419762,0.371656170398711,0.713328402312264,0.858944606156033,0.785441982725642,0.880962622437654,0.487802329900931,0.691066565532149,0.872117446417697,0.509964807477482,0.261154945802922,-0.74320002243141,-0.234661859059225,-0.650696990747697,0.433345419158403,0.054323895221248,-0.266506724073524,-0.148624117540405,-0.716554441138567,-0.74313631297108,-0.729423265439143,-0.615633055455842,0.537981372529665,-0.792836389894573,-0.264788742534501,-0.744460072196044,-0.511008803517071,-0.209729283396589,-0.0384079505551762,0.204901435078518,-0.22102997622665,-0.587102998285722,-0.342309132411697,-0.344679549414818,0.452314404003693,0.177938496198656,-0.196496505014642
"Mean_2202",0.241163027223396,0.642627400178805,0.143133236906135,0.628585852203965,0.0883372914560231,0.0710714001380757,0.410610447060509,1,0.361767952897356,-0.172345737643625,0.424060729210335,0.581382930466152,0.538392026269551,0.663768257078337,0.0438522844850412,-0.266927822853413,0.537358700292888,0.447395007135493,-0.663823096219863,0.64028630127974,-0.54407778431891,-0.43063818184043,0.264500457988692,0.340725118314496,0.197178568125645,0.305539373871816,-0.015850510355473,0.308257738050982,0.612116941326827,0.574593748773406,0.441822161944864,0.592595242621983,0.631086820030602,0.564284895570472,-0.643679099492065,-0.639006607080363,-0.45371508482102,-0.548271531352554,-0.387846297149543,-0.0891511950704696,-0.371005008085106,-0.0844823106359869,-0.379191442614875,-0.253133009319317,-0.580759648824223,-0.196374750224681,-0.31599736894528,-0.197099633141591,-0.557135476270936,-0.143850893129721,-0.603309810351029,-0.329820523686164,-0.23247040350818,-0.0461500600594071,-0.514755634751537,-0.317483399687517,0.229753444920405,0.524623465258043,-0.485919104105419,-0.0820803932151078,0.48936448800934,0.598451858001759,0.596447856065844,0.707671250217127,0.129299840986182,0.313009712972721,-0.553950482748072,-0.0603281421299106,-0.0504955320560552,0.446031198232301,-0.462174585511728,-0.0819441008346843,0.0647371132239629,0.518905397075697,-0.449423139922373,-0.664963967338499,-0.0990187723930115,0.173412108133043,0.174733774875649,-0.0106098333714336,0.448910625819311,0.470865065513181,0.328157503721183,0.40974835294439,-0.000707335268845103,0.12276972823227,-0.0680871042215172,0.201608291469523,-0.46371221045047,0.361192669775135,-0.188035888424517,-0.203789442675158,0.0767893390446818,-0.591166857122043,-0.240962314972591,-0.317927635058602,-0.0544258011211469,-0.0436595072573637,0.0602207224279556,0.0858268623230586,0.34295310860748,0.16967620552069,-0.00823587236910242,0.494886401163861,-0.0609965935581109,0.0972270600798321,0.59293312837846,0.276503551785321,-0.0645785144853632,-0.279776809486077,-0.633921243507559,0.262921131735335,0.343400859792171,0.550927364234693,0.429072788808696,0.532602432354727
"Mean_2211",0.311336239580256,-0.0560896124767609,0.723002731525063,0.636152952280356,0.821331560900527,0.142753272978242,0.603562672875158,0.361767952897356,1,-0.141920196491745,0.677539499244875,0.371788886470628,0.675376930264685,0.128610308699632,0.811447526007824,0.468820148080403,-0.0189230847594486,-0.431071411297899,0.162604632028805,-0.0564354042993953,0.444259424996009,0.464645345345508,0.608316285984051,0.596779427624447,0.677028098946778,0.829512534794304,0.743044872611554,0.827461970352208,-0.146257555769868,-0.212906991475034,0.410417993887914,0.264510230340384,0.0229593556447602,-0.183371547141926,-0.432251087749205,-0.590464558733707,-0.0408030384315397,-0.40505940097556,0.252086481171229,0.149212887622707,-0.097968768843426,-0.0997795532932041,-0.373849248872031,-0.102788348284968,-0.673059016251658,-0.386685682888473,-0.441935719397227,-0.137730195975308,-0.559449929821476,-0.0438115946813322,-0.145102069702775,0.0727974107522802,0.134645687366636,0.116081998971182,0.0111391635973639,0.119118916775775,-0.102648100741921,-0.525151804239784,-0.664661259189666,-0.379412759397857,0.036819881151197,-0.0206389164312627,0.0122955224649911,-0.0619698737175508,0.359620386764025,0.431253836182583,-0.493659406212232,-0.473401293080301,-0.328227579575218,0.250908068500846,0.156489011334903,0.322835977094977,0.160121181810467,-0.260094191784538,0.204727201029014,-0.564508316017076,0.00631113480975393,0.114917466476668,0.131412200972241,0.191291292025537,-0.103505128912172,0.202451323217344,0.53360992932227,0.16542105838035,0.387020654052738,-0.000917889188424076,0.47183518805959,0.505366872948238,0.0851373474596543,-0.0396190402397978,-0.233876127543208,0.141630076420812,-0.118803495123808,0.194489630572289,0.370683352734544,0.0391976661493931,0.251056959826327,-0.081265965961984,-0.649287451133474,-0.0856948500443662,-0.227734948313666,0.268329493238549,-0.766451961315207,-0.272123643888741,-0.162083743072008,-0.0885233167833595,-0.403971579142993,-0.114329895649823,0.473132801816008,0.419565789603047,-0.119621327059338,0.149165953021162,0.0860669394743952,0.886443016572001,0.649443943045597,0.144672818710568
"Mean_2212",0.0656812295285208,0.101151537143734,-0.440423714535669,0.0500294499994625,-0.338796332377195,0.895192851803713,-0.540835369251791,-0.172345737643625,-0.141920196491745,1,-0.674109271213011,0.315187683653932,-0.657803585695271,0.0391334480796402,-0.378776468413176,0.125685426177045,-0.376427772627309,0.00480257605440363,0.421689429252749,-0.242079785254872,-0.299299075476966,-0.16217680435468,-0.698159697750403,-0.753125913767593,-0.415549990982538,0.132144979846474,-0.44460013692708,-0.433500818002693,-0.599210477052741,-0.569878651060576,-0.622712687144344,-0.498893031727265,-0.404786520092443,-0.376377470043412,-0.216718288015076,0.0100622210198139,-0.329960181323663,-0.283029248992697,0.113542794790756,-0.122225187515828,-0.540073068487392,-0.35053193786009,0.0496973701684506,0.34640788719628,0.103610387572964,0.049985513431291,0.195135631732713,0.23614777315275,0.275531476306188,0.311481836076691,0.42216146755849,0.490055460319582,0.137768441663578,-0.110644103650034,0.324367223320829,0.249252901907463,-0.0751672257080391,-0.101255383743998,0.743420632332158,0.633015352464781,-0.364920435085666,0.548505163609137,-0.510143454102609,-0.565843572275289,-0.398206685476473,0.723133835117804,0.706209375818798,0.819650402721142,-0.156679214936438,-0.71741491453492,0.053143280949139,0.449941103566727,0.308112573660862,-0.273381937783721,0.244773149713498,0.29968976164436,-0.0409791337439921,0.409634170189088,-0.561775882991811,-0.129859091039356,-0.508690428062211,-0.694929468259975,-0.639957986584147,-0.804232084328785,-0.459167122786281,0.176445681757081,-0.834526251754578,-0.515813455074568,-0.620798576865033,-0.0194552977231954,0.426897341005489,0.12619014622157,0.472981822075856,-0.212999620945528,0.347571832283282,0.834779966388063,0.782010183755047,0.544062190064534,0.409032440209793,0.568978554113428,0.382607691399955,0.344638068118926,0.376758117363876,0.593083092214435,0.833540787794038,0.904621196216889,0.19370505847498,0.74778389560683,0.111880604870419,0.485149868113501,0.618181883564126,-0.00377121467734313,-0.14456640023992,-0.0244692279748881,0.292282537671182,0.0990873305740941
"Mean_2301",0.251942905141622,0.271193539124814,0.532895000039265,0.378486991977091,0.717019334409621,-0.417529469861956,0.598354627453259,0.424060729210335,0.677539499244875,-0.674109271213011,1,0.242616198167669,0.936026923427973,0.318839595594774,0.499745931508545,-0.128561072428414,0.398685492219785,0.0514994001529296,-0.18072476134836,0.341524369251658,0.335081353089471,0.142415966214006,0.67481495181194,0.73328599729673,0.548705747428043,0.404206546872915,0.710581689840712,0.79974193263671,0.464412849711249,0.452476292819035,0.510080663553055,0.315359462053263,0.424223366696393,0.273655498082738,-0.26919633736834,-0.413756296936583,-0.111683958432931,-0.375846022968806,-0.284984424172962,-0.192975597738333,0.144457843503409,0.0761125848492272,-0.205655692038861,-0.238808320571776,-0.330258233434475,-0.164746677526323,-0.344437100870826,-0.199993660921315,-0.414105298994731,-0.141428159688892,-0.285527214709674,-0.22133385831633,-0.00890782960469366,0.155501717798218,-0.282087443436793,-0.223835692110025,0.00518513814879258,-0.0633518198460951,-0.876508543259506,-0.555285238253454,0.55651157924337,-0.138325886132747,0.447434340298899,0.435379787259321,0.329069063076754,-0.190290135041173,-0.592243313206467,-0.588078760478563,-0.0523276651351339,0.85888437175411,-0.12264654311582,-0.34339616259979,-0.127081110048998,0.150933186807779,-0.24864187907203,-0.674766352552237,-0.141631521797266,-0.386436012153122,0.353581905035204,0.182689030236029,0.412087721567163,0.676927203204823,0.494961753249462,0.561106087286011,0.303324108717822,-0.119241786384892,0.659095728014428,0.337074762690364,0.244005350620773,-0.194708816006326,-0.304045042708682,0.113877493587789,-0.0340896087919031,0.131447864601148,-0.274927349569725,-0.695381161085952,-0.44617348602134,-0.224200806946746,-0.518459763954799,-0.28326760284233,-0.120971642850428,-0.129227378779107,-0.54552551821969,-0.324064596778368,-0.409155619427614,-0.545122006359896,-0.190933864335096,-0.510655610461575,-0.143945147356086,-0.257410947267981,-0.556753652623411,0.141655590779788,0.483723590833557,0.544860075038599,0.0405581320513647,0.323339571721662
"Mean_2302",-0.20505511967582,0.68474018621508,-0.311787383030791,0.178397197717674,-0.111864766209597,0.616535264385993,-0.209378695223402,0.581382930466152,0.371788886470628,0.315187683653932,0.242616198167669,1,0.401363093488006,0.904813615930892,-0.11987264489151,-0.217006128122741,-0.0213993205439394,0.226792969214154,-0.0573303973062697,0.636188715182083,-0.518446853052603,-0.589405572110311,-0.312394570157225,-0.275600211308744,-0.333148171673018,0.242718780963136,-0.200282470805294,0.270370445495862,-0.0168523294337337,0.0505520100059627,-0.336629343973476,-0.257679874635947,-0.0729960184573568,-0.157812993870151,-0.970760086583852,-0.814161884431827,-0.916797134116932,-0.903911304652162,-0.5698227584621,-0.569322671299641,-0.897701369934859,-0.770083275685354,0.269894482820178,0.538903243721537,-0.0371054962842077,0.396903275601108,0.334844924754681,0.526908833818095,0.142558383063908,0.613283914617987,0.272397296529894,0.540675686903089,0.508460244548427,0.529292793905939,0.256465812336455,0.34450211191803,-0.469552626027636,0.162913297522497,-0.108249959511984,0.569483458490083,0.124538145395864,0.740903501913214,-0.136739102224118,0.390321415110843,-0.541297736939018,0.460549269114258,0.0690821011135691,0.349697690868882,-0.368558048080617,0.203292388378361,-0.637922905693817,0.161971718465432,-0.346767069476531,-0.150706454641232,-0.608473811484111,-0.69079685519066,-0.710849610195013,-0.253352681128321,-0.549301398305037,-0.534102748306483,-0.239257307469006,-0.231051926263589,-0.339840232009227,-0.40857650124572,-0.575218997209009,-0.146594215557188,-0.429841662834464,-0.358696982142422,-0.779848832548244,0.173761134096086,0.587935885460657,0.485654780760238,0.622717781258535,-0.567374398003483,-0.214477495273153,0.0291118017911017,0.122889210126189,0.730576343659257,0.437724661987197,0.774874218869135,0.813471536191421,-0.0546050085998756,0.307521354567239,0.470244133326124,0.579354837064685,0.421342919134207,0.468915875878525,0.198426874483561,-0.0657125720838681,0.172037758900176,0.128820129611707,0.735070856869907,0.630650529813878,0.450162630895912,0.440226008977357,0.559690173270137
"Mean_2311",0.0331735645072225,0.314216909629433,0.454185734999888,0.312875818479767,0.557005993008141,-0.35744090043504,0.559056377727635,0.538392026269551,0.675376930264685,-0.657803585695271,0.936026923427973,0.401363093488006,1,0.484641783862496,0.489853342611969,-0.0923355551664508,0.28130378801639,-0.00555135533925065,-0.198317774808756,0.526249210309194,0.175398990547939,-0.00331439396273207,0.591842065058791,0.646092359229804,0.40820837594893,0.328294355483209,0.552268280873808,0.769091620043111,0.401856831814489,0.413014618142147,0.436345367665538,0.291101577981861,0.331162451780266,0.176199360657594,-0.450411281807441,-0.563358981060936,-0.260258682149493,-0.457866287794333,-0.329500378591861,-0.219188044736358,-0.0522339510042612,-0.136980962018289,-0.0434274489329907,-0.0369852445881265,-0.327896819840679,-0.00383000014138134,-0.161828662305461,0.0152846507755502,-0.352311762998449,0.0262879262818876,-0.206721324447139,-0.083795339307712,0.178678381480148,0.345325717479442,-0.133185647583291,-0.0382451091110607,-0.204897945595783,-0.0268177629941284,-0.869810043185171,-0.364663447229265,0.458739870842847,-0.0552334645554952,0.332670288277501,0.583189294460206,0.195610915252856,-0.173545939862511,-0.615566277722313,-0.574309190114889,-0.118322063787959,0.822309438476211,-0.32693018680223,-0.260902806224533,-0.337164608312062,0.0670438069855551,-0.422085542618372,-0.831886192874568,-0.347795654166733,-0.45444564111164,0.163968380127454,-0.0730084145979761,0.252130811926182,0.543425776497371,0.456636243840555,0.487813577690364,0.203978013196467,-0.145092463806883,0.593302179206411,0.358101532818559,0.103644562573751,0.019679594298422,-0.117414149940524,0.253798659228795,-0.0164914305786049,0.0284787984572595,-0.324063050008154,-0.650772035075853,-0.481265334637814,-0.0995319584812796,-0.358266456740836,-0.124339183264369,0.0371695104409904,-0.146008057504175,-0.434709709195975,-0.292350523972124,-0.371478063240125,-0.51379172869704,-0.0940978579817527,-0.513951109437397,-0.064785295525459,-0.21126469449828,-0.462215108993192,0.357597405418401,0.493747105036943,0.524143488381525,0.139490905796307,0.308537381940475
"Mean_2312",-0.280622253408814,0.839768542578011,-0.438660465255501,0.0371168048699302,-0.268159487718559,0.313246969740533,-0.212166620080625,0.663768257078337,0.128610308699632,0.0391334480796402,0.318839595594774,0.904813615930892,0.484641783862496,1,-0.31899797725765,-0.521540352893232,0.20280429914819,0.49405594913263,-0.320517834641836,0.869389052985626,-0.665071620780616,-0.801870728623699,-0.298816647700062,-0.225074488963782,-0.434888720116275,-0.0386938505587087,-0.315146566015143,0.175999687543498,0.329361556452731,0.418894137068143,-0.260825553610473,-0.161144723215533,0.155917866687065,0.119092011980096,-0.875925205247365,-0.70994992709718,-0.931629808892226,-0.829689725504663,-0.823454554209993,-0.681297700213136,-0.779555382939201,-0.66556650137088,0.351844261496053,0.452534172907496,0.116852175367776,0.513955207414414,0.398918682433981,0.490163592347015,0.195672788190083,0.536745581447626,0.136443176331011,0.338335491113485,0.398336056319943,0.526562189440391,0.0756797183115547,0.159751006803655,-0.389520927292371,0.475417882940586,-0.186239210937637,0.508308840626803,0.35637043807437,0.705422334455884,0.108232767805917,0.703749163520692,-0.553559109392735,0.134797472507017,-0.0180856996203482,0.294780630973521,-0.208147406820957,0.460984723254296,-0.813218741891872,-0.157730773331288,-0.503254620305024,0.112106526838615,-0.86290983970531,-0.722875087628716,-0.763069200501723,-0.449743507597816,-0.42449830038271,-0.56897487859139,0.0373155537869712,-0.000281654378946972,-0.336312604325434,-0.17105675536702,-0.61490709006299,-0.186341937250701,-0.369196545448927,-0.408876498006346,-0.724103794545696,0.197060031539231,0.540401664149507,0.410454238376805,0.609393029456854,-0.659304293057085,-0.546988238571256,-0.327378993110574,-0.232444831824107,0.624761539236905,0.563159879702471,0.663766632445291,0.876351918555414,-0.244855050401127,0.477390010417116,0.484959320453494,0.419738657071267,0.198784312877145,0.648737854238971,0.0416223127804496,-0.353828693208467,-0.202836186074299,-0.117559162833095,0.731288906730103,0.770649518882127,0.224973589523346,0.14456378222502,0.620053012935124
"Mean_2321",0.132000298970944,-0.572191629369461,0.886032204884244,0.366184601384321,0.760865804236851,-0.172785360345738,0.692617299412869,0.0438522844850412,0.811447526007824,-0.378776468413176,0.499745931508545,-0.11987264489151,0.489853342611969,-0.31899797725765,1,0.763014728661364,-0.210202225791848,-0.758967464734325,0.161980826329532,-0.39357013556983,0.668290168437575,0.758202608573001,0.801065366392795,0.749918781094331,0.761662029639032,0.590546141340961,0.748454686250593,0.680314127943633,-0.236570017255243,-0.341515716651497,0.586465708419504,0.417534029381206,-0.117259412634254,-0.28369192064741,-0.00520844964260638,-0.335366646588683,0.466574514789187,0.184876457549809,0.629269392285843,0.578295029431177,0.313922365986106,0.173875354363943,-0.332319513660785,-0.211522220712512,-0.625822890596174,-0.437638254017299,-0.431619377314024,-0.201350780402822,-0.54087608931015,-0.222682041646636,-0.206378845586366,-0.076326651961965,0.0928739161227609,0.0934109735237932,0.090478858406838,0.218589832971596,-0.0853981481985618,-0.670501299595566,-0.613195754083012,-0.559716933554725,-0.231054027863902,-0.519322813702665,-0.0313187747614239,-0.174028633137587,0.557669946711556,0.0876959013995385,-0.616432592009546,-0.800646182741652,-0.194283727016284,0.062825463170111,0.386289393900091,0.388948945194637,0.117603603392732,-0.327303542567196,0.426912435511243,-0.266099402982978,0.240531736049071,0.179080106581515,0.316006296563302,0.228672000215986,-0.176129545276069,0.163273764185538,0.789850088670048,0.322062203303647,0.70633279065729,0.00373759512773264,0.777841261591616,0.82322706719377,0.565425818750189,0.112925289763493,-0.404016764455746,0.0214185074211716,-0.614637225321076,0.485252355859108,0.531224775173945,0.0723021566524542,0.122362196286508,-0.364815112551787,-0.794770577677309,-0.380329771344874,-0.630104034162195,0.22354963817205,-0.895107705019047,-0.681078743035331,-0.57849185397509,-0.43378906066555,-0.640857643214754,-0.334265633889668,0.719713406768699,0.460007776265447,-0.0506980902650504,0.00913750444051795,-0.327006170176402,0.645012541598153,0.524584101581301,-0.357991662375969
"Mean_2322",-0.0230583271084731,-0.779737778621392,0.610088372235527,0.109052474814062,0.347322157183754,0.187316316953038,0.374918071819898,-0.266927822853413,0.468820148080403,0.125685426177045,-0.128561072428414,-0.217006128122741,-0.0923355551664508,-0.521540352893232,0.763014728661364,1,-0.671571191196047,-0.93092001176184,0.452038833972297,-0.691347019259279,0.477698923184827,0.697535945706257,0.40609386550548,0.274507492881366,0.392736089809946,0.320683739256466,0.280842977803657,0.12258321432182,-0.657623515015743,-0.73112653403041,0.264359297364961,0.164575436821647,-0.435547578983032,-0.558096321057271,0.141371853882734,-0.158329396650011,0.528155939526579,0.401799778441089,0.875540691577889,0.772580588257777,0.215798890998261,0.117320156970706,-0.167212203070446,0.0133005164179388,-0.457667810389033,-0.364904375580689,-0.180094461603478,0.00794178045221088,-0.278346003121754,-0.131735768193747,0.0681263850354676,0.158800690792429,0.197209507747629,0.0491393468139923,0.403984224917885,0.483198977614748,-0.17581686303947,-0.680979922062251,0.0261789597822279,-0.157383595631365,-0.571422668019388,-0.491019973992099,-0.360278803816104,-0.527174511293459,0.394936551328318,0.22947835280391,-0.131667656366923,-0.389771670040216,-0.0328001203794366,-0.500800619390124,0.383639094062464,0.595515309178871,0.196505462139591,-0.459966325111127,0.601482734065861,0.0560708122271536,0.265349258126736,0.422119045761903,-0.0686784287408662,0.0130149708814793,-0.599496150249656,-0.340443074281357,0.452968331609625,-0.116553600511235,0.592438696959923,0.259802417812826,0.358797559124414,0.669471411513369,0.451262908760763,0.368469607387701,-0.138534045564684,0.141669576024494,-0.645880869531023,0.558418147956481,0.691174854478287,0.619036513273279,0.434827500182,-0.140422706128472,-0.467456816065988,-0.16591538807754,-0.548979968328872,0.483381687295928,-0.594370185610618,-0.491709412713907,-0.31216073929785,-0.109815464119921,-0.523318221921145,0.0627352764068952,0.845349807791296,0.672749461337602,0.438006606133071,-0.0324879267864194,-0.732977497676987,0.305357755498938,0.506559870987576,-0.712177380182584
"Mean_2331",0.479142258216832,0.498109153852369,0.0445245467407463,0.490364510749909,0.193737792501182,-0.37106900941258,0.204059854672975,0.537358700292888,-0.0189230847594486,-0.376427772627309,0.398685492219785,-0.0213993205439394,0.28130378801639,0.20280429914819,-0.210202225791848,-0.671571191196047,1,0.748461779599117,-0.737991557528991,0.402435820171326,-0.147411456713714,-0.172061923018376,0.208841066403488,0.360702401247326,0.344379461006216,0.240679154014233,0.254323363112504,0.310165705172811,0.82524807787725,0.746931620272134,0.374647800888432,0.484510329988072,0.720848189911139,0.796044127837845,-0.0260752408271613,0.0984302202579632,-0.0745443242428942,-0.204689199568341,-0.416181452934927,-0.265615181450071,0.124383046675261,0.312419540686356,-0.509003264884808,-0.619478213988408,-0.212334581136028,-0.265436955480882,-0.515016033068621,-0.620696495895616,-0.418517282619617,-0.372636245343056,-0.683898256382303,-0.658606717749586,-0.659462521154373,-0.449826964972932,-0.868635781872062,-0.816669878598659,0.646406312984976,0.462004224620097,-0.509793768503323,-0.468288359326738,0.557693451800896,0.350797498781339,0.688613528221488,0.453474094929818,0.196659513152671,0.0133528961160758,-0.502444084080924,-0.118244339073833,-0.103523156190106,0.504485924275145,0.109930470961755,-0.331769723299251,0.300093093517901,0.605085289262869,-0.136830688807741,-0.00903647767885106,0.331376079821064,0.0989841527016667,0.715134621457322,0.575182949115063,0.931628323798283,0.742197486746023,0.259152840087114,0.612059995845074,-0.0313531677054344,-0.22666979999377,0.0782684004187859,-0.0750645148195422,-0.155054533216748,-0.409566843969427,-0.545796355363875,-0.70038422574321,0.186679112506807,-0.493784842654696,-0.213773046013063,-0.615963666011655,-0.185575158063854,-0.432195291160974,-0.179306458348022,-0.325046686415597,-0.0105343858154771,-0.263120699743476,-0.0401451945377681,0.303983673595087,-0.129451259789185,-0.0110912045131815,0.242343189981227,-0.0353294511765501,-0.40159062159032,-0.513872165761111,-0.881269518836659,-0.309158895350756,0.465052414107023,0.24260770092087,-0.0642670578441908,0.711443531331138
"Mean_2332",0.251482401033401,0.82668397131422,-0.520433148863451,0.135643421905547,-0.328665006126498,-0.0626912821588703,-0.238950366867084,0.447395007135493,-0.431071411297899,0.00480257605440363,0.0514994001529296,0.226792969214154,-0.00555135533925065,0.49405594913263,-0.758967464734325,-0.93092001176184,0.748461779599117,1,-0.57142399464821,0.605718062715693,-0.607923962121384,-0.695018834429419,-0.339711400015162,-0.21956948182043,-0.28789509708739,-0.213088615219895,-0.333291472530633,-0.211545247484645,0.733542022452738,0.772641133275264,-0.0982245919758906,0.0559459323447261,0.620839579569659,0.731229545441678,-0.152475869805025,0.109811339766547,-0.479425050283443,-0.397887749042093,-0.774187332535793,-0.58815528199149,-0.201336133104565,0.0461114616219494,-0.105851415007318,-0.227038049195608,0.206181229301038,0.109507663063987,-0.0448612218180597,-0.216578759170143,0.0368288846501964,-0.0846547309272948,-0.308410099003552,-0.342844729923231,-0.430335207257794,-0.285065167359339,-0.604168324925584,-0.641469256562892,0.426169648094427,0.810128092602147,0.0328875242924034,0.0945116425244259,0.647174573120091,0.631239810770888,0.542269453079513,0.501069426824209,-0.222097355434249,-0.0231670106236215,0.0842634395918104,0.474476530004109,0.142576748563969,0.408902337844673,-0.349877263016282,-0.546037578413356,0.0835933378130699,0.670555220679701,-0.485112084289139,-0.0414591393715398,-0.0566532702740183,-0.103394101305783,0.160205973795273,0.131565242687743,0.700498156961044,0.417199492357735,-0.351436030572811,0.19097909284755,-0.46983500190924,-0.0337572345384278,-0.467353518346834,-0.565490431492488,-0.524849504599501,-0.229761565092383,-0.0369238848016175,-0.325621318828316,0.551971630751362,-0.630741128711673,-0.59925180309544,-0.485936629659529,-0.239153279426295,0.0474679437804744,0.434695525852563,0.0984626921789533,0.507262772368583,-0.216867856222281,0.553733289899347,0.708551799165755,0.308862635805974,0.251665621914842,0.68212571682526,0.248036357582877,-0.786089246204544,-0.684811131125358,-0.554538324031831,-0.10029382105902,0.578982703906521,-0.186071070396673,-0.361717225601959,0.716526735656371
