"","Mean_2001","Mean_2002","Mean_2101","Mean_2102","Mean_2111","Mean_2112","Mean_2201","Mean_2202","Mean_2211","Mean_2212","Mean_2301","Mean_2302","Mean_2311","Mean_2312","Mean_2321","Mean_2322","Mean_2331","Mean_2332","Mean_2401","Mean_2402","Mean_2501","Mean_2502","Mean_2601","Mean_2602","Mean_2611","Mean_2612","Mean_2701","Mean_2702","Mean_3001","Mean_3002","Mean_4001","Mean_4002","Mean_4011","Mean_4012","Mean_4021","Mean_4022","Mean_4101","Mean_4102","Mean_4111","Mean_4112","Mean_4201","Mean_4202","Mean_5001","Mean_5002","Mean_5011","Mean_5012","Mean_5021","Mean_5022","Mean_5101","Mean_5102","Mean_5201","Mean_5202","Mean_5301","Mean_5302","Mean_5401","Mean_5402","Mean_6001","Mean_6002","Mean_6101","Mean_6102","Mean_6201","Mean_6202","Mean_6211","Mean_6212","Mean_6221","Mean_6222","Mean_6301","Mean_6302","Mean_6401","Mean_6402","Mean_7001","Mean_7002","Mean_7011","Mean_7012","Mean_7021","Mean_7022","Mean_7101","Mean_7102","Mean_8101","Mean_8102","Mean_8111","Mean_8112","Mean_8121","Mean_8122","Mean_8201","Mean_8202","Mean_8211","Mean_8212","Mean_8301","Mean_8302","Mean_9001","Mean_9002","Mean_9011","Mean_9012","Mean_9021","Mean_9022","Mean_9031","Mean_9032","Mean_9041","Mean_9042","Mean_9051","Mean_9052","Mean_9061","Mean_9062","Mean_9071","Mean_9072","Mean_9081","Mean_9082","Mean_9100","Mean_9110","Mean_9120","Mean_9130","Mean_9140","Mean_9150","Mean_9160","Mean_9170"
"Mean_2001",1,0.847595145671014,0.600522026465473,-0.0453800787318518,-0.17196374022355,-0.167653516678673,0.773723319885225,-0.0114617762802226,0.474370813474863,0.0752727923637198,0.880336380779594,-0.211973882985784,0.822232695681916,0.2826880758714,0.500992792547365,0.612088912074571,0.249053088215946,0.141616123381868,0.73676451811709,0.560061285976087,-0.919377764119922,-0.464063791096827,-0.224602115229917,-0.512600004702402,-0.788875218324542,-0.667940068656882,-0.875490237809534,-0.701367613633839,0.627791534021826,-0.0580344531043551,-0.258952014898492,-0.224740688634684,0.611290058669037,0.0935557698948415,-0.930206133513346,-0.869650760180385,-0.0188040219384064,-0.653414462548917,-0.315145027555081,0.12548718292896,0.651467855280889,0.706202579403363,-0.477773921068648,-0.371258836044158,-0.390446284512175,-0.34937567598711,-0.675642698993347,-0.41193846286389,-0.414169787185126,-0.553417121772573,-0.230722534371714,-0.716541850012113,-0.392110265716909,-0.473274760230596,-0.624923724388578,-0.224697659182107,0.57231476672485,0.386674082805122,0.44078058562298,-0.234642919887132,0.505692233690766,-0.106574056412472,0.457040888327734,-0.413609417975148,0.0935198445756705,-0.163943718471801,-0.0847733180013189,-0.409280443114883,0.437969888945778,0.361108318415797,0.246597566492041,0.0614998486748896,0.883301741851713,0.425860852573848,0.781517856787482,0.579108428082318,0.794252754764067,0.634686112700915,-0.582340144747452,-0.527352635872417,-0.0513474497860349,-0.0288462863238893,0.454076721172176,0.475192049424211,0.78878600053261,-0.0855233233372569,-0.00670716277123826,0.20719272005065,0.299634477710454,-0.222404664258948,-0.503241965832931,0.166905765829581,-0.792525679756877,-0.197471516290459,-0.0240676795408198,-0.534835984653229,-0.572837414002272,-0.452449470236488,-0.668626810321741,-0.0797499073364027,-0.716207390858494,-0.246843867075178,-0.573090074162934,0.13232915436741,-0.738455857771899,-0.707086735301115,-0.649041158661278,0.0288670937769473,0.504707849740919,-0.158370315571475,-0.723345255179182,-0.00624904445756302,-0.153396438269118,-0.538460249452109,-0.560509896383222,-0.509728225031388
"Mean_2002",0.847595145671014,1,0.566259047951009,-0.0245878746519324,-0.197160808935522,-0.258309747536619,0.484979749030614,-0.0809128409151036,0.442940503913702,0.0294291570287717,0.751353137447778,-0.323418791856779,0.783165734239674,0.109251954541549,0.570504696376871,0.634558380577759,0.60825565670023,0.526629435539519,0.848209493465091,0.772255506379628,-0.853417362039131,-0.731638563347399,-0.421107021623249,-0.515191349187792,-0.777408438912773,-0.676684384480559,-0.782255410045107,-0.70808762013977,0.802456171442223,0.347635522104556,-0.416843723609527,-0.430449916957054,0.614168429241026,0.103219049957178,-0.852226845195735,-0.841814167344627,0.14291479339684,-0.562809092849382,-0.159634233616385,0.060882201014955,0.416138808252154,0.658486414008559,-0.659499757741407,-0.406242588348109,-0.489865276112705,-0.441787485310851,-0.800616900304513,-0.571929048484286,-0.695757007537919,-0.6301710519963,-0.5370154679077,-0.75165818162979,-0.53908438797007,-0.568400432108338,-0.693373679969467,-0.29734087082812,0.583954845123601,0.472079928454237,0.00106813026013912,-0.535364134295199,0.224021224921855,-0.138607737466387,0.590543101633417,-0.0642978615023798,0.104979462419278,-0.169870466195634,-0.335276810690499,-0.486067989248748,0.44228052387613,0.356988608380335,0.261312851382078,0.0517538473678147,0.680618884049863,0.522941689786787,0.929142159992225,0.740371584646122,0.833979493130353,0.783725361839232,-0.148528512525813,-0.0897233383577188,0.36620239443303,0.450301927562101,0.599742626264986,0.645182516686243,0.698977772547548,-0.198914414231824,0.18668991056874,0.27380481693536,0.222218937406403,-0.449319251901695,-0.519561500811052,0.0596020979969626,-0.594450705879362,-0.0824614111194416,-0.210194065882496,-0.547841937567314,-0.326381468516455,-0.450550014531246,-0.772373435253916,-0.142002823691077,-0.566057389911288,-0.268116906017179,-0.254077041037061,-0.0196277513122541,-0.584070444432095,-0.604080860240665,-0.653834864806871,-0.339769340969202,0.197429897274714,-0.0155942643548586,-0.603026887960939,-0.244647278165136,-0.248123562694653,-0.403717932986619,-0.316180345102563,-0.251708265751125
"Mean_2101",0.600522026465473,0.566259047951009,1,-0.028859587626416,0.571895214028273,0.0846174839573476,0.740746400229058,-0.41221702360528,0.632226947632725,0.344932550060304,0.365009999005225,-0.620287677480377,0.210639081627006,-0.234248378273485,0.763233381681307,0.626555860204909,0.253318007086593,0.260071623957833,0.771744485935335,0.798691635491351,-0.507420592956683,-0.373772197470068,0.448634228696082,0.172118359526103,-0.210814181654867,-0.442728843404481,-0.476251472578335,-0.787695891263453,0.382296024703215,-0.341829005552519,0.320546401578487,-0.0539923001164832,0.700082937564852,-0.247009469968017,-0.456366770436397,-0.81638346397808,0.181870858008385,-0.284335376051419,-0.66980735376539,0.279093553641764,0.555347362527972,0.619101925777372,-0.61722419061679,0.27289912658372,-0.678892172798016,-0.712234464140362,-0.128357187468012,-0.142869335419797,-0.497870620605906,-0.395985980112283,0.258856603341809,-0.182872876405712,0.0976465515049631,-0.384000336896551,0.0302668762128341,0.135044966554142,0.759856420893895,0.552917109429407,-0.095391508897779,-0.413935221748301,-0.161971937177163,-0.549333521510521,0.57931376275954,-0.50586538627204,0.0536724575414573,-0.317928396676068,-0.223154396407664,-0.643497929275958,0.867229805362645,0.849906201760441,0.170549382884637,0.321843607942568,0.580990975059654,0.00312114745151281,0.448178818547569,0.297567003268684,0.529112236570885,0.209984094123603,-0.281205930292699,-0.30086440665455,0.0456442572014997,0.175135148505345,0.858838127552803,0.672050066754891,0.921491804562313,0.152292325328226,0.676408282038544,0.625490158029914,0.840087405253151,0.0853206786733126,-0.0321439301191002,0.13197122578793,-0.455383837069332,0.1880714179127,-0.299406527477496,-0.849204486458268,-0.252897484488363,-0.164480908549671,-0.409484915617139,-0.345108459175292,-0.873761882201351,-0.391281529637518,-0.61032458531061,-0.456277318193837,-0.827218661135882,-0.675269481706571,-0.662324586944655,-0.315543030036988,0.118321972539274,0.205043676574676,-0.705000975801222,-0.0241375187229522,-0.585088293051083,-0.606466234520657,-0.734094867643168,-0.659855466479805
"Mean_2102",-0.0453800787318518,-0.0245878746519324,-0.028859587626416,1,0.225407698927842,0.742068074284327,-0.361377185161077,0.796885715591628,0.428094470159738,0.661772745722973,0.187263147631879,0.577305123358458,-0.198891359166618,0.428432885607327,-0.00734226556143145,0.227184602658897,0.0113930530733754,-0.157743468748783,-0.319014119725947,0.0321704496055368,0.237178204860155,0.396298546869018,0.207020636524625,0.533903023122148,0.266357882238897,0.664511774622731,0.318294199316963,0.264634260296356,-0.0354580701101196,0.202556172453659,0.271039292152182,0.47908684666904,0.611319128362813,0.804276997201273,0.054155896821429,0.0964502879487164,-0.587152383454554,-0.639300446185958,-0.0464610116524066,-0.501677239601819,-0.667041202962279,-0.643465907343982,0.104504306953291,-0.0266767862211588,0.362493476231179,0.528921240676987,-0.0676792839128607,0.619690859343764,0.29004538315502,0.739284039037804,-0.114379215533286,0.490496431502835,-0.0544932545793668,0.701331260329998,-0.0442897631541642,0.536428888266855,-0.485191360845738,-0.106406518082249,0.261482548726718,0.616057387310257,0.29359630127984,0.75351665128613,-0.00484665145696452,0.566369291795921,0.877950490889057,0.901309880242523,-0.331077488535284,0.390302461938553,-0.357930841702555,-0.340054192281129,-0.669946960919714,0.0875410338427941,0.17635718322036,0.664333622998179,-0.128312770997754,0.570220360660816,-0.452584854939847,0.17083952133251,0.0195911224433242,0.0294819443288873,-0.291971077741291,-0.0592881860063213,-0.240883876418474,-0.43171016099599,-0.00483480196870356,0.872460998465556,-0.197730702616632,-0.311095987628855,-0.431882404109233,0.671702592898715,-0.162141472549897,-0.288325373564941,0.174433256205842,-0.596155452575453,-0.841744479547377,0.0269135102089731,0.247973508880827,0.684813407858461,0.214620765322816,0.242986250938414,0.171959176937677,-0.595991789277925,0.247262698374171,-0.134376847157799,-0.019892193820761,-0.427106653754106,-0.400474310311719,-0.492238021032777,-0.618874123435777,-0.639614372232365,0.408394913197715,-0.438744980530201,0.317505425886493,0.52374872731814,0.331002802441975,-0.155713033299139
"Mean_2111",-0.17196374022355,-0.197160808935522,0.571895214028273,0.225407698927842,1,0.445829520418062,0.100776004359362,-0.298595263291584,0.451964849328313,0.498563891325956,-0.372549192942377,-0.415771224430915,-0.5890764058342,-0.460953968550936,0.496546420551066,0.200748291855329,0.0821767304604692,0.145986550474268,0.133667521863932,0.192465237006982,0.395329545466763,0.290057997913438,0.81540262488508,0.693886899569146,0.536910478275622,0.327513239623522,0.306390926999571,-0.219024347167422,-0.198706956705105,-0.386248209833077,0.721532984580778,0.237395126090835,0.396875767198656,-0.33660278535532,0.402410964195042,-0.204890307243247,0.0612876084264578,-0.0132511467719123,-0.760263079427283,0.203047094522491,0.0108534250272351,-0.106254863874072,-0.147842253710395,0.871538796360327,-0.471787996917616,-0.464198760508253,0.588111049789789,0.607896634762694,-0.14411693466248,0.217841598905041,0.660940197499579,0.556038716140549,0.767226102431719,0.362066493476343,0.628301851612185,0.547504224155408,0.325668984115426,0.508317783457202,-0.173577694029316,-0.0210437585563,-0.598341907510547,-0.409998239924332,0.25977540710873,-0.198199395757814,0.00397674369720851,-0.0924999464736139,-0.390201544011121,-0.427904523825455,0.561733331011,0.670853132975884,0.0072738326059554,0.689672398575959,0.107485399863186,-0.303264805073393,-0.208569052468903,-0.0831235809022416,-0.125431197301027,-0.344977338054591,0.155202825440442,0.100633473524686,0.0443564403385792,0.158565694859585,0.537368860765385,0.259538163422926,0.349394855840194,0.424079155563063,0.75329208330147,0.485476758089921,0.633033716760027,0.639604943401925,0.676598005335451,0.038764651967654,0.309779291086278,0.316534117184345,-0.519734630807026,-0.58932150016575,0.437071639944619,0.56275304116687,0.349695146148727,-0.0739290461040044,-0.377370595659687,-0.239628259129349,-0.166816919817505,-0.676612807774099,-0.204224908244981,-0.25751555110317,-0.0485506351484805,-0.241127627596182,-0.312398089782375,0.363381248925322,0.028223639261985,0.0224670379448073,-0.348302994363253,-0.104621232203697,-0.285421581441444,-0.347682697378548
"Mean_2112",-0.167653516678673,-0.258309747536619,0.0846174839573476,0.742068074284327,0.445829520418062,1,-0.15622923404275,0.634659218475097,0.659426440548722,0.943576863247011,0.108085667177605,0.55205785582129,-0.261687507230825,0.520297840736292,0.273433834092974,0.468241869225785,-0.423861708049213,-0.453066526243356,-0.419728793976789,-0.0953655507623153,0.396602736079467,0.685795838625493,0.502609875707115,0.643911661018329,0.264716576108565,0.543837589659386,0.187108388926155,-0.0130032962464574,0.0122096537402074,-0.0688965000411777,0.780388982040535,0.882785177979764,0.505599748107872,0.458560822562771,0.13588141454767,0.0814519913579655,-0.224450667970189,-0.311150557635064,-0.160387853970197,0.0262428901440927,-0.356230801969597,-0.495754266083924,-0.021318599077271,0.190056122875908,0.226783428525935,0.409483726735643,0.439755686283208,0.701011194282158,0.436360351420582,0.751587654043825,0.298124108031975,0.571821970156109,0.227827032574894,0.617181309004329,0.46874985185867,0.896551783551686,-0.511896329710614,-0.224059024006073,0.129276197457597,0.580321198079483,0.196816520704918,0.493065995127712,-0.39578962698516,0.0805253162508042,0.613480365496007,0.725578973244869,-0.331509997015036,0.103404286035484,-0.307548216980991,-0.0513496040632076,-0.775190902921207,0.203271876149106,0.17947377223868,0.321353949406798,-0.37612304655194,0.255051194098414,-0.546162797197442,-0.0589464304891885,-0.104804194246537,-0.137364025720238,-0.380095714641314,-0.264041452645789,-0.0719413563150243,-0.311008634803075,-0.0325024315971694,0.751441688098014,-0.129578091210577,-0.487426697020721,-0.174283490138184,0.753395871258012,0.109714037076856,-0.68294947919846,-0.0312553697285341,-0.67975846493341,-0.674587366394216,-0.236882544593716,0.174358776604406,0.761386105756821,0.140260638900907,-0.278517651298952,-0.146219918779214,-0.815910639271799,-0.206663535400497,-0.55229191260172,-0.21773645712967,-0.54327620016746,-0.315645747612459,-0.349260330560545,-0.694950810946625,-0.530456043738909,0.135874948925693,-0.557788381074166,-0.137855024790821,0.0359539694896122,-0.0998202899041124,-0.295809401710351
"Mean_2201",0.773723319885225,0.484979749030614,0.740746400229058,-0.361377185161077,0.100776004359362,-0.15622923404275,1,-0.363758628895605,0.389450127809712,0.0480618936753785,0.584417185396917,-0.414102397781678,0.542745528043365,0.0722933232626328,0.489029441121228,0.480555091062148,-0.146219090603685,-0.140071376088417,0.626183686931075,0.465730026990433,-0.736656771770612,-0.295463862136393,0.227328042420712,-0.233908331340544,-0.504474326975536,-0.703067944461409,-0.746072705184477,-0.731006917575629,0.325537672091832,-0.546360019084414,0.135280043649331,-0.0186250558704143,0.357192930925974,-0.291726396651905,-0.684140021650623,-0.731270652769955,0.164766233057177,-0.191049359268969,-0.44588279949046,0.384557895139129,0.884554000649515,0.807652543404862,-0.418393710991437,-0.0872218124624414,-0.443257109242405,-0.511002610528835,-0.206463736775707,-0.383098562682638,-0.215226103901447,-0.552179444546988,0.274326779224822,-0.480759350908813,-0.070596504156265,-0.575187200523592,-0.12882949095149,-0.106641224549321,0.652598373360957,0.24432346085752,0.291612244055136,-0.24891766541163,0.290810287106479,-0.478891276475331,0.294122345661533,-0.842769509327159,-0.160056060172444,-0.44736800802564,0.220066173007667,-0.472316917506238,0.637619367401601,0.614860012720983,0.260095889315944,0.015222344453199,0.645132514737722,-0.105335804433403,0.398303058584837,0.044168099272021,0.600430247500676,0.174102818046758,-0.706858812153173,-0.715923712396773,-0.267264994573954,-0.307203674748141,0.523060527170999,0.480787154315065,0.794732362282755,-0.131889232819136,0.190073905402806,0.350270291837892,0.687454564169102,-0.126263804303381,-0.253620338564419,0.1931540943279,-0.798999221966876,0.0438762368020509,0.27596338056236,-0.577240469933117,-0.703148748797159,-0.527608108949485,-0.516746350000817,-0.353696030060484,-0.859887125622984,-0.155725665649419,-0.874374553539798,-0.0376525317874674,-0.839011291606738,-0.550307774817841,-0.508403400841861,0.223439895184836,0.616394951861183,0.0444512337631081,-0.906566956889881,0.227605418046327,-0.438277572563807,-0.798514781733018,-0.886261920085111,-0.661528314631901
"Mean_2202",-0.0114617762802226,-0.0809128409151036,-0.41221702360528,0.796885715591628,-0.298595263291584,0.634659218475097,-0.363758628895605,1,0.241214780740815,0.498747717906676,0.385612014835991,0.929389791473898,0.104321300032337,0.825348626582057,-0.24762977888885,0.170869954331631,-0.30434419786394,-0.471184952558456,-0.551659174903347,-0.290557211571286,0.123279699004805,0.492612468274675,-0.134191849386987,0.16060920675658,-0.0274415508152757,0.507739188797719,0.108303912200234,0.35554122690276,0.0254649729606603,0.270463397947596,0.0814050647477153,0.567905471027243,0.304807152067385,0.899157733773454,-0.115187894624948,0.275102147192948,-0.574991320900956,-0.553281959952628,0.322071885724804,-0.445371512877033,-0.568797734904758,-0.611732382715971,0.269606210149667,-0.46352631934469,0.677730497669727,0.853010838785093,-0.157973527890533,0.391850616435177,0.556974529365846,0.707552466509219,-0.264661534877183,0.244342692094413,-0.321007593598295,0.572980133620114,-0.211961488487,0.378679245246055,-0.77562134524922,-0.488621859475422,0.452151223154746,0.756740570145773,0.689784221265746,0.973222360112696,-0.371339906187489,0.48254650622512,0.779675467204234,0.947687400771281,-0.0658905120626833,0.586697997195619,-0.763506708592708,-0.696366701490788,-0.717002046864185,-0.241109583746676,0.138004451855481,0.682625408510946,-0.184753618856347,0.445623303438403,-0.473700989949528,0.210945283019768,-0.198292080669521,-0.170651130654834,-0.442691781754737,-0.341815643179749,-0.595459541966539,-0.654331864709018,-0.274318324764579,0.614696602303197,-0.730230032781845,-0.760008152368944,-0.789581116966894,0.426228203880554,-0.406411333026096,-0.492290779834787,-0.0798186107089046,-0.884371873514815,-0.452445533836251,0.323507037749486,-0.0513617042794871,0.443465468356547,0.0731434272657801,0.154131860762859,0.303403798547479,-0.523357667324877,0.144010208210334,0.158513962556276,0.0606839062012434,-0.313145542017142,-0.267381963046892,-0.158186266802382,-0.429592230422291,-0.882495686550858,0.345842890389151,-0.444476368893667,0.452636937028867,0.428024428594816,0.332182710491051,-0.0353122344162678
"Mean_2211",0.474370813474863,0.442940503913702,0.632226947632725,0.428094470159738,0.451964849328313,0.659426440548722,0.389450127809712,0.241214780740815,1,0.858868271438599,0.534388255239016,0.0222534402472711,0.313345287037135,0.385143916995215,0.855317138084102,0.934297836387424,0.0315668414930382,0.0299148950864358,0.353768895766508,0.467202766804819,-0.21983824935456,0.0987103548533099,0.276642218687385,0.179783398153949,-0.335585911444619,-0.145891523578545,-0.469476642213905,-0.710587773021726,0.624124148322127,0.0650086132715435,0.566198789199622,0.490570634048167,0.828842161266063,0.13358006619636,-0.448473402334252,-0.66660455486093,0.169617644045922,-0.527403282437113,-0.445619945372129,0.392675028893049,0.246724713372842,0.217287859778162,-0.647978523566943,0.120051486078561,-0.436705756659273,-0.230972192012281,0.0353531175488739,0.244683206718192,-0.247127019223189,0.0395310754915864,0.0710734824719271,-0.0855571970950204,0.0610446066534495,0.0696320208396213,0.146465710881891,0.689187763731786,0.169654945581117,0.327521640141493,0.0612716582190067,-0.0287422192830277,0.161544271696046,0.0467328877986729,0.0499848650483038,-0.263524093523049,0.327438146785955,0.242044173818702,-0.62708186354449,-0.545072059626485,0.252979223581816,0.511632100683314,-0.364730574898607,0.448055119623979,0.720162964968249,0.458992677849423,0.358945207290116,0.621456678128896,0.227247890616141,0.458316685356474,-0.169634442397114,-0.176249372980853,0.0294428046495644,0.110808851668269,0.579850488975643,0.419327532820111,0.540812816434591,0.357016793782635,0.237560061646021,-0.112334239342437,0.288267938598839,0.340365323950028,-0.0260955302924117,-0.537382764313289,-0.48838936088885,-0.479671613740407,-0.637843602664354,-0.823825395912835,-0.0177168998136068,0.371567208763462,-0.469269000813764,-0.499528252079807,-0.733657318495976,-0.847178972885912,-0.535193090990787,-0.71046608147163,-0.657205662688652,-0.926485850100759,-0.613691241591847,-0.467839045921826,-0.37175776787977,-0.20179705467527,-0.473607796863417,-0.623677892253464,-0.55008259663146,-0.502352532158075,-0.499653198065419,-0.428920761152674
"Mean_2212",0.0752727923637198,0.0294291570287717,0.344932550060304,0.661772745722973,0.498563891325956,0.943576863247011,0.0480618936753785,0.498747717906676,0.858868271438599,1,0.285230782763187,0.349215142574777,-0.0567404151799999,0.480902075622289,0.561257240683,0.720049572068124,-0.247929315486392,-0.263181832663196,-0.107037139425758,0.176098342204502,0.166736846976172,0.465828371081228,0.450640742148481,0.517405254628179,0.0382954557925539,0.288956159663682,-0.0746941687227367,-0.328645645526833,0.287439915943106,-0.00903206012915309,0.75560514268301,0.777475527771695,0.695430971738727,0.35579083142677,-0.094562538652345,-0.232076571622257,-0.0556311165911924,-0.404858325356362,-0.284217850778072,0.187172109333166,-0.141155087055453,-0.22282879996611,-0.304627447776014,0.186314509487695,-0.0451954748656665,0.155319160082361,0.30338780700313,0.543556148925968,0.16321164353,0.507489071773142,0.220845041841474,0.347651351479629,0.15830005076165,0.403620842877913,0.380668111381563,0.878204785242242,-0.254278422229596,-0.0131556829764698,0.053085638712298,0.332166225155007,0.159577506665079,0.320302305283743,-0.234135807187702,-0.048158557974898,0.548772430972461,0.574572744041451,-0.491167693272689,-0.176928534063886,-0.0746603099170951,0.199552859232794,-0.666618713554854,0.310065118414941,0.401371893778528,0.395671468907734,-0.0952918158688596,0.433550087162372,-0.260197657945857,0.152204825940341,-0.120243291329421,-0.14377752721224,-0.215330437064685,-0.092690436752443,0.229746856606085,-0.00542001627239454,0.217301024830465,0.643178816380139,0.0463603494718803,-0.349802336079929,0.024798955681258,0.619385096263931,0.0572450494859203,-0.695972071096754,-0.221968705668764,-0.641629214511359,-0.730555521300297,-0.520411871314057,0.116573526839307,0.648660208865918,-0.11828687606062,-0.42614024810914,-0.416351067856281,-0.921612427212096,-0.359663787360116,-0.692528532619605,-0.439161544161565,-0.753063051115268,-0.4940349528233,-0.466144855845003,-0.650763475994092,-0.422635383774375,-0.114066227577601,-0.651510015080692,-0.35396887131379,-0.201704124366211,-0.287849049665835,-0.388718059161639
"Mean_2301",0.880336380779594,0.751353137447778,0.365009999005225,0.187263147631879,-0.372549192942377,0.108085667177605,0.584417185396917,0.385612014835991,0.534388255239016,0.285230782763187,1,0.226034285550199,0.86169970870621,0.675911194424281,0.371312237557662,0.692316935444886,0.00123378272633523,-0.134865456307364,0.426208503315379,0.422800297299829,-0.826003258912443,-0.256815063536209,-0.289813956992999,-0.425561313386073,-0.798739909649507,-0.502982389904896,-0.829725029736187,-0.556937435159647,0.652970965409829,0.0766616573697389,-0.170055856680896,0.094156252396341,0.619681805516682,0.441015719674175,-0.946687661684344,-0.648382167922446,-0.154615338163518,-0.701264759940663,-0.0362054706197334,0.00218306940201024,0.401916925445634,0.456597883684576,-0.383296468230471,-0.652820624671882,-0.0321224303705366,0.059666283039758,-0.668644699174022,-0.362993978321434,-0.110140487459316,-0.247690697171349,-0.344426657648578,-0.60166287251196,-0.597183103889806,-0.336954748143962,-0.621368306383575,-0.0541715404790783,0.14818971392971,0.00539663809034223,0.458397429684862,0.0342766855287466,0.773877847328533,0.279880387176451,0.16535783239621,-0.230288157354294,0.388091544959258,0.220173800986821,-0.0342566631691751,-0.135399836575791,0.0369902931953477,0.0285594599307855,-0.13325579987928,-0.192549873207818,0.786004016937373,0.623618871430305,0.60485418231256,0.652638398831063,0.509309628979908,0.656099651415135,-0.63104674050935,-0.580384201414787,-0.228705260745,-0.18117365760196,0.17674877832257,0.180389802052982,0.577303639040672,0.0939421286175057,-0.359005720209578,-0.219794425744895,-0.062321112886296,-0.147191183741773,-0.719640591941458,-0.207440993171672,-0.86840829573477,-0.608107098050755,-0.120764033949264,-0.345394417829135,-0.66227857705864,-0.345633708817162,-0.699213236501121,-0.206596026012956,-0.562481047484189,-0.514974556772014,-0.551768141945345,0.138868133621116,-0.715013861878467,-0.773990228805602,-0.750470592334622,-0.0661265416689587,0.238652303785305,-0.553092789997669,-0.6307696430067,-0.271356266097093,-0.0755895969305652,-0.434864349457663,-0.459623259585001,-0.483421114673814
"Mean_2302",-0.211973882985784,-0.323418791856779,-0.620287677480377,0.577305123358458,-0.415771224430915,0.55205785582129,-0.414102397781678,0.929389791473898,0.0222534402472711,0.349215142574777,0.226034285550199,1,0.0189464616713106,0.830107841204449,-0.438110854534072,-0.0198644499935653,-0.54465549958848,-0.661091522321763,-0.761272642029509,-0.537625867308029,0.255799247404936,0.618216827125905,-0.124261120556705,0.133197209559113,0.0551802140418958,0.514472197987939,0.191485573913784,0.494248826794992,-0.1493572645303,0.159581210217901,0.112029504231358,0.626810819514448,-0.0166628324926853,0.768638989489043,0.0376434723541168,0.516181741018771,-0.514203737292547,-0.271189739671656,0.459399287475115,-0.381083622775634,-0.54153848327995,-0.655401833594039,0.44679683896703,-0.49658944898735,0.829668701281641,0.951663325807898,0.0247465533145784,0.336578556557394,0.75590915205448,0.735419865952824,-0.140060898091365,0.300080143375207,-0.260786695097543,0.53789147210407,-0.0736457879712748,0.313581246457721,-0.912634122076607,-0.706880083715736,0.411542082326006,0.808125883798817,0.677005595391959,0.924096863373614,-0.585691957525095,0.387886809910807,0.604201128649222,0.853518888076774,0.159726665453642,0.692954280349417,-0.902297605064476,-0.807132350377234,-0.690627311274963,-0.386189694487969,-0.0948466471770255,0.425211623947869,-0.421195144200286,0.122542863450123,-0.619251471670627,-0.0245047093030269,-0.22421337680744,-0.214109241791929,-0.524930917462716,-0.502507603923059,-0.772678574365741,-0.795901605039502,-0.490696229074156,0.463636316334603,-0.864264584873073,-0.881780488111495,-0.849288525152056,0.355366711067258,-0.336219989366408,-0.540420919625207,-0.0435115856450299,-0.837963707663071,-0.170161384763499,0.5197836316745,-0.124254811087731,0.348616781249135,0.177701624930964,0.0884072708553778,0.431260273091191,-0.365388979343864,0.11817217787069,0.242484737722664,0.193445508659159,-0.0730855943517615,-0.0411259257920699,0.0678058568474827,-0.350673867156029,-0.851044431047103,0.380530059687753,-0.319754833807159,0.471654244909548,0.399375458573722,0.324172644063653,0.0508490985848785
"Mean_2311",0.822232695681916,0.783165734239674,0.210639081627006,-0.198891359166618,-0.5890764058342,-0.261687507230825,0.542745528043365,0.104321300032337,0.313345287037135,-0.0567404151799999,0.86169970870621,0.0189464616713106,1,0.496732748992593,0.343789578206693,0.558837116269377,0.145897514204875,0.101515468290298,0.539138947585346,0.390377593343074,-0.855978742094106,-0.51648571360458,-0.617311543709212,-0.769484653254005,-0.976713092888741,-0.784629752219776,-0.91643959736343,-0.602932028611473,0.790116959749097,0.299915971771319,-0.426773739827499,-0.175577964650304,0.275963351874159,0.126404273427207,-0.939453424315688,-0.63780009325284,0.231634149968146,-0.39200809043791,0.185577273301379,0.258820099641608,0.563401771759216,0.67451329416608,-0.533586215511357,-0.688119615024913,-0.218358251954777,-0.125897055073072,-0.701278627011841,-0.64798165824534,-0.363507783889318,-0.603988547663753,-0.563105214252868,-0.90390447589393,-0.676755787995094,-0.611374483328679,-0.637774280799858,-0.256930539792675,0.266665452700976,0.0657609114758286,0.237190205041407,-0.316739928976275,0.610221635649943,0.0616032580084221,0.0783330389673351,-0.284684827854424,-0.0301223030101034,-0.129956170306038,-0.0730418287172556,-0.29516216857702,0.0425852961739487,0.0628972892881135,0.0903461234844558,-0.212728543254044,0.644775936077771,0.514019094448855,0.769395573376769,0.542989701719246,0.700156167082008,0.779077325580821,-0.378406584231747,-0.321155958506151,0.114832313537349,0.0282354109755013,0.22075331627594,0.411099286071381,0.380134170608531,-0.395821522760901,-0.305968792150019,-0.197477877478768,-0.0423337594086285,-0.574069514977656,-0.661340833840421,-0.137047235671108,-0.832500592189695,-0.369654098673914,0.20659182644259,-0.276596415651873,-0.571449984736043,-0.55876576774668,-0.868236425416696,-0.297487522667587,-0.460634237481647,-0.212140564526371,-0.418044501724658,0.170229488366894,-0.482950548869333,-0.495364284330287,-0.45828679969654,-0.00298180783138349,0.383015980059127,-0.215970982097588,-0.678448766989381,-0.269707096939369,-0.214880785998784,-0.535070852160288,-0.336678711301592,-0.0938885902748448
"Mean_2312",0.2826880758714,0.109251954541549,-0.234248378273485,0.428432885607327,-0.460953968550936,0.520297840736292,0.0722933232626328,0.825348626582057,0.385143916995215,0.480902075622289,0.675911194424281,0.830107841204449,0.496732748992593,1,-0.017551203126375,0.442508349930848,-0.511448179589871,-0.611541751513982,-0.340989829207162,-0.186831656245082,-0.211746366126498,0.361530816783429,-0.206327939969647,-0.133431369478508,-0.427390928265031,0.0269165125265788,-0.36211345139012,-0.0419415675451495,0.308645202777184,0.136840840346363,0.130569968303732,0.630953752830882,0.265797176316318,0.671079617241338,-0.473102922651154,0.0100388996941622,-0.271655671148347,-0.444299445058288,0.333224752472784,-0.0578486929024471,-0.0691949174917326,-0.15891730928255,0.0111448968767901,-0.657399521838522,0.508187747796862,0.672790353928488,-0.192286282437682,0.049772562115418,0.490178885892621,0.3647023461518,-0.22348168348003,-0.127615893960253,-0.455624950023941,0.158552070498267,-0.21601781565179,0.334121237169471,-0.594115632081781,-0.545696057839201,0.471696706211286,0.553306910153075,0.877834718394279,0.744300160217238,-0.494394758727918,0.00844731335544231,0.536204601980777,0.667183712019126,0.0572235589367492,0.321429789263033,-0.637787376320047,-0.480543177080135,-0.633830056350321,-0.350666497425688,0.352906051008717,0.581445000011319,-0.0163508202868195,0.372533595386112,-0.192438259189604,0.330414239757994,-0.487932497651457,-0.467633127376214,-0.48234264578178,-0.495660256704524,-0.409353098059448,-0.402897874119063,-0.0897549163962691,0.303291376521045,-0.796100227808315,-0.838565800141872,-0.577600485525047,0.152453993753538,-0.560752599606433,-0.641836056259751,-0.570671410107783,-0.963526242529867,-0.12027709815256,0.108449335365076,-0.443425694809235,0.0933102109495449,-0.326739294700288,-0.246784072931032,-0.0755348816650763,-0.605418630675533,-0.326958410031339,0.0954395377351017,-0.273664665559342,-0.496277920063485,-0.387826629319584,0.0145816129416513,-0.162087816548206,-0.853736273997295,-0.163079889698311,-0.472774297827928,0.113340038711096,-0.105583751771923,-0.108571427524032,-0.183597230890389
"Mean_2321",0.500992792547365,0.570504696376871,0.763233381681307,-0.00734226556143145,0.496546420551066,0.273433834092974,0.489029441121228,-0.24762977888885,0.855317138084102,0.561257240683,0.371312237557662,-0.438110854534072,0.343789578206693,-0.017551203126375,1,0.871256132574916,0.303040913260967,0.384752563798855,0.674518384520586,0.609137638289188,-0.314122644012041,-0.221357503909954,0.164948850000049,-0.0509064830101335,-0.432439802983737,-0.451503197710679,-0.585443742199165,-0.910839234379169,0.72201022285381,0.0941299026693697,0.391074503672939,0.10001832785205,0.654126941664734,-0.316753405707498,-0.431210724118679,-0.829134969860023,0.51367745609908,-0.276628796959992,-0.542066672328019,0.631559558923364,0.515620870662721,0.545513740701374,-0.8126147356925,0.291359309453587,-0.805927956220068,-0.666368104818215,0.0240461546649643,-0.0195018325018826,-0.624042512004186,-0.387077508235753,0.0624733800884957,-0.323791649095724,0.150380354866799,-0.258904485797117,0.144404692590803,0.426025622508843,0.560254503014924,0.621425208576633,-0.201937759133419,-0.495634553120946,-0.196930005927053,-0.421653693168912,0.239823058730433,-0.422354944862831,-0.118870372826501,-0.253145149340529,-0.688226799574841,-0.88912190455171,0.586883659167157,0.819621406049777,0.065398672681378,0.595377369638683,0.669879112414283,0.180091283230687,0.562007070564101,0.479157892152739,0.558961078854738,0.460293392684282,0.017423688857192,0.0160318823748459,0.398870563340471,0.412282998279976,0.890418486783127,0.802613084930241,0.626476460508833,-0.0690468610186713,0.569779130982768,0.224987362206581,0.592787553702833,0.00747155596157648,0.165679322320264,-0.326553839221953,-0.436271799781965,-0.0471244555158842,-0.41212870086941,-0.979887885558757,0.0703601024607229,0.12460576978211,-0.569254557877115,-0.554200640537367,-0.843646986581662,-0.556605611386496,-0.523527752518265,-0.768274432707308,-0.619210596103518,-0.746984327231402,-0.435100769195652,-0.398645389990804,-0.172837385742115,0.277381231034589,-0.606985664477666,-0.460734557618172,-0.749786701127789,-0.705144813846595,-0.588428599905192,-0.309591067513106
"Mean_2322",0.612088912074571,0.634558380577759,0.626555860204909,0.227184602658897,0.200748291855329,0.468241869225785,0.480555091062148,0.170869954331631,0.934297836387424,0.720049572068124,0.692316935444886,-0.0198644499935653,0.558837116269377,0.442508349930848,0.871256132574916,1,0.0773573632977922,0.0846067850251268,0.495331770278839,0.57616249790018,-0.454057827457054,-0.127781734840713,0.0406636925186896,-0.0764072810455768,-0.592576017206573,-0.414350791746955,-0.701894551733157,-0.842060378381444,0.810984611941762,0.163215669143806,0.360116136529312,0.344528875243785,0.766386982065806,0.10937276242736,-0.660105262597759,-0.754480060623981,0.289889487668825,-0.476505601399383,-0.286281475918733,0.450440114752912,0.389717629563832,0.435304174826751,-0.747834083403544,-0.117768537848825,-0.452796116206203,-0.273336934763834,-0.169359034926855,-0.0777063628384025,-0.349873129448514,-0.184250373117564,-0.112460893040071,-0.356667161976784,-0.191667094292864,-0.228451624991252,-0.0409719568004178,0.480125530093438,0.241309794032466,0.264178324470436,-0.0181152953495073,-0.218509797551319,0.246599299762932,-0.015304746343032,0.0552489962892169,-0.317936428844473,0.238242212772302,0.120193622779734,-0.546272593703136,-0.597667518959804,0.257943510166459,0.490566079500953,-0.267009763028996,0.266071458999657,0.741380523113538,0.481073409952177,0.528376909549118,0.654689767790284,0.419584585548082,0.598909766545619,-0.222819693263534,-0.213458630554814,0.118156087673096,0.168809516902021,0.624796034651336,0.533200947287001,0.579352612200931,0.124580851711224,0.154543541115118,-0.142845280246986,0.266359580029115,0.0336238428931329,-0.230907149926681,-0.572148937308772,-0.684207220118674,-0.498583894337147,-0.461204006477622,-0.811750981662484,-0.204406918891493,0.0830285233468642,-0.7088657597056,-0.621922257897039,-0.791319578997951,-0.823345939596448,-0.605426531309564,-0.612070397790303,-0.743876694756497,-0.924267038936158,-0.690229110237995,-0.442542846331879,-0.256819433954135,-0.203608216763124,-0.648208322363471,-0.648935055629675,-0.618613397363895,-0.65716911828983,-0.578156766579095,-0.410392897427599
"Mean_2331",0.249053088215946,0.60825565670023,0.253318007086593,0.0113930530733754,0.0821767304604692,-0.423861708049213,-0.146219090603685,-0.30434419786394,0.0315668414930382,-0.247929315486392,0.00123378272633523,-0.54465549958848,0.145897514204875,-0.511448179589871,0.303040913260967,0.0773573632977922,1,0.961194231313176,0.650899050742675,0.521411643849469,-0.242547990393096,-0.670441663199341,-0.400725901742464,-0.294601058234392,-0.20252384106451,-0.202370983076387,-0.0981023737506659,-0.221083944242382,0.392021722571694,0.565745185133791,-0.53867992425485,-0.760625510134774,0.282147060399452,-0.12320077161448,-0.139841407033025,-0.439533144174297,0.157677594575492,-0.282440433303328,-0.186727733490526,-0.119538869428341,-0.0617270100083694,0.221635588925901,-0.384070607197202,0.124259089299114,-0.559407324439932,-0.532055861624766,-0.51898444208245,-0.222810626152297,-0.846693543928942,-0.475101087506065,-0.518366320638936,-0.362780026829893,-0.114513114633137,-0.181996735220584,-0.471538703345769,-0.357973080419322,0.550098911673556,0.739905748656601,-0.303438635988349,-0.622786818458938,-0.438518537341763,-0.251630658992711,0.70662586220644,0.413900831796717,-0.124447594488483,-0.270832019405465,-0.569158365088515,-0.41184002571373,0.432758595855604,0.287350795785451,0.491234723039203,0.390504556747242,0.185324849488232,0.281400597942083,0.707939455658084,0.528232437792526,0.588856401907508,0.497493405521243,0.541086148270697,0.597781602097436,0.780780527369049,0.880028262677869,0.505016118448529,0.574203007214706,0.277204383893489,-0.245484301456986,0.536188729534106,0.556158213023158,0.147657994436396,-0.343248557980276,0.0553372109729517,0.379514248044273,0.258873329266071,0.451063148406303,-0.3498419952666,-0.294846380974784,0.430467024342223,-0.0678630457976562,-0.198150268538627,0.319370802789455,-0.0122673540998018,0.20936617316045,0.469281155481243,-0.0500012482105974,0.120624759987066,-0.0154978423478195,-0.0589440032953761,-0.419718736716112,-0.0339601865701693,0.474300437509589,0.0908420399069343,-0.0695632148639839,0.0110119007963026,0.176982176155821,0.307595102968908,0.259881397205538
