"","Mean_2001","Mean_2002","Mean_2101","Mean_2102","Mean_2111","Mean_2112","Mean_2201","Mean_2202","Mean_2211","Mean_2212","Mean_2301","Mean_2302","Mean_2311","Mean_2312","Mean_2321","Mean_2322","Mean_2331","Mean_2332","Mean_2401","Mean_2402","Mean_2501","Mean_2502","Mean_2601","Mean_2602","Mean_2611","Mean_2612","Mean_2701","Mean_2702","Mean_3001","Mean_3002","Mean_4001","Mean_4002","Mean_4011","Mean_4012","Mean_4021","Mean_4022","Mean_4101","Mean_4102","Mean_4111","Mean_4112","Mean_4201","Mean_4202","Mean_5001","Mean_5002","Mean_5011","Mean_5012","Mean_5021","Mean_5022","Mean_5101","Mean_5102","Mean_5201","Mean_5202","Mean_5301","Mean_5302","Mean_5401","Mean_5402","Mean_6001","Mean_6002","Mean_6101","Mean_6102","Mean_6201","Mean_6202","Mean_6211","Mean_6212","Mean_6221","Mean_6222","Mean_6301","Mean_6302","Mean_6401","Mean_6402","Mean_7001","Mean_7002","Mean_7011","Mean_7012","Mean_7021","Mean_7022","Mean_7101","Mean_7102","Mean_8101","Mean_8102","Mean_8111","Mean_8112","Mean_8121","Mean_8122","Mean_8201","Mean_8202","Mean_8211","Mean_8212","Mean_8301","Mean_8302","Mean_9001","Mean_9002","Mean_9011","Mean_9012","Mean_9021","Mean_9022","Mean_9031","Mean_9032","Mean_9041","Mean_9042","Mean_9051","Mean_9052","Mean_9061","Mean_9062","Mean_9071","Mean_9072","Mean_9081","Mean_9082","Mean_9100","Mean_9110","Mean_9120","Mean_9130","Mean_9140","Mean_9150","Mean_9160","Mean_9170"
"Mean_2001",1,0.685762970205267,-0.517005110913374,-0.345256517213987,-0.737849860703811,0.672404454903725,-0.903089730379986,-0.511984046681803,-0.86006404125641,-0.0170747052188432,0.141120672754212,-0.309934111569754,-0.00186978085113614,-0.60668693326774,-0.552055270886127,-0.0071498353614902,0.718040144795062,0.813203819168565,0.657905738547062,0.674291781740027,-0.8499911790488,-0.140098833683476,-0.203608767245051,-0.41245557020893,-0.665449670209804,-0.719525289881578,-0.368375183308285,0.479872385798365,0.591308294594379,0.518291901912077,-0.30103166272699,0.0937010208782306,0.315421408166435,-0.0660395303753868,-0.148775184308826,-0.475642674689946,0.475813321794452,0.502157227813715,-0.354946685274604,-0.408393406845972,0.530416711408895,0.519220820613765,-0.345791089955474,-0.29652899739303,0.687442637771059,0.646791386071461,-0.177593034953755,-0.376790171324123,0.229104905253471,-0.816641105211564,-0.653044353920781,-0.67008198986409,-0.0436948625354978,-0.751703779942708,-0.454230138954348,-0.517589273631293,0.88704062992148,0.687081657605781,0.684645699202387,0.653229799176229,0.339244786057109,-0.228220212305139,0.53023607671985,0.32838527349873,0.219918827929502,-0.465534919827399,0.450733621814255,0.568644565314063,0.647769281994423,0.54813812232089,0.140926286555278,-0.718780639300891,0.0629522589106821,0.357188935057161,0.215444835050976,0.229389726818997,-0.147492663381359,-0.437102350138746,0.535122884325512,-0.0298395591233535,0.69891658336515,0.545557706198317,0.555440474549184,0.611870716307856,0.49584285673275,-0.23810344692849,0.456939331413803,-0.0583321956703652,0.585116485861842,-0.299348715572656,0.620769175576688,0.0828576137890486,0.616517605208184,0.091390032892934,0.630921585776249,0.482553064225541,0.593119122393616,0.319816823855625,0.228533256291315,0.26689562125091,0.473712041542104,0.425594351798155,0.0472319651967053,0.298191760115431,-0.18520524367748,-0.363058919224505,0.737606294968203,-0.225491559996448,0.499832022903453,-0.0428758104087385,-0.0775865132724027,0.513832551482864,0.0175511395008139,0.674274431987636,-0.554616949629216,0.770426575497771
"Mean_2002",0.685762970205267,1,-0.515867950994279,0.0667171490307203,-0.659714183613183,0.475168767080974,-0.687423098174802,-0.132328100276745,-0.586537920049332,0.114316890650804,0.193758609327011,-0.105897146318673,-0.109706830899142,-0.326285291429521,-0.825327089796032,-0.187899634833303,0.263879574214195,0.66689724174941,0.336393511540829,0.331428010713834,-0.578793907861807,0.179958524432664,-0.114710065549192,-0.21973568441474,-0.58731985988236,-0.436372214306518,-0.688936505498541,-0.0364351463350957,0.45617340387033,0.424560700876669,-0.209716451039231,-0.22528028174504,0.592168146538934,0.585441609446644,0.163647147625081,0.104834878663309,-0.0838407015054365,0.658429930175406,-0.846528038162349,-0.0756366633706214,0.391021352114218,0.615447309052608,-0.7313331534431,-0.453760781464576,0.520170389302558,0.650925800753771,-0.486669201795023,-0.416924882860612,-0.00121090206459013,-0.62001025146176,-0.424954589207881,-0.0400956094967821,0.171675783959071,-0.448906098153968,0.166691580639255,0.0351570099652077,0.711819533352188,0.756761363966972,0.603333535321076,0.836001622523734,0.366245070763063,0.43054767958936,0.443866421884725,0.570700982990496,0.32132481942498,-0.0398927586197734,0.13283276197506,0.754025047059756,0.26832236493864,0.521982076962703,-0.224262331077422,-0.231509262344081,0.558020732259497,0.651832171644823,0.23955868408688,0.704034814447257,0.0234944247101464,0.236666714717884,0.539364004363901,0.273130126025127,0.554631167337349,0.660096870248878,0.214433589075033,0.203073641154575,0.59584312937745,0.0973669682381113,0.321030275480101,-0.307734859203227,0.810505579761612,0.00504581214194297,0.147732082197199,-0.299787211671165,0.30406405770598,-0.462165426674426,0.695862137965844,0.0567180244775266,0.566952366029941,0.640175546938627,-0.126601111509966,0.31768215640787,0.0727494171480205,-0.204814702613754,-0.166671775051643,-0.29470438362101,-0.706807518892898,-0.390413314502181,0.328980381062446,-0.57608497117547,0.298334445603463,0.0655766478225134,-0.17306115838242,-0.17415040465875,-0.669250838927439,0.785142797165253,0.0993338033925484,0.34635597847779
"Mean_2101",-0.517005110913374,-0.515867950994279,1,0.279089302231282,0.596378996610762,-0.480199270300236,0.74012642430731,0.316356909635668,0.377320804763282,-0.569262626658019,-0.413531352281939,-0.290720611813927,0.075246188300853,0.315217795023247,0.392095713936622,0.361165839143979,-0.329829794402251,-0.406732089284674,-0.606579978762006,-0.481065863309895,0.267459037745181,-0.109886569102042,0.589230678030123,0.630117800442893,0.659709352280421,0.553260003906404,0.594327969129858,0.0126132824450614,-0.365501545519049,-0.234770979001588,0.663820508886179,0.231969746163128,-0.488222890832784,-0.185878028948755,0.0595102217431224,0.0111403396806217,0.277884120332399,-0.0988720971927584,0.407874439861218,0.127110900933225,-0.587974324715669,-0.404309055410289,0.632623256373089,0.492677259060668,-0.388287144238216,-0.377606219288329,0.321846021732046,0.400071229950448,-0.160696291100024,0.605048249978775,0.246423703461581,0.289808662474789,-0.412001368359081,0.27305406992825,0.291584451226776,-0.159333711359366,-0.613205985767495,-0.718694647003706,-0.598624639342542,-0.82197533268854,-0.557976408539716,-0.226727454669182,-0.488634036113587,-0.423007266046362,0.229259198380274,0.308331622377433,-0.0545590971333387,-0.63727618166826,-0.263723817096259,-0.338956757067313,0.466707950531695,0.265606200361574,-0.0330272739361494,-0.167079078482107,0.371194675947347,-0.465115620545676,0.707385731491935,0.323506209084693,0.19896964470725,0.470420429865204,-0.141675271722254,-0.18205193231167,-0.390402534848015,-0.438787724965446,0.0463694129679897,-0.00394488171079604,-0.127544903412127,0.214114754158272,-0.691007092912677,-0.0767124164791125,-0.657562587786329,-0.402511660063165,-0.568416101152118,-0.0461506327053068,-0.293975646728437,-0.34029980613107,-0.236674647246304,-0.400819358915071,-0.404025947871863,-0.383029009351064,-0.735088125034654,-0.234254506232502,-0.600556378756711,-0.369719786563637,0.0603732506923558,0.0120849566158721,-0.41932648062189,0.561187566124028,-0.367284407271877,0.0218279613827937,0.157807832857654,-0.277969839200121,0.00656840916614043,-0.591117100462233,0.117361996727528,-0.737352384080129
"Mean_2102",-0.345256517213987,0.0667171490307203,0.279089302231282,1,0.677355948920851,-0.496023496307209,0.520063004339894,0.882066770865191,0.649902783070915,-0.235431696463608,-0.727751101151167,-0.375258741690863,-0.635835251852228,0.220296352161773,0.107364800398246,-0.398647562406547,-0.675157137679686,-0.58572923184687,-0.86575102752187,-0.80273211193988,0.439995762813133,0.339317163198046,0.472419565487222,0.764340977557141,0.723810020381511,0.831947146036309,0.355787334112233,-0.0669249512917426,-0.68454291676542,-0.647696514363342,0.418174228897505,0.00324228202811635,-0.484263211189185,0.324019388852044,0.892557507576848,0.87063137823497,-0.473755687287864,-0.238941963968404,-0.019451338500084,0.432696804219059,-0.186971795176047,-0.14453868577055,-0.0503915200880109,-0.274841039201924,-0.174016938133863,-0.200361438494005,-0.229832596464095,-0.385226820691016,-0.419530260510716,0.173100306083256,-0.0738666980981864,0.259899783470963,-0.169215917680642,0.228002467316924,0.418402794573193,-0.0602272070060664,-0.568720197066121,-0.538336725682821,-0.629490453798145,-0.10293360024882,-0.737773434507597,0.542018922285698,-0.837412846486945,-0.491410861184149,0.4897705917634,0.835557055672835,0.323632698853938,0.330752667711227,-0.4450194431844,-0.284187845855357,0.381653462864119,0.574826367421271,0.11572037071713,-0.217097417211335,-0.2561861959423,-0.171085668775951,0.129148491975066,0.554360286975139,0.0386243300193623,0.37673205726441,-0.620066858522898,-0.473410408336454,-0.796562764306811,-0.805451620456117,-0.00639614732335667,0.43270338434121,0.00686134356547837,0.268699502174623,-0.419650863005736,0.727478915339576,-0.460151342651301,-0.771855514963287,0.039741438499199,-0.227461519635962,0.247441380771956,-0.41069327136951,0.412745594108055,0.202917967825133,-0.834070766329362,-0.66484811195892,-0.477343793363194,-0.646699047788893,-0.510869331395472,-0.728942083574173,-0.320197288602738,0.0401437099940551,-0.77982065673537,-0.339442890512822,-0.400099549415485,0.325279262476326,0.607706216758314,-0.364893679191354,-0.505434911348359,-0.0140201158252242,0.641190559036339,-0.705407472524693
"Mean_2111",-0.737849860703811,-0.659714183613183,0.596378996610762,0.677355948920851,1,-0.640781301576725,0.881359608951522,0.772094595246597,0.866295432845438,-0.197848646242021,-0.691369278097106,-0.276380640349274,-0.344992557516265,0.415546069433278,0.684969929901892,-0.154135027327288,-0.699064979463756,-0.927428410616233,-0.911305968610984,-0.887385915211305,0.77239074799079,0.0320436246943272,0.533455809436034,0.780801708133094,0.9636559220005,0.923510948003649,0.817935029729452,0.0763416367605805,-0.889193488706226,-0.842726867506769,0.427456793259614,0.0867569868536829,-0.819474399759909,-0.200175881498005,0.573828731291981,0.553142072054504,-0.269023792656475,-0.707556024121325,0.620286249721419,0.376302064005717,-0.454584592836033,-0.544069994244054,0.593719639978556,0.265606433009594,-0.563260257060677,-0.650775508326353,0.315317254017797,0.142900260603948,-0.325381866504381,0.648584234826664,0.339276749072791,0.256999907330173,-0.248317432869672,0.46934786421346,0.283636346498578,-0.0811697013833868,-0.908091246204525,-0.956992685109712,-0.932233586996913,-0.735014992333268,-0.756302088651958,0.0946885683391267,-0.902157735542935,-0.77782731633009,0.229987537414846,0.68723771491076,0.0727926012400428,-0.374925587270936,-0.579806431185935,-0.638748357179279,0.424516076884464,0.5146832353743,-0.293754680705728,-0.668945745474524,-0.274045600495497,-0.648259525608465,0.181898488045968,0.287245821282226,-0.261662314703054,0.180685483516053,-0.804358396764895,-0.785925119324071,-0.782128002314401,-0.785022869362347,-0.360846752289199,0.308828083081147,-0.0918247010305851,0.535401883222683,-0.892249496810463,0.536715161058698,-0.490469074599465,-0.41446291392469,-0.266237956431477,0.0866570095584709,-0.418326573496021,-0.476109420780851,-0.113830812031481,-0.259924397470217,-0.488588322800689,-0.68229747339646,-0.470088766791417,-0.35456107002382,-0.299031028092232,-0.356861986696696,0.254315871413318,0.360354583959031,-0.867288188555593,0.263374251406206,-0.600935879823303,0.123389286357975,0.618612666564476,-0.141922405036538,0.0755549710881188,-0.581172235971404,0.40736479512449,-0.806666235148534
"Mean_2112",0.672404454903725,0.475168767080974,-0.480199270300236,-0.496023496307209,-0.640781301576725,1,-0.626017900644851,-0.332366684343233,-0.651550989174253,0.616154481178353,0.12299926869638,-0.348656545983629,-0.119411653309542,-0.7394053028703,-0.513837622310611,-0.402371052364529,0.79063283286573,0.517656540665715,0.576664757833188,0.424668775784474,-0.35804483580284,-0.429854713947743,-0.33680447844986,-0.442716097596792,-0.751864243111884,-0.752696323448673,-0.455006281927518,0.546487558551199,0.457591578874159,0.411723993668299,-0.645607641168456,-0.22968563988318,0.227852955268295,0.169812157668935,-0.350993680906983,-0.517065826034666,0.0577281919400837,0.0844809406711989,-0.450323533289966,-0.810524805263607,-0.0593080794579054,-0.0231686138697951,-0.0863714958043587,0.134678172795132,0.53524075033977,0.626302357666305,0.203611159034334,0.195239078692928,0.525240720940019,-0.225192279471537,0.0829711548865411,-0.184977638938681,-0.223593834132265,-0.784946376375154,-0.2087539238408,-0.211671154993376,0.845373439530379,0.55293531480014,0.731092661895521,0.452301388818283,0.678353052721537,0.094792479859214,0.676105894557505,0.65067521155956,0.297317409806887,-0.290876428442414,0.0446842072566799,0.18387796648395,0.0533635180996532,-0.0795340323461993,-0.123180249902312,-0.772811245035202,-0.255008176412937,0.351082493608306,0.319031766892014,0.482392261388629,-0.0965847049543137,-0.256013311991817,0.526264567784018,-0.148809985379363,0.707833750761815,0.643342967903611,0.358728156719217,0.388418331190084,0.687428490423977,0.144477606202351,0.61419627917683,0.0776043078428111,0.628415922200938,-0.0361676699723994,0.257673086083343,0.0107077085960076,0.0255845085854397,-0.377432764936137,0.0745777218089667,-0.0531810548019864,0.313070797872581,0.197752479499684,0.696184009018975,0.528488816984545,0.301330106309737,0.052475947273394,0.110097811446125,0.0931002241890506,-0.0954513789396392,-0.345804990325234,0.497005841931371,0.0465576038908997,-0.120382663020996,-0.695132644554618,-0.0779602137540422,0.42449116458484,-0.0790070524215087,0.138709777732823,-0.651098678548648,0.582447746408449
"Mean_2201",-0.903089730379986,-0.687423098174802,0.74012642430731,0.520063004339894,0.881359608951522,-0.626017900644851,1,0.661558625136211,0.87697937116379,-0.137652264585371,-0.480331739230614,-0.0682216036919656,-0.208812928914814,0.429551279633556,0.609511821732874,-0.0686969234885044,-0.641621417714027,-0.860869894088458,-0.83805192406829,-0.814919188816668,0.797077018846857,0.0810504931819864,0.383492112040089,0.637520193677606,0.836225863653958,0.844002627039915,0.578912732859919,-0.196858139501085,-0.684841615468279,-0.591616360721991,0.476893196053256,0.072373051270536,-0.604856966252054,-0.021707163785457,0.268975406365281,0.436965495252697,-0.342898047400803,-0.543832675083129,0.441536135137922,0.276025023312709,-0.654520291986563,-0.65362725142101,0.523590923307402,0.341611267956498,-0.568416307864657,-0.562800370058533,0.24902334853439,0.335560855278009,-0.17539137572438,0.834363856130008,0.547835040984537,0.545586394097194,-0.282836584985481,0.531318723696563,0.39802763430877,0.185194161472153,-0.916841731691236,-0.879528910537398,-0.784449048016685,-0.777765791104679,-0.586427298290263,0.164169653788125,-0.7237606408792,-0.494704878551115,0.0620217517980226,0.585422779910321,-0.184382848479441,-0.568010801728933,-0.668387211716891,-0.677743014353624,0.22993158952247,0.635830655811565,-0.202836637370789,-0.385109110986103,-0.133379771301966,-0.398641537685821,0.292166051384232,0.421659130815545,-0.287524445705541,0.155145911001101,-0.672532801667323,-0.587596338406787,-0.676814978686657,-0.723453155618982,-0.303298237595297,0.261209533998522,-0.294896904098392,0.245233976503432,-0.761263675216371,0.390205850761055,-0.738721956317994,-0.37238903160835,-0.610102069068119,-0.114738958033675,-0.517237664239513,-0.544302750737662,-0.374078827742555,-0.39445981119677,-0.373421812851544,-0.502538921090733,-0.643458249676831,-0.506886162602926,-0.344646434149398,-0.46256233975718,0.138964193003486,0.206019241849669,-0.797772719169456,0.30759099574713,-0.647119889373137,-0.0405247036793836,0.293947901411735,-0.417196828275354,-0.0563127351879505,-0.761011420892786,0.421780209180718,-0.889594346521778
"Mean_2202",-0.511984046681803,-0.132328100276745,0.316356909635668,0.882066770865191,0.772094595246597,-0.332366684343233,0.661558625136211,1,0.723252427192382,0.0631771445560721,-0.74908460008524,-0.449234492077439,-0.615679026927991,0.254701312336512,0.120317448773404,-0.566841682935015,-0.683139785988852,-0.804321279504393,-0.915001339657611,-0.947684391141365,0.737509923862148,-0.0261744359975815,0.536039051158888,0.837096581536526,0.697129823448733,0.780534387286492,0.436330408467596,0.0513815064726836,-0.867452198549474,-0.828412600883733,0.115142066461855,-0.296226287748387,-0.589060465355787,0.393770687092772,0.7699582713549,0.820549434105951,-0.61165368574544,-0.559792952541373,0.0355348077856287,0.201780175565366,-0.53781441524398,-0.390532084018104,0.212554445255806,0.0846467605929411,-0.40947733343874,-0.390669245793561,0.155307319938553,-0.000240358709713285,-0.42427801765101,0.47428799958246,0.340709171730038,0.480905580889707,-0.156238929083321,0.295823024057711,0.553283411130643,0.0828713623653367,-0.590081698521539,-0.665364195859995,-0.709928394884306,-0.315694931252596,-0.540140757069596,0.648388821977088,-0.775218490346318,-0.36672517880009,0.59742215997802,0.974629716905646,0.0554743910564727,0.0508537676503902,-0.792925124856211,-0.63242859832544,0.22968045807084,0.41208913452336,-0.0976275746934082,-0.421458885676608,-0.112492123021228,-0.122799355055429,0.208159620897292,0.638189179466361,0.0619812772415257,0.381540034735214,-0.609535442230161,-0.428246397566681,-0.97084948650776,-0.967083007951279,0.0931254969907486,0.740413979959348,0.223089540701676,0.525415425790049,-0.499748059116431,0.893755057406526,-0.524189396810174,-0.744462015020014,-0.212252947582853,-0.412329238530392,-0.145178333624098,-0.667992257415224,0.33357171666391,0.236727502215684,-0.52510612666125,-0.444750213379289,-0.447387340374562,-0.705264548632835,-0.335633650016679,-0.719643149697922,-0.0586076308717227,0.26421083670161,-0.904391660868817,-0.0244451317512308,-0.727664372725737,0.0619744542500801,0.75263376567926,-0.251314686922927,-0.407350497682392,-0.290972270329841,0.558610080813757,-0.766662342828724
"Mean_2211",-0.86006404125641,-0.586537920049332,0.377320804763282,0.649902783070915,0.866295432845438,-0.651550989174253,0.87697937116379,0.723252427192382,1,0.0308552938316767,-0.498190463633308,0.0574700620548296,-0.447961387312013,0.342894932767882,0.623876676935866,-0.321628156117973,-0.680717350632223,-0.903813073229981,-0.800239969742242,-0.80379147666093,0.847766735403444,0.330593979471389,0.130914994464995,0.496090889175053,0.812646454072196,0.891187687041597,0.457102734405439,-0.273003475316116,-0.706793110778278,-0.660916630845206,0.367468360363437,0.115123100350276,-0.577958319452262,0.0269319670445285,0.463385467522796,0.65941193704286,-0.607150178492879,-0.626501743913459,0.378348644711983,0.371252144065613,-0.411091541469648,-0.614670645317769,0.242700966581218,-0.0267787554816269,-0.421264492189968,-0.471666598020627,-0.0201352647643624,-0.00619999368475256,-0.134943663278309,0.642104768969122,0.401851831518554,0.422643311253915,-0.191863793775719,0.516392657107859,0.247996443136343,0.219178743846009,-0.91354449715648,-0.784297462441836,-0.718429053658099,-0.479462699213203,-0.626342147716665,0.324893432051486,-0.810838281685571,-0.547441050149474,-0.0740030798796538,0.602720586080094,-0.00575697820954498,-0.221906060007173,-0.624536615176931,-0.629807739174145,0.178910523120942,0.782765314966078,-0.270178063368002,-0.415359771769517,-0.539870643571747,-0.352836851982552,-0.126416676642749,0.301128906486117,-0.559424938696971,-0.124429838342481,-0.918154917183778,-0.797331820600185,-0.671558184921037,-0.699130461048493,-0.509770206878943,0.256786876519808,-0.415797031531311,0.150999314234256,-0.659082928123851,0.592471138045772,-0.549010876201382,-0.287132941326182,-0.314342045342521,0.00568391176940487,-0.341704779837408,-0.412323091751988,-0.278806066641438,-0.341311056851934,-0.419153642465063,-0.624599071760499,-0.406711843006882,-0.5239647496269,-0.173696805914763,-0.407984467275551,0.102557165029618,0.187848160884645,-0.828227270377069,-0.0756397900348198,-0.552853798500962,0.0476908021929029,0.342185438087961,-0.369870519001231,-0.0672121675629902,-0.603922866104983,0.511420441471837,-0.75200494706159
"Mean_2212",-0.0170747052188432,0.114316890650804,-0.569262626658019,-0.235431696463608,-0.197848646242021,0.616154481178353,-0.137652264585371,0.0631771445560721,0.0308552938316767,1,0.150317917248387,0.0711616155351173,-0.236093626966884,-0.34611404207387,-0.15023076139634,-0.673164359384551,0.241074945031264,-0.0996617297974801,0.212547711343635,-0.0377344920120233,0.366306366623473,-0.186419129619795,-0.455413670016617,-0.355875128903672,-0.420952934518302,-0.29563537100619,-0.394697406003675,0.115131884509259,0.0259498014393343,-0.0317772192967758,-0.711292013490875,-0.441694033075073,0.13173409651087,0.335637355215848,-0.146673377961123,0.0103695277776212,-0.628560656370608,-0.41348679117338,-0.31901367267661,-0.44985459855486,-0.224202825407915,-0.322196502344019,-0.102239165271802,0.1216930995084,0.0954289675675306,0.216078902123271,0.187526011326888,0.303528161526059,0.400582426428715,0.244924785218548,0.583744522384474,0.299412872690241,0.0206705295738199,-0.2311494792989,0.0888966062358051,0.356324279307437,0.296506167389079,0.254935279938901,0.362939434095724,0.292792549769594,0.618521136095443,0.493835269837495,0.375273370837517,0.513058978713518,-0.00298026542299161,0.048832335290295,-0.32441487430924,0.0270292925139078,-0.470609453610465,-0.470252143811849,-0.492652853514348,-0.186344182933016,-0.312329699658001,0.0707331864621976,-0.172624799374514,0.497201251979508,-0.38651621500855,9.15335293855723e-05,-0.116618492161797,-0.39092418195398,0.0392148113892861,0.145155756734074,-0.0161321144585153,-0.0147242541633925,0.164097482015585,0.407592400641353,0.269926435419362,0.060774553504227,0.432727990564969,0.37773260488088,-0.005612156538237,0.0873959042108316,-0.241463027040518,-0.461462816506362,-0.371524984653873,-0.391939744370912,-0.104008594890651,0.124493653984652,0.659381460835166,0.40843848182358,0.224298882438614,-0.290402185765529,0.363079618249225,-0.0404629783638964,0.00562197337493528,-0.00710571667306386,-0.0597811868897157,-0.100558331746638,-0.45967490696755,-0.68640385606221,-0.033088258503792,0.064910365406973,-0.148346469667465,-0.176388639368283,-0.135038796014511,0.211028342475683
"Mean_2301",0.141120672754212,0.193758609327011,-0.413531352281939,-0.727751101151167,-0.691369278097106,0.12299926869638,-0.480331739230614,-0.74908460008524,-0.498190463633308,0.150317917248387,1,0.810037223550193,0.783490289263446,0.226899235739092,-0.281802710257373,0.513386404578268,0.199593565492138,0.572322473953807,0.737007185016497,0.704829139921059,-0.371629709792831,0.0536035133919047,-0.427495469041065,-0.7225450808265,-0.683070140478862,-0.641792820416784,-0.62798557025761,-0.536669081685573,0.652498254372648,0.612108327713877,-0.299577204797658,-0.209703824195295,0.872271801626935,0.0647876184207297,-0.670905381283691,-0.391205934545787,0.150411795020358,0.504147355650747,-0.280551670561305,0.128081129256392,0.43303459603447,0.54407310230666,-0.415340437672952,-0.0219444477465445,-0.0375287503628799,0.072924648508493,-0.167522083497915,0.158582513854268,0.0387313309994869,-0.268479662881864,0.0120998055583118,0.0854239102122496,0.651976368995213,0.214725655583034,-0.0148172204300406,0.5758321873226,0.415395162019385,0.72579831458344,0.539812577174986,0.338547978329552,0.746940658468218,-0.180635716139955,0.798138640423135,0.583759855420084,-0.656104034402825,-0.659476810664569,-0.598894587407933,-0.0917750203644416,0.405836347488827,0.599708159822461,-0.791506045063875,-0.106274353820274,0.481379500065753,0.387211786847465,0.14006474024271,0.47331199973691,-0.127463181743314,-0.125125385554413,-0.244197084029182,-0.187738491210691,0.431279185749461,0.473752771507542,0.683346474559195,0.649441251928314,-0.201597735461685,-0.361624328750437,-0.287318870196987,-0.589891359526024,0.622282937684091,-0.664533642436076,0.340896186664812,0.72168861130977,-0.0310770977122678,0.0657605437523308,-0.0921489895883441,0.364134401452172,-0.486084973482871,0.134417705061269,0.458052565524531,0.716880918640775,0.369837404893054,0.416838686074334,0.555083962318925,0.515324111534384,-0.0265272597863189,0.104051554358203,0.591432330901503,-0.0533961901629698,0.601045963333117,0.12301655181757,-0.798343660576446,-0.178299666150615,0.0941143462851925,0.370265556988289,0.00991229446156753,0.528019014132212
"Mean_2302",-0.309934111569754,-0.105897146318673,-0.290720611813927,-0.375258741690863,-0.276380640349274,-0.348656545983629,-0.0682216036919656,-0.449234492077439,0.0574700620548296,0.0711616155351173,0.810037223550193,1,0.547060202049478,0.429649119955782,0.0773665527860202,0.407385388309012,-0.177395325848015,0.151194671322242,0.377600128523807,0.380062592452551,-7.96334454643691e-05,0.420241748372469,-0.490444131398549,-0.568851946805736,-0.254945793857955,-0.154299412502679,-0.455310951484855,-0.82769841035609,0.365202675719992,0.342960275754454,-0.0217611166079938,-0.0170376180763515,0.647554051074171,0.0396935898503163,-0.419223404227931,-0.00561496676899033,-0.167684905937383,0.27558023490653,-0.0785409956344411,0.439409260291365,0.386218555328357,0.297432682821864,-0.44680619048179,-0.24955613817233,-0.184489266477331,-0.138722625328452,-0.387969986904215,-0.0428641070770841,-0.0253829784499691,-0.0626637678743912,0.0629664567471092,0.216253062606,0.610783791036017,0.54116426727949,-0.00391964325759793,0.707558816505735,-0.102343405054005,0.368747234217863,0.200568220455049,0.193132115187813,0.347667180114936,-0.0584111932297914,0.339518190261211,0.245122151680435,-0.877305690707884,-0.441580951452625,-0.511663031638006,-0.0845835421955549,0.230193600011545,0.420037400956114,-0.697480952058733,0.436818220203718,0.382294207789409,0.218011630179778,-0.308821787930299,0.266634447702199,-0.349142424198887,-0.0562918040727257,-0.707026099856131,-0.37972242290921,-0.141169805197076,-0.0330508383441152,0.431010551107999,0.382166837692507,-0.638889293019536,-0.382159364385449,-0.713120698094543,-0.685008171407702,0.297802596061785,-0.419500808805886,0.142128366387929,0.688518841177503,-0.0525452830242981,0.2297815624349,-0.132687873443911,0.335278105373442,-0.670476532627931,-0.106703930908876,0.151047314030578,0.311434864960538,0.241240580372653,0.215015765716745,0.51679160265237,0.382479589319654,0.00409132767613061,0.154944978120045,0.224179489867808,-0.267552891987491,0.498829680583418,0.297174506678066,-0.720562187343782,-0.404305369778289,0.103467379844059,0.136645374324877,0.322721177805627,0.19815907260383
"Mean_2311",-0.00186978085113614,-0.109706830899142,0.075246188300853,-0.635835251852228,-0.344992557516265,-0.119411653309542,-0.208812928914814,-0.615679026927991,-0.447961387312013,-0.236093626966884,0.783490289263446,0.547060202049478,1,0.534218565075707,-0.0416395719308394,0.847362117601579,-0.0250116508718434,0.365838611028012,0.441850494381825,0.469127411976461,-0.290248334025984,-0.240599522498165,0.13057715018569,-0.276792159536494,-0.308662088510758,-0.408669211703737,-0.0896831796897783,-0.313435728336464,0.326674087440439,0.318415053831232,-0.0554195495558258,-0.212046892380541,0.535213910656209,-0.228170419089993,-0.56536434765827,-0.441829986371896,0.517886808033178,0.358270473813469,0.132158047142778,0.290221874288722,0.255090930339821,0.52860892002172,0.104843769834295,0.417102443550341,-0.413352220328526,-0.337444527277057,0.257025163222104,0.446040033978705,-0.273138638616833,-0.0486989915690471,0.0725652694997707,0.0647273450953056,0.608575765863153,0.40842208870329,0.143648878322465,0.362624206742794,0.154051488667294,0.331448893970208,0.0892320673361602,-0.19221302849664,0.472714076619853,-0.477747410555536,0.555371279022459,0.206187987683987,-0.410172365478527,-0.491921899673561,-0.648017523959632,-0.484668182502979,0.352954792617345,0.514522120615541,-0.525030621390375,-0.202198628737453,0.49652946981174,0.0232350688006662,0.446636066588078,0.0306108422037712,0.341903629100076,-0.0252506300915397,-0.0368018863506169,0.216824871501716,0.408645738564185,0.359535363996687,0.45370291583105,0.426789108640932,-0.189054799038893,-0.32079471652325,-0.0995428768959149,-0.179239772135667,0.159980821414958,-0.758869616424407,0.225090149722507,0.581834688896358,-0.164000564246379,0.185609749336889,-0.33947639041645,0.217674014225718,-0.505627912900853,0.0995389711246741,0.274111903751631,0.573975816434886,0.129294015840276,0.552124623903813,0.365633237799981,0.522739670902902,0.202680857500245,0.396335287783563,0.392445092223041,0.44859804330739,0.484590591941414,0.288937534726579,-0.522997882743546,-0.0889701068292661,0.283895059204325,0.214896581947638,0.0419268245216415,0.239901506677365
"Mean_2312",-0.60668693326774,-0.326285291429521,0.315217795023247,0.220296352161773,0.415546069433278,-0.7394053028703,0.429551279633556,0.254701312336512,0.342894932767882,-0.34611404207387,0.226899235739092,0.429649119955782,0.534218565075707,1,0.175187787440377,0.488648277941313,-0.848463737489463,-0.418588620547063,-0.397688412319206,-0.352069330467398,0.40267757447815,-0.0489980220797786,0.55360743953931,0.437206485786773,0.428005543440721,0.418642286088065,0.313341988910239,-0.547169636519832,-0.483904281846105,-0.465557931177692,0.161463526497413,-0.400754193457027,0.0858952986586099,0.0680842344666915,0.185687789561775,0.447834568757004,-0.0638875292522798,-0.0967823081918274,0.259401741221823,0.768808910417922,-0.0319935287687257,0.304882344290961,0.152257373917003,0.290817349291579,-0.890713831431702,-0.849534152869372,0.199050536608445,0.250911473592224,-0.816850854979909,0.285130555606003,0.246098882149168,0.466572533724476,0.685889708208671,0.953287637522648,0.591721674877552,0.569891383141429,-0.56273185654589,-0.287603044118299,-0.663398945952706,-0.453695053694129,-0.140874421313169,0.0525268803067815,-0.26242598506135,-0.271448212707423,-0.138704125525992,0.344552951371242,-0.601229454443134,-0.367537780339579,-0.239954544939969,0.126556716175082,-0.393760505135917,0.41880483926845,0.521109171414343,-0.437361578752999,0.127082153367651,-0.17268312507759,0.374522566024694,0.519156269356668,-0.290842956630267,0.461713523316387,-0.371147284683247,-0.227837579275843,-0.395164683678932,-0.418177816082449,-0.441750760208061,0.21073740672364,-0.196818443992404,0.136127495485911,-0.371545188019653,-0.00744215968184649,-0.139826693231247,0.102230581806626,-0.19945665032883,0.0555543306269017,-0.409508686826627,-0.183424436966259,-0.32179600566186,0.281013680955641,-0.361759290992133,0.0803410763839586,-0.168447347860796,0.0311730237966019,0.210874691560486,0.00417466397734253,0.216152549624203,0.765058033346771,-0.446844707161763,0.27491613340493,0.0591662016553327,0.663232171984392,0.0770631183727878,-0.399735135829992,0.0190522036159522,0.0404187665741318,0.74303765968759,-0.458104157602249
"Mean_2321",-0.552055270886127,-0.825327089796032,0.392095713936622,0.107364800398246,0.684969929901892,-0.513837622310611,0.609511821732874,0.120317448773404,0.623876676935866,-0.15023076139634,-0.281802710257373,0.0773665527860202,-0.0416395719308394,0.175187787440377,1,0.16614228352661,-0.242490938379471,-0.573041305705453,-0.378424659227231,-0.348757434763152,0.434881296666738,0.228671838289724,0.0250479803150013,0.156686812282694,0.683933034379899,0.580244934794018,0.694467642175603,0.102638331097149,-0.381732705831516,-0.377390922310724,0.48545508667111,0.542069360668776,-0.655333032562342,-0.73658145774857,0.069554670484399,-0.0121186526423811,0.0700175359573969,-0.574052498917363,0.880012212276953,0.299247067195723,-0.0447040194719321,-0.516593488047654,0.587299003498174,0.176025233600634,-0.253939998692639,-0.41541250056039,0.207562357601742,0.121693088967157,0.170091933417271,0.474840497331004,0.165449203691635,-0.169467850711006,-0.318237324151617,0.255142017945172,-0.263579953041953,-0.227987929830668,-0.724249684155774,-0.700984937873107,-0.55501966077701,-0.645064416090897,-0.548954930709218,-0.468125627968493,-0.540894067637706,-0.778806938715417,-0.361231222955751,-0.0353961143748059,0.139502630941067,-0.52275041298378,-0.0623432612887835,-0.390236581304137,0.400146945224244,0.405540567836416,-0.466074441593012,-0.50160896842663,-0.538072870353541,-0.80703078702565,-0.187630580811068,-0.356435067792173,-0.584922859895683,-0.358831969026891,-0.668550911635681,-0.843756379650088,-0.0992667676036206,-0.110935165763264,-0.713038048375843,-0.361038620987168,-0.423880682170372,0.191388836217067,-0.732923383711075,-0.0392131798212353,-0.19300070536926,0.161166991681579,-0.147618765034679,0.559214813911143,-0.453638877043356,-0.0280654829670056,-0.555206130864066,-0.733397383977763,-0.108567140469064,-0.653901934060609,-0.195252692746792,0.125831856355741,-0.0860965617393015,0.208205999940293,0.361861126620473,0.12308216881092,-0.361419092080075,0.241958954100495,-0.206219033958694,-0.045322724113648,0.0999702713790751,0.046918262770636,0.500651869840785,-0.597950336495651,-0.0206066436960094,-0.342819010415264
"Mean_2322",-0.0071498353614902,-0.187899634833303,0.361165839143979,-0.398647562406547,-0.154135027327288,-0.402371052364529,-0.0686969234885044,-0.566841682935015,-0.321628156117973,-0.673164359384551,0.513386404578268,0.407385388309012,0.847362117601579,0.488648277941313,0.16614228352661,1,-0.0663773185937971,0.350331300051446,0.252651527266183,0.404700459966475,-0.427283676993563,0.0344993373072903,0.223101369048166,-0.114822937796184,0.000909142202483421,-0.135053384036073,0.134320045618151,-0.280678527796772,0.305471802534952,0.333029627768041,0.424427188282562,0.228245393744255,0.303757169220307,-0.449148295553211,-0.381973937238988,-0.402865753062913,0.73040258444133,0.484277807731169,0.319731019266895,0.443885415712086,0.345021281443552,0.47888539043512,0.147870947239693,0.215893738670061,-0.257681580223034,-0.272562111621953,0.0395573512158439,0.166282868171787,-0.243157005415942,-0.12270063655532,-0.252764116183656,-0.160617589225002,0.327197808997781,0.350563543942864,-0.0287818029548551,0.0297682125134077,-0.0647977734704761,0.103427261939895,-0.068500129907062,-0.297219616993014,0.00530334706748531,-0.690879015689439,0.228374694084623,-0.155480022997556,-0.40472951428523,-0.496851946830026,-0.257934319550968,-0.408235016261159,0.571441964449324,0.609345484461304,-0.0778169645731112,0.000540876870587945,0.471213176715178,0.0507103177183944,0.327790079476221,-0.289597001854646,0.391957027168127,-0.122864388964739,-0.0348850227857954,0.250475519995283,0.261763936274732,0.132238106993906,0.445969743876132,0.410820627449631,-0.29291367395321,-0.599705540850675,-0.321011057936596,-0.25256575478135,-0.10252912407559,-0.842781419703641,0.121187568177422,0.422069931951053,-0.0361804817166168,0.437557909259593,-0.06622259264401,0.379991421078978,-0.445458554557917,-0.16190786813455,-0.117479712939048,0.127306805084206,-0.0743409201258171,0.557659493422651,0.0135583526168574,0.429538438298977,0.0906883115585361,0.16836796673609,0.346461771651079,0.34613851743617,0.603544480601653,0.475701676591181,-0.477235757195735,-0.128739023435904,0.3130234658716,0.178837710307214,0.0362615336467224,0.0734618170434498
"Mean_2331",0.718040144795062,0.263879574214195,-0.329829794402251,-0.675157137679686,-0.699064979463756,0.79063283286573,-0.641621417714027,-0.683139785988852,-0.680717350632223,0.241074945031264,0.199593565492138,-0.177395325848015,-0.0250116508718434,-0.848463737489463,-0.242490938379471,-0.0663773185937971,1,0.696428140065612,0.761365916806755,0.72876666570631,-0.645847001469317,-0.158998458028902,-0.58140758242432,-0.684397304286675,-0.699615915504339,-0.770622170406902,-0.398655477146543,0.466903344486408,0.752252089566891,0.723512819818877,-0.280643350228614,0.327788707233806,0.203770853809536,-0.239453300011425,-0.599328021350681,-0.82341343321793,0.418416019882848,0.300706059922717,-0.189995171765622,-0.780183016131276,0.169089473903671,-0.0544030575699905,-0.0961985633079626,-0.0893072176081039,0.776692551161089,0.749557263416995,-0.0473722726494032,-0.0360813505044227,0.763829219391757,-0.396345303036183,-0.262808095482246,-0.551028358812488,-0.4177309602552,-0.852276401642294,-0.673579819272916,-0.469380099162744,0.758044009283706,0.518964282779177,0.822243002060282,0.39650779811569,0.446303205939514,-0.386844882047684,0.631689151084957,0.438278192089334,-0.0996112456026872,-0.712353337706003,0.335889982298191,0.135438611099965,0.503799559560581,0.157629010888051,0.159967766236413,-0.661477701284024,-0.381320976641563,0.459645129689285,0.122737353838808,0.191836662251205,-0.26886730646561,-0.675236230370077,0.292081099990531,-0.449709725102481,0.674231635411828,0.472639111815365,0.735147938747167,0.76167883656801,0.386499496780374,-0.421288331978096,0.175791826618631,-0.236422496793099,0.48940055340144,-0.437747489691814,0.382847122724865,0.297208082489149,0.192997372557068,0.111192505101511,0.272403945520079,0.422241400427619,0.108978753816974,-0.270862861098026,0.632706344166726,0.279368033369079,0.370985731886951,0.373778825120295,0.0594935228489958,0.385336250805654,-0.0120969659446815,-0.604022322376352,0.802249498332389,-0.010882848055383,0.251943538093811,-0.571805516293943,-0.361694898061796,0.513053913016176,0.248907713233631,0.0621934956677848,-0.903726817430576,0.73117510183533
"Mean_2332",0.813203819168565,0.66689724174941,-0.406732089284674,-0.58572923184687,-0.927428410616233,0.517656540665715,-0.860869894088458,-0.804321279504393,-0.903813073229981,-0.0996617297974801,0.572322473953807,0.151194671322242,0.365838611028012,-0.418588620547063,-0.573041305705453,0.350331300051446,0.696428140065612,1,0.831370332752003,0.882377584129523,-0.938330601664435,0.082679019853556,-0.3831070133762,-0.668826010952963,-0.807917017988438,-0.810208133011816,-0.652005170007548,0.0169729600112855,0.904206121490223,0.874393506281627,-0.120701037071987,0.156138651570598,0.706281172989835,0.0118499516245187,-0.468579150022647,-0.596481922466521,0.512416108034874,0.835495786218364,-0.48935127627618,-0.245204291634452,0.566108012008006,0.615291057654921,-0.510746997574712,-0.29232699403582,0.638263657814041,0.688762902441226,-0.370666696507621,-0.240167102980192,0.316164015371012,-0.711342517802554,-0.551933280125925,-0.424082971749888,0.10718425061573,-0.538819069770745,-0.336958892307104,-0.161183921722875,0.844333362725273,0.868131066212875,0.847549973264782,0.652329052860468,0.524843503799011,-0.294082849139605,0.781637799017948,0.55682215787215,-0.168625641255905,-0.730754918665534,0.120755578617154,0.375304139570893,0.771729571468072,0.764037689033131,-0.1623827096381,-0.482856254018933,0.368690816378572,0.697881730838799,0.311003753113479,0.434362143764219,-0.0387654397913056,-0.337445893769267,0.37702135283829,-0.0488428259205164,0.824984473315673,0.725947393027453,0.824611368418246,0.817240714194904,0.359737825371567,-0.511324077988965,0.0564577658739988,-0.52803789118471,0.7695991549582,-0.685530120611165,0.435212851828838,0.298511051256698,0.325545438161019,0.0470717194044176,0.561065536258122,0.538225572467028,0.145943850265968,0.155475851552258,0.25758821033439,0.456405555921872,0.304822388504206,0.40777564429658,0.038255378917265,0.320559881907052,-0.367761946270772,-0.479164769657339,0.87361213697431,-0.249925785095044,0.700438673660492,-0.0080902205723449,-0.610927525460983,0.11986077327001,-0.0765049500687795,0.635434142075386,-0.420330361129788,0.726791020357489
