"","Mean_2001","Mean_2002","Mean_2101","Mean_2102","Mean_2111","Mean_2112","Mean_2201","Mean_2202","Mean_2211","Mean_2212","Mean_2301","Mean_2302","Mean_2311","Mean_2312","Mean_2321","Mean_2322","Mean_2331","Mean_2332","Mean_2401","Mean_2402","Mean_2501","Mean_2502","Mean_2601","Mean_2602","Mean_2611","Mean_2612","Mean_2701","Mean_2702","Mean_3001","Mean_3002","Mean_4001","Mean_4002","Mean_4011","Mean_4012","Mean_4021","Mean_4022","Mean_4101","Mean_4102","Mean_4111","Mean_4112","Mean_4201","Mean_4202","Mean_5001","Mean_5002","Mean_5011","Mean_5012","Mean_5021","Mean_5022","Mean_5101","Mean_5102","Mean_5201","Mean_5202","Mean_5301","Mean_5302","Mean_5401","Mean_5402","Mean_6001","Mean_6002","Mean_6101","Mean_6102","Mean_6201","Mean_6202","Mean_6211","Mean_6212","Mean_6221","Mean_6222","Mean_6301","Mean_6302","Mean_6401","Mean_6402","Mean_7001","Mean_7002","Mean_7011","Mean_7012","Mean_7021","Mean_7022","Mean_7101","Mean_7102","Mean_8101","Mean_8102","Mean_8111","Mean_8112","Mean_8121","Mean_8122","Mean_8201","Mean_8202","Mean_8211","Mean_8212","Mean_8301","Mean_8302","Mean_9001","Mean_9002","Mean_9011","Mean_9012","Mean_9021","Mean_9022","Mean_9031","Mean_9032","Mean_9041","Mean_9042","Mean_9051","Mean_9052","Mean_9061","Mean_9062","Mean_9071","Mean_9072","Mean_9081","Mean_9082","Mean_9100","Mean_9110","Mean_9120","Mean_9130","Mean_9140","Mean_9150","Mean_9160","Mean_9170"
"Mean_2001",1,0.606488757639189,0.653207844863145,-0.479122280418978,-0.137975999408403,-0.370152950795387,-0.379121864862658,-0.621423617846433,-0.561309625157146,-0.39260686961893,0.00108366035920799,-0.259147753110727,-0.175381383125908,0.0611773316832986,-0.179202613874752,0.267111372890762,0.619182867835621,0.825765243461642,0.566471365768565,0.568889274023883,-0.0829390216355989,-0.757558851519859,0.0238804420459649,-0.081337151590793,-0.176498332684823,-0.0454121573614986,0.23768357910313,-0.225609222745178,-0.609716075220569,0.599012337535861,-0.101400115535921,-0.284768308993135,0.643028413455718,0.27637021647382,0.186352491964924,-0.0637355728342352,-0.125254913229118,0.301680210776284,0.143797193148231,0.573420519722893,-0.385161106325195,0.763312640945325,0.232599012057066,0.39177147114587,0.0741779977334746,0.457293623659739,0.497232400719248,0.262629395799522,0.76093141855283,0.323825645693194,0.771195561536536,0.235975856962424,0.759085084676686,-0.238362505346296,0.46449857017482,0.315525093765893,0.669553319339693,0.347904147260956,0.63382236057505,-0.226445654562865,-0.0741728831363112,-0.801085489740714,0.532249859805777,-0.0887471267222852,0.029353461002564,-0.465573351185618,0.552172808588152,-0.0312051271476938,0.633367364725204,0.756506795564567,-0.443980444131267,-0.623018086797861,-0.405771556839173,-0.485531739736999,-0.473402417667182,-0.801037923045938,-0.234556411071784,-0.394360731377727,0.161494061229779,0.949732852687791,0.828120301295865,0.888232324070556,0.201636495370295,0.860142679509771,0.119459841772485,0.167485819398258,-0.0971039066765545,0.363884064588584,-0.180462737729303,-0.282326120464654,0.444317214656665,-0.19736862694917,-0.413131992111351,-0.555045265436863,-0.625903977760526,-0.137174593041653,0.157206317501451,0.559159883544522,0.405228139978474,0.46799381866213,-0.526554660469506,-0.629366205296908,-0.308643498083093,-0.487731210014022,0.142642700466673,0.0455939560084088,0.269884443193788,0.119564369984566,-0.495511452790586,-0.563006457743099,-0.253709946153046,-0.111769492272585,-0.151478453745658,0.0204525149064241,0.0703448369110174,-0.280017619237735
"Mean_2002",0.606488757639189,1,-0.120220461858632,-0.387059105520326,-0.21225011790156,-0.576084933343628,-0.571639099267321,-0.708227662706997,-0.036530320395199,-0.632908262663912,-0.391406606055134,-0.570473696657895,-0.475098106493791,-0.45831991927267,-0.523366605370367,-0.288439253220224,0.0522341765360741,0.781897998725127,0.567043227628373,0.732854492737628,-0.542037353807337,-0.683605485680236,-0.642244178666013,-0.553524266302986,-0.316351889220289,-0.0467776229545754,-0.133885496281638,-0.0467777134630747,-0.713944063482087,0.188483755032737,-0.443070843818557,-0.386269972495777,0.308435927067902,0.358721411717846,-0.00795014427870799,0.0881928691789781,-0.32888499241958,0.123215781025169,0.0908241267343867,0.272940800232767,-0.740363486614231,0.214891857576537,0.0195145538000227,0.0866784085748681,0.725573572259809,0.573054721166334,0.499272200797708,0.158259537116721,0.62598224765184,0.287072627006383,0.315870585475259,0.390997144524107,0.21345995634942,0.180924556133727,0.349433142218529,0.480409313977012,0.83295721813814,0.715286256077779,0.980848011059492,0.484262302588983,0.0564941936906879,-0.444801601999601,0.424885423477221,-0.292864641089818,-0.662066248731054,-0.486898900069431,0.928208813463066,0.556917339684194,0.715481082426444,0.881513232053704,-0.515563124949542,-0.62260457901933,-0.775932299400717,-0.229606609242998,-0.787254471562125,-0.820089431126296,-0.774581358883782,-0.654720353031376,-0.308913703736664,0.709515590373576,0.769761619706205,0.415977508805209,-0.251812823352787,0.359675877677124,-0.388476638927975,-0.563712179036659,-0.673469872480011,-0.36786611973924,-0.624849657248852,-0.669715248826124,0.598455310563544,0.0810592535584779,-0.0845462912914907,-0.409269879648016,-0.696032796056899,0.330065114246919,0.211264451838312,0.650032336754307,0.432387782506387,0.212357735118691,-0.109147290604194,-0.433523729152288,0.152733992712212,0.104408461287773,0.0401526469502994,0.188275180735205,0.2238088659346,0.343800497027677,-0.235081434209282,-0.127952189438838,-0.0228992765653055,0.0694781634597815,0.132565641003611,0.197266330555093,-0.196438164485574,0.42514910282464
"Mean_2101",0.653207844863145,-0.120220461858632,1,-0.430315225383532,-0.167402558383201,0.110121741882332,-0.156836132576271,-0.248938828542503,-0.611185403807206,-0.108977310843367,0.077095305706992,-0.0801474300206952,-0.0916754632788547,0.236918402021174,0.397439042137625,0.46259785322137,0.684387751543807,0.263863177902137,0.396605406746521,0.230521154952287,0.36539236941773,-0.402390432045654,0.61382633468324,0.544628987537937,0.0369152350894492,0.0969058220751889,0.2815362160627,-0.395154057711549,-0.156521682738876,0.548856513725456,0.256109148251567,0.00268031076141768,0.617330812306049,0.041927293127395,0.117585850170624,-0.0556712823910828,-0.018088592530598,0.431995441003556,0.305080025402363,0.724910536225301,0.218205993828748,0.655400907078262,0.267415499267957,0.512740074484714,-0.510693897165008,0.186518593975678,0.204285936470219,0.433093909895646,0.233940078458783,0.237127603713003,0.636058054998883,0.222318917655536,0.83148190896375,-0.147830321438705,0.528341468169049,0.245734999825699,0.0732857231888558,-0.343805881682353,-0.116942295984705,-0.824520937319509,-0.454114032713039,-0.727318906926918,0.272751338674218,0.375056842289533,0.743030816760445,0.0321175996076029,-0.144476598651918,-0.518794987718602,0.226355427406841,0.176056262444978,-0.32205204660254,-0.387990540613392,0.170456053232575,-0.602413258826388,0.16571516995841,-0.229733336319635,0.321259709033507,-0.0703293027986558,0.554865367425019,0.452063344942021,0.387122821251948,0.623422781753797,0.624523845055082,0.681233135956298,0.612375164374077,0.727280841115053,0.529148847589113,0.923554296027932,0.188105942213922,0.102911694193082,-0.0902752659369179,-0.0785256956066839,-0.211350535278443,-0.0169463804279797,0.0191011876406759,-0.215958327163562,0.27815958986708,0.333190305204347,0.371060874123215,0.640945358518862,-0.42381635193337,-0.158812348269743,-0.321334119623732,-0.523696592360947,0.336951456587245,0.0196526876412423,0.28032257235423,-0.119493666139772,-0.21724519085473,-0.379047965269942,-0.0260091673858583,0.103102537476954,-0.053383056028718,0.0427953570911742,0.531447773062912,-0.542532578014365
"Mean_2102",-0.479122280418978,-0.387059105520326,-0.430315225383532,1,0.479805731748183,0.568672552198418,0.152502386697951,0.730990725415059,0.305288051818485,0.797673295109553,0.180694038514511,0.329659439868297,0.439090941836987,0.356505847370898,-0.180946690796405,0.0515072843946435,-0.0766365641702661,-0.520567369146478,-0.580396919721899,-0.530797359044022,-0.20777657360496,0.385697186014019,-0.0717655290864149,0.025301893468528,0.452779221322881,0.307866751844891,0.432978807904155,0.84888229737201,0.129476442184324,-0.49918459783445,0.114720891341704,0.323876947877473,-0.630799041913395,-0.105446415801287,0.176040974944892,0.242720950845052,0.183258704367983,-0.393890831806766,-0.181875479750985,-0.623404164242489,0.0019956871375692,-0.422653173340331,-0.287784507556498,-0.342709180270981,-0.327261510982263,-0.437601898062763,-0.809298980335007,-0.592944348737923,-0.374211160072721,-0.017818755988055,-0.331165968106729,-0.38744720696217,-0.606199188391197,-0.466221596857768,-0.492794257665313,-0.447208792494409,-0.306501046816,-0.262977260979233,-0.337024544618607,0.431382510318356,0.294619583079229,0.706048446759264,-0.472608203968098,-0.544205470094515,0.0592396370244292,0.468628435266783,-0.218155625682522,0.0318847537934493,-0.378396004314342,-0.315023108021659,0.403892755272379,0.418055423080741,0.208741251186184,0.313999149715725,0.620086613531897,0.416015610632729,0.284786650547773,0.792987588955822,-0.40811874955386,-0.381697822982319,-0.611071294610811,-0.455661104588787,-0.393474296839608,-0.666407548385491,-0.355823846601941,-0.168086733350862,0.143350524684251,-0.422633333429288,0.137964015142094,0.0218068059795867,-0.361758871684096,-0.309411286651226,-0.250807362707423,-0.279030133694953,0.315099564503157,-0.12212895688777,-0.532639243476053,-0.638127190325147,-0.710852054301783,-0.579785470822025,0.00323847103904581,0.0817891122008742,-0.110838416691391,-0.0388151162619988,0.0739010307837538,0.165106305774785,-0.210305576048452,-0.22051170537435,0.463089365407719,0.361905987206864,-0.430172904621797,-0.35391718989331,-0.127958651309636,-0.042020518563271,-0.364593364981489,-0.0171550964565101
"Mean_2111",-0.137975999408403,-0.21225011790156,-0.167402558383201,0.479805731748183,1,0.141389623905681,0.0721270008027697,0.691615519349506,0.312223679135551,0.293593137446837,0.367701151155406,0.598111242476695,0.632792419675275,0.769679387025626,0.343161672244578,0.61978893107545,0.0865917771175688,-0.369230542255351,-0.554485906933608,-0.0904205636395623,0.318647458807282,0.293630219824016,0.330891720323437,0.380981805016691,0.712696317443473,0.537216352798155,0.668352074846401,0.671286367681006,0.122676221844103,0.371175392363901,0.664946213047743,0.833411593996687,-0.395391293796042,-0.0433540113099184,-0.575965847063782,-0.299739420712816,0.650961081391375,-0.280636443389399,0.0399847737835057,-0.610331663519297,-0.205705918861341,-0.225920698183273,-0.182263968466608,-0.0965930571119692,-0.508100785444494,-0.234475084978284,-0.391310994957381,-0.27987213099579,-0.072308159558757,0.0913617788519798,-0.261748710115511,-0.43735175096513,-0.539174116353787,-0.602769709323085,-0.303210739903229,-0.511267888904958,-0.396116164363303,-0.331781862693003,-0.160500670594777,0.0387890219637774,0.119764843193574,0.197052363168283,-0.243954265391301,-0.291578828765344,0.0407241682736018,0.00578568657261572,-0.317976281394345,-0.274421463838698,-0.654093267668229,-0.36236917879257,0.657752406829014,0.438785541050689,0.13897292062744,0.0199319355125103,0.322099765758135,0.017986717093666,0.0815845933222443,0.624690883721034,0.320789795526702,0.0277811487658473,-0.444167094350898,-0.259708962461808,0.0636161027887044,-0.230937806627833,0.0687246919043435,0.240528190578624,0.183332073967321,-0.0605256470749841,-0.0286293483016917,0.402408422819136,-0.561568124932952,-0.917742444400395,-0.731402591961305,-0.473680253246261,-0.190223507359006,-0.478538924926029,-0.37496227546658,-0.352575254250835,-0.540158559307264,-0.668528877213815,-0.715301335903262,-0.538043334354359,-0.799152969744513,-0.64586615858436,-0.384471269485785,-0.560425817419259,-0.507503330097821,-0.822174580002017,-0.128455206128125,-0.0694670916457625,-0.601244157915229,-0.592119690883051,-0.559987630060462,-0.482884553314165,-0.574862850033194,-0.310424112697797
"Mean_2112",-0.370152950795387,-0.576084933343628,0.110121741882332,0.568672552198418,0.141389623905681,1,0.0518713417050062,0.702571560692405,-0.233925149775783,0.545021150202208,-0.0777213322099459,0.158046133281568,0.196865476624089,0.310222524809999,0.394156499577399,0.358863602604892,0.432583591423799,-0.716185830664174,-0.0166669377434186,-0.182161251212338,-0.0405755181358305,0.507189355276282,0.500928066122802,0.551031632396331,0.648300406150619,0.390470509925866,0.562368083793093,0.51780584884303,0.456933267961123,-0.195840986902724,0.514701674776173,0.439406253878522,-0.126890716932599,0.352267775727607,-0.00150177523285511,0.565953540199494,-0.189392698344444,-0.429082189717914,-0.210459135262707,0.0459384652426498,0.580866543958317,-0.124322572345519,-0.636286425541874,-0.447698708361745,-0.495068278594012,-0.670660366180446,-0.746487008996863,-0.239282539814639,-0.801618461261044,-0.28069845414931,-0.45267860392559,-0.302801849772302,-0.0536323986335591,-0.0380588960929908,-0.19902731741042,-0.294930128534224,-0.630462496027713,-0.672138468750334,-0.653904368765822,-0.111600753743291,-0.161552674460429,0.46082106596301,-0.0267722247946809,0.303129466733562,0.573623979773637,0.814682480955913,-0.428649373121458,0.0259734931347695,-0.419499921867685,-0.405343814042603,0.155618426546869,0.35264832625179,0.713800381709631,-0.0151829801606058,0.843198570955242,0.706365954926572,0.721727632653972,0.771076148528552,0.192596406147811,-0.50954393001136,-0.526391835167828,-0.381203979655908,0.414723103541114,-0.420329673903498,0.443879901049901,0.388762784388703,0.412500055037158,0.228059997642094,0.00287981307228588,0.120859141804461,-0.713992336738236,-0.0141150110456264,-0.183107813823579,0.256569519941979,0.512316391816088,-0.197132732832701,-0.370181295036805,-0.293192216949424,-0.437314769795363,-0.161642925486205,-0.0405694398180531,0.380641286255206,-0.0249551247343498,-0.0480482273725587,0.253852377796094,0.0576412499796437,-0.347129219077682,-0.374280244614407,0.449771229966707,0.396762965794577,0.10797299461277,0.0814510033448209,0.246711973998156,0.265917490617952,0.102232695736482,-0.315094957842023
"Mean_2201",-0.379121864862658,-0.571639099267321,-0.156836132576271,0.152502386697951,0.0721270008027697,0.0518713417050062,1,0.351187793683018,-0.218672869862574,0.563090616091027,0.837357759277318,0.81931895945307,0.765753168913735,0.406441660118301,-0.0622786500234447,0.218046608954183,-0.142149153349785,-0.241519234002828,-0.619529819121859,-0.771859207756449,0.5727732721821,0.690300221028681,0.282227877900802,-0.157351480513296,-0.202814231014356,-0.681013014996196,-0.163154446268044,-0.116444724878517,0.746766379075013,-0.0235006595910909,0.104887446586519,-0.0615263262597251,0.0362480975782424,-0.144886894017454,0.280537293838557,-0.467192000701033,0.481814643272345,-0.339618379821733,-0.647428385071867,-0.551155729978202,0.606384023524718,0.225615170060252,-0.0691982581481933,-0.383410747910171,-0.250645907052318,-0.638936443937529,-0.19932096380412,-0.6457091650789,-0.149889130438894,-0.743453880555436,-0.196615300653384,-0.75642474811312,-0.214813282221088,-0.403007915699663,-0.817272891022337,-0.79264053964005,-0.433826641386559,0.119962923126907,-0.549869776797185,-0.191548508023605,0.694864386326771,0.544333340049597,0.080581663765908,0.105645635397223,0.000366948249722398,-0.317175263011253,-0.62835418839517,-0.325173623561056,-0.58103390059327,-0.689184131828514,0.777530199739446,0.825631140889552,0.495539037326841,0.827889774634205,0.0761969690826154,0.567018424519742,0.589270922443963,0.292457559900897,0.0773209959169533,-0.376298356993676,-0.310281055431163,0.0393777051116346,-0.107109425324062,0.0620040611032586,0.10919608013002,0.322043620625738,0.328615299280938,-0.0716200379269863,0.809870282458629,0.834932481740631,0.0818063254924303,-0.145526190537951,-0.0297792300876055,-0.00556683235406927,-0.0103242413845006,-0.663459927865134,-0.634120013689529,-0.825903684623203,-0.667385104626519,-0.539930050672946,0.133169814808922,-0.0376320798094927,-0.214419971371214,-0.149880582757924,-0.695944540948493,-0.519331462537259,-0.434670198646368,0.083536628799199,-0.448277119795355,-0.51212467969402,-0.252766170180332,-0.560478934727209,-0.578403646281934,-0.658767654273434,-0.38459013139779,-0.528490086963943
"Mean_2202",-0.621423617846433,-0.708227662706997,-0.248938828542503,0.730990725415059,0.691615519349506,0.702571560692405,0.351187793683018,1,0.176468451764706,0.643910464823427,0.304202814754318,0.647041469787633,0.641657555244291,0.671344135505026,0.454357684699229,0.499307783908106,0.0734036762384664,-0.861092343368636,-0.587653888299737,-0.455544202330003,0.257928779823701,0.764665980348595,0.502478780939223,0.495517593327258,0.76485526151124,0.404629138431266,0.580066003793178,0.675712361122894,0.618234049279658,-0.076828352881819,0.694392243750263,0.759416502234063,-0.513005701320557,0.0352501612984101,-0.327141394355865,0.0826298280783082,0.365242523712443,-0.536565556988088,-0.245796717614094,-0.584061441455312,0.413630591452654,-0.381692573958848,-0.485199863542639,-0.458533129705181,-0.605408222979252,-0.724803746682765,-0.740795293146169,-0.435296232200072,-0.689295372783464,-0.305332324188277,-0.638229592890943,-0.614938834908837,-0.570059951850801,-0.353973942985515,-0.546313766195088,-0.679380647053763,-0.835245808200183,-0.628446889176479,-0.713948583439062,-0.00326293288041177,0.120688651024336,0.670613840410115,-0.32011372208876,0.0389344319908607,0.315113985419984,0.513510882515107,-0.665022444372833,-0.179586368251191,-0.864220919769948,-0.748151185884614,0.707461995501942,0.746315777714491,0.673964528078005,0.271286804270719,0.766814910937766,0.703416089197386,0.60324828566268,0.929544228227091,0.259137651024154,-0.590631053524514,-0.846466023969027,-0.59614142623166,0.183218058952473,-0.579352428414539,0.257959796778602,0.342201830904526,0.369772731686341,-0.0282625078417864,0.178400178097306,0.521363862093792,-0.791486825449016,-0.491082710897302,-0.390874472040268,0.0277298526202199,0.348622496713506,-0.449702626191567,-0.54011066657194,-0.641672429776396,-0.744701737883305,-0.678007654167886,-0.243864748609312,0.0813607400332254,-0.410050902400261,-0.267081686783216,-0.229626167617807,-0.387323883268287,-0.619364617825656,-0.696163620452074,0.219268582495795,0.245478923235328,-0.226155155326544,-0.332646951074605,-0.220709869573682,-0.226075418391059,-0.34371043457667,-0.364210439761053
"Mean_2211",-0.561309625157146,-0.036530320395199,-0.611185403807206,0.305288051818485,0.312223679135551,-0.233925149775783,-0.218672869862574,0.176468451764706,1,-0.00673426383985496,-0.254752100519919,-0.155226076758008,-0.188636256135035,-0.264544410688383,-0.0382559529004617,-0.500681604108228,-0.818516985681393,-0.307114128046861,-0.494853462311556,-0.17688008548226,-0.087093897067787,0.0109342210858965,-0.456000237704791,-0.0465077970097108,0.0247198231333457,0.376792051288721,-0.310947989554821,0.213608773192198,-0.213237160041685,-0.443986937362939,-0.20223852417629,0.251932595504455,-0.722048115090465,-0.624264292569552,-0.356409054282448,-0.190780340315884,0.271004103345979,0.263644224840981,0.520520668723308,-0.485614053556002,-0.481441259507851,-0.884795104038439,0.329133577535385,0.266396759437525,0.0900129658335313,0.375394142744787,-0.162413037952509,0.131436391857705,-0.109221452082589,0.477833758352796,-0.2607252055956,0.356378401997162,-0.780943029283904,0.160051280216428,0.0971450939078283,0.241109883890712,-0.0428294026291704,-0.129991295105745,0.0182220236920176,0.370758840643649,-0.214185385839361,0.220017221555055,-0.800372104054591,-0.44729472079373,-0.258698904866035,0.173613522997449,-0.0570123104973423,-0.0594559705433799,-0.168290116438167,-0.199299633743568,0.0594527536803353,-0.0209262774573459,-0.394226015504732,-0.0156175827980631,0.109373943826078,-0.0107183179771067,-0.556401938631808,-0.0418748719710909,-0.369768233862253,-0.358956995637636,-0.427292975089916,-0.694353706235857,-0.535570453946626,-0.730857492628061,-0.583796237026795,-0.526765843566697,-0.12706544676687,-0.453540232207343,-0.147821648144158,-0.205092129042766,-0.182471557177867,-0.00645114273233909,0.356519232990816,0.169126922800973,0.355439525593102,0.55829592503394,0.360823550054218,-0.104463878378123,0.0689142757486732,-0.189180863869551,0.278014475942767,0.255459747632273,0.195985582580698,0.357998728529942,0.119610392668907,0.221057216027629,0.254653502862988,-0.0898679249600079,0.551391225407902,0.595539942580339,-0.0244196588415163,0.135291335487014,0.0793456065737685,-0.00460940148431619,-0.0208429074219626,0.719350735088905
"Mean_2212",-0.39260686961893,-0.632908262663912,-0.108977310843367,0.797673295109553,0.293593137446837,0.545021150202208,0.563090616091027,0.643910464823427,-0.00673426383985496,1,0.598610552527545,0.576098088018423,0.660073213739147,0.455815730974379,-0.16393783177992,0.185923662867257,0.0308872686748817,-0.429079400834432,-0.703521995285773,-0.797546225334508,0.257831753909658,0.459734342006237,0.186753597392117,0.097650759565718,0.162045950447255,-0.0883642123583546,0.267830918630342,0.511532175369347,0.344698687700995,-0.324295589914328,0.101269140299629,0.178455812666299,-0.225792213950204,-0.215968197586366,0.42581191059352,-0.108432650701651,0.43669117024554,-0.206703679774758,-0.285205716568498,-0.534327745508716,0.319615963085816,-0.0279480199518084,-0.129954077504703,-0.224396936382417,-0.585397209939267,-0.537890601357232,-0.82294221265559,-0.734455697479667,-0.30246681211637,-0.250731411230733,-0.0743011809259078,-0.514694502607362,-0.36982612684885,-0.655186526677022,-0.599061431436372,-0.585804839728661,-0.350018013163066,-0.241927477407978,-0.588544342093919,-0.0186425366304969,0.420129722720697,0.614733364342209,-0.31723756014,-0.350999375525895,0.325289028318718,0.259863715362972,-0.551227905887199,-0.379267406400187,-0.472567484410488,-0.532628628808992,0.564531773911135,0.575235065705509,0.363492103110851,0.483498184686065,0.648942103962824,0.546211808457944,0.575283432573595,0.711025919291908,-0.234384184430811,-0.357812503061989,-0.453480839902231,-0.132249776062008,-0.291374997424138,-0.341027736862288,-0.143241661623879,0.225811794299331,0.574276573932892,-0.101607648484199,0.660014127389872,0.398600586365205,-0.247623414507729,-0.274069293058918,-0.188527129915107,-0.216694638038237,0.319640605884914,-0.409390227786219,-0.634263165717058,-0.882132399491001,-0.803271614442041,-0.476828526657967,0.0218385047016876,0.0550663969190448,-0.230276273366532,-0.23550889903509,-0.103151408803878,0.010933164556388,-0.141547413050781,-0.0369475937448429,0.181584176179202,-0.053866094277271,-0.557155368215696,-0.557289840910577,-0.435421018961445,-0.392295397539734,-0.288891708635076,-0.357689065069548
"Mean_2301",0.00108366035920799,-0.391406606055134,0.077095305706992,0.180694038514511,0.367701151155406,-0.0777213322099459,0.837357759277318,0.304202814754318,-0.254752100519919,0.598610552527545,1,0.878951452109326,0.895169981549787,0.65702774920878,-0.103851475188298,0.472920931524869,0.088834421593455,0.0179289750741596,-0.667313837924797,-0.626157969965872,0.692510693515765,0.372857166599285,0.335757913430419,-0.0526333154160004,-0.105211341842287,-0.490376262463367,0.123044373337134,0.0480350643498306,0.411444863344681,0.31191669025955,0.198423502072368,0.0979834797787857,0.182129982280796,-0.176936343343384,0.227866382196022,-0.694198522389078,0.763339116005094,-0.142790006650583,-0.436388583833603,-0.542296397078997,0.264607557684771,0.445124763666849,0.0849582615801332,-0.108891713116899,-0.471046928457746,-0.411029187404038,-0.226106923888378,-0.666505969370946,0.206160226830617,-0.444411679187953,0.163358752599886,-0.70470816600447,-0.132502889995944,-0.800400214568355,-0.667983906459533,-0.755069285831986,-0.197829562921883,0.147719497366189,-0.327353568719214,-0.296302584667167,0.671586566116716,0.237987795634357,0.101230819245923,-0.170405564688562,0.0761170406590539,-0.507345847725622,-0.525135184749537,-0.559746277009158,-0.503044637788931,-0.482008924486515,0.793312100242912,0.649959135326174,0.244363566974765,0.596366451420082,0.0442841225919624,0.180169197281589,0.442503884477913,0.314052330922036,0.160911637711056,0.0719300046306612,-0.068767134818262,0.348931005625819,-0.126048168524431,0.308136166528996,0.0633347456898227,0.455852790054151,0.472854976346899,0.0587547534966016,0.810007672099271,0.805590444249096,0.0946522539222167,-0.557748684137162,-0.416218868055012,-0.448092997029212,-0.292958832166846,-0.817476255214206,-0.650218204487221,-0.767480614552122,-0.688340299879185,-0.530319842681163,-0.319630988814443,-0.492340366908346,-0.627628400150093,-0.606746042516568,-0.69298273303163,-0.588265211909352,-0.335013276522184,-0.0804103050893169,-0.620963409655085,-0.761606350045912,-0.695496533088105,-0.868396795429791,-0.907674733061514,-0.886973143864094,-0.536113791274604,-0.68303515156039
"Mean_2302",-0.259147753110727,-0.570473696657895,-0.0801474300206952,0.329659439868297,0.598111242476695,0.158046133281568,0.81931895945307,0.647041469787633,-0.155226076758008,0.576098088018423,0.878951452109326,1,0.972745835208594,0.831441655886509,0.205278331839829,0.634241196705535,0.101149665753909,-0.352660961001739,-0.69732427646284,-0.599344809846444,0.636552313278148,0.677662469801031,0.522867206692978,0.149527012074,0.283358083282513,-0.23548851500837,0.339886627024837,0.246780305019231,0.672179590621554,0.295589027339709,0.530374268208983,0.415593864915223,-0.103961911998499,-0.0469744781598656,-0.0859954769459914,-0.48885233886497,0.691893515985204,-0.448695343389218,-0.528423280787742,-0.672432328428155,0.429391560116998,0.185370682128594,-0.184765732422927,-0.359496402636143,-0.526727032392299,-0.671927248549368,-0.31552365143194,-0.62112293603536,-0.129816488926684,-0.560964803913192,-0.245631252041519,-0.880217521192533,-0.317528911229715,-0.677723868047576,-0.7796203909717,-0.930629138181524,-0.574888462216459,-0.121198494911606,-0.526823979493681,-0.218251166143744,0.592492848087581,0.456987472923633,0.0247762366331207,0.0057327656685282,0.101170197583298,-0.247483417178751,-0.662231343474612,-0.415014232572665,-0.795716351287545,-0.699823509881032,0.949382201012663,0.865486455463758,0.544243447103993,0.592748366257112,0.242436420945671,0.432214505463697,0.599526932332963,0.602611440962083,0.35157579186351,-0.201161533833977,-0.443209426283288,-0.00260566603453002,0.083273392872169,0.0499896003429888,0.251904692009435,0.501262317416559,0.376817109441585,0.027424998577658,0.618726570412707,0.911130510394744,-0.25244256122898,-0.654504693475559,-0.515522357120412,-0.29722620972918,-0.163021838247374,-0.877770409478671,-0.721792356499825,-0.78527233597125,-0.799571382883685,-0.737175115598312,-0.381873343747923,-0.378484793700761,-0.680213292649463,-0.567069009953058,-0.743904956829041,-0.763399995587163,-0.658859958147125,-0.441142023644357,-0.511608716115746,-0.524021704213556,-0.514602270566884,-0.765547976036889,-0.760247606788519,-0.75959127075653,-0.5943774216949,-0.723947074220647
"Mean_2311",-0.175381383125908,-0.475098106493791,-0.0916754632788547,0.439090941836987,0.632792419675275,0.196865476624089,0.765753168913735,0.641657555244291,-0.188636256135035,0.660073213739147,0.895169981549787,0.972745835208594,1,0.841750261037848,0.06958440319254,0.643781867058348,0.173553286968617,-0.278104602794868,-0.690762050487293,-0.572667461992899,0.552338545585812,0.606493601334427,0.4398142381079,0.0830394174971579,0.299414134332773,-0.210935263475855,0.431210435999703,0.394097895000188,0.560057780764827,0.279438261648167,0.482263471166231,0.394806192781445,-0.0690277805933352,0.0217090014825906,0.00196604918420575,-0.447171358713036,0.690306636236223,-0.478617807870608,-0.554387566643362,-0.690568348673778,0.323770315713879,0.24090622490547,-0.241588432504854,-0.390148046750786,-0.517644273808017,-0.663866083220029,-0.417992917294382,-0.738846889496013,-0.0682077261015373,-0.526125044899686,-0.181585813452292,-0.891378700184666,-0.325907824352021,-0.793178235431135,-0.80431448491247,-0.936084675834078,-0.458607997541646,-0.0453181619822005,-0.429116488826544,-0.117890070409364,0.667240105565292,0.473007938427587,0.0755033042525585,-0.140427354353406,0.0601604887820076,-0.261519222380098,-0.55819678104959,-0.366201431489139,-0.723077790979338,-0.591600834896194,0.930909827811247,0.826098416923031,0.456403564896255,0.604933807444424,0.240644172571242,0.356965996675695,0.565680956712718,0.645027708978912,0.237637152454136,-0.0971019153645691,-0.359287591747529,0.0694010610610211,-0.00484480051092893,0.0581421310939119,0.156786248812893,0.441816687938376,0.367396505250798,-0.0484290563341528,0.582447322699602,0.815142349147705,-0.210580807250725,-0.718799490040467,-0.619951568010192,-0.460809856609582,-0.245019842229007,-0.893616803562294,-0.82222605643633,-0.808768005562816,-0.878402911228267,-0.781710778730042,-0.446463126526201,-0.48133937752032,-0.714209186818876,-0.62484966615121,-0.719970915170435,-0.696743715525717,-0.64537843918665,-0.399104909403171,-0.495357277653426,-0.54567296531296,-0.657597507838893,-0.866513899460335,-0.81056560125183,-0.767301203043531,-0.682007109992471,-0.720950037153061
"Mean_2312",0.0611773316832986,-0.45831991927267,0.236918402021174,0.356505847370898,0.769679387025626,0.310222524809999,0.406441660118301,0.671344135505026,-0.264544410688383,0.455815730974379,0.65702774920878,0.831441655886509,0.841750261037848,1,0.41349799371245,0.887060862514591,0.483135961002562,-0.297984160110969,-0.435665240462957,-0.27032480934443,0.494638523718575,0.399094737500762,0.705657319099415,0.451027285601779,0.627324972412114,0.204121009566668,0.760267844001759,0.426261836119756,0.398424566681296,0.516877806803656,0.760323672505385,0.630158736981074,-0.079597495926625,0.100485385713545,-0.232868666398985,-0.258966197978459,0.563104272268221,-0.381710699452588,-0.282367439570452,-0.394853407434515,0.26693845793344,0.266605583812682,-0.212823679843587,-0.184548212453675,-0.70635490385195,-0.531391110139746,-0.305052847327116,-0.357240073532782,-0.0567370075998667,-0.229922887076243,-0.0809059806571108,-0.718661087877455,-0.078133664856914,-0.744045829254938,-0.439748935791056,-0.749523034336476,-0.515918307445167,-0.367540684479519,-0.406129076491744,-0.319412271248046,0.269032332260477,0.146150735374924,0.0450034329779471,-0.00527555126992437,0.343802437804881,-0.0424302138506139,-0.503468861496779,-0.42076985040589,-0.652316930466679,-0.440449307241648,0.711721039230365,0.561888953535616,0.525934221088415,0.113044690613147,0.390237281788262,0.193921448006833,0.585606663810069,0.735091779895119,0.544770115945603,0.0774472162373051,-0.36526399561958,0.11109397415936,0.351180594292609,0.16434261169184,0.428739108726759,0.648728055124023,0.398650411343945,0.290426116491227,0.327331809019824,0.696002484621114,-0.457824122874024,-0.853882339556682,-0.813474908601072,-0.463903116341374,-0.1967120226199,-0.854682454423831,-0.575525446900391,-0.46851606450894,-0.625311032168645,-0.534342473946135,-0.746274474140256,-0.535224349169385,-0.885079931130074,-0.824690128985843,-0.430999274595533,-0.668183621256857,-0.597552731568299,-0.736165408512932,-0.422642812872755,-0.436895508019167,-0.559700958422422,-0.662595627936639,-0.636542591700734,-0.527545463201656,-0.453832128883296,-0.828159857930992
"Mean_2321",-0.179202613874752,-0.523366605370367,0.397439042137625,-0.180946690796405,0.343161672244578,0.394156499577399,-0.0622786500234447,0.454357684699229,-0.0382559529004617,-0.16393783177992,-0.103851475188298,0.205278331839829,0.06958440319254,0.41349799371245,1,0.574434369209766,0.273740145897402,-0.595400354325057,0.0577615213972222,0.156555789368135,0.467879686950957,0.343408920627756,0.825661404415264,0.890429381689139,0.646338730402271,0.527476983726705,0.384943092947844,-0.0815248415424208,0.449128114889633,0.430446993341436,0.827726101978068,0.716006029940811,-0.0410112890169561,0.0590685125038428,-0.695910361353132,0.0347118138906354,0.110462909400809,-0.0399826201594597,0.242282706480506,0.21932525622179,0.463991371363539,-0.138885948424949,-0.168883838511825,0.06407530610357,-0.560251118688309,-0.240358307969702,-0.0406992155176337,0.459379625274238,-0.519447248541285,-0.0190076635168063,-0.337368105786421,-0.0483395698590946,0.0924622854382312,0.194331496873608,0.226380481391624,-0.0775219644681653,-0.73731367569957,-0.825793945428066,-0.575312051174179,-0.629492126119789,-0.592667950488735,-0.159628281377859,-0.0698585619030811,0.696891445701782,0.629057720619534,0.440801066620969,-0.587699514173418,-0.349876199117484,-0.553724446018023,-0.50157782069924,0.16459305150953,0.197323247346251,0.623591258793753,-0.419265933723466,0.503461037377861,0.362260679386529,0.423009089973868,0.343618579831635,0.865173927387025,-0.309116160468023,-0.453401475443907,-0.329444146888266,0.836726969144303,-0.0635274507281468,0.821069083677726,0.691637432300164,0.401128332156392,0.687143714002196,-0.095095720717311,0.428542747953489,-0.81011198102048,-0.226655825173584,-0.17147560545864,0.467583247880611,0.349410225141093,-0.203674505704049,0.219031705069974,0.140280978635616,0.112361123870276,0.0825468842974831,-0.367497373722943,0.164527737233077,-0.351598991702641,-0.292438188351696,0.0309535504559118,-0.42974186478204,-0.332535332664092,-0.777603817214848,0.0586981846733783,0.172913198990414,0.323938330466055,0.26145066140976,0.115497849953988,0.0553717538606814,0.324252710543478,-0.35839688863426
"Mean_2322",0.267111372890762,-0.288439253220224,0.46259785322137,0.0515072843946435,0.61978893107545,0.358863602604892,0.218046608954183,0.499307783908106,-0.500681604108228,0.185923662867257,0.472920931524869,0.634241196705535,0.643781867058348,0.887060862514591,0.574434369209766,1,0.729898585407059,-0.201712965182357,-0.0657026473982091,0.0949285096493924,0.506571321161606,0.292912967705136,0.829065080717027,0.592604175027286,0.662085137270762,0.257284638344499,0.807059675852875,0.287651952572832,0.368836967836163,0.76333748986459,0.877596327330843,0.652284645966642,0.268328109600781,0.40536972883874,-0.376590067196542,-0.153497320545225,0.385610249886308,-0.351873316541213,-0.245556763778133,-0.0373902625017396,0.320904740924057,0.462853320709975,-0.384668289617565,-0.199468639943921,-0.640034335557726,-0.487041740031656,-0.191399421470938,-0.178867743391411,-0.0986466701420259,-0.275542782603893,-0.0606450387326441,-0.582282384274611,0.193318493823299,-0.536959676232537,-0.218585140496704,-0.567893848137095,-0.462265145017313,-0.386534193782376,-0.306221767420448,-0.475695899664975,0.0677451508247705,-0.0929471898715718,0.37754797174795,0.310660019242788,0.421279389919594,-0.0333222856191219,-0.399513206523149,-0.331102007288466,-0.537965780313815,-0.28915001805885,0.512297748646933,0.399890831237628,0.544119031979371,-0.0953566416397671,0.301005157093327,0.109622772719157,0.573963116864903,0.562171455665378,0.779700065324972,0.214066910746236,-0.116449880477121,0.248326875262936,0.674082073413047,0.370945854014102,0.71775317826524,0.799023585594863,0.405269729534508,0.515209329705968,0.107990467603907,0.606006378295205,-0.513131053032763,-0.760702258152875,-0.848179600372413,-0.342590495527751,-0.311625579667392,-0.835167726496323,-0.465102562659478,-0.164061221339164,-0.418519495973297,-0.324170374297928,-0.856215150537746,-0.561952270971965,-0.870285374248335,-0.862294841394684,-0.388058881798995,-0.724667252187327,-0.629689650315639,-0.760645383655718,-0.508102266340434,-0.479142098518896,-0.375731873347937,-0.499200625425496,-0.497787283319455,-0.406460986935576,-0.323595275026627,-0.867722094635525
"Mean_2331",0.619182867835621,0.0522341765360741,0.684387751543807,-0.0766365641702661,0.0865917771175688,0.432583591423799,-0.142149153349785,0.0734036762384664,-0.818516985681393,0.0308872686748817,0.088834421593455,0.101149665753909,0.173553286968617,0.483135961002562,0.273740145897402,0.729898585407059,1,0.155419149454916,0.482804910200944,0.387061584450866,0.0326642417956574,-0.134363025128849,0.587626713548997,0.404066745073233,0.42455924949953,0.188640362810825,0.733038795164757,0.164399268431056,0.0060489770662827,0.594187635111397,0.505423628019727,0.191750653620483,0.552590621415457,0.658184976318422,0.0324828469899194,0.290039589046421,-0.172804080354009,-0.212075821289926,-0.208423805666714,0.484511090353164,0.240576432056999,0.707588230682064,-0.404531937210466,-0.135501612972765,-0.353971511151605,-0.277589054598438,-0.0606401834170099,-0.0111596606688377,0.0368066180891644,-0.1330248257112,0.237789668375713,-0.24214101785836,0.661085426654725,-0.294094740846213,0.120705048460223,-0.146839268840873,-0.0333890029888219,-0.201294704220938,0.000675523784809636,-0.371902481485574,-0.0853044166875991,-0.333395045722771,0.605669688066444,0.31816370098793,0.444264761674329,0.0993219630359993,0.0668748487992531,-0.0152276409205219,0.0703413076293108,0.252105551998321,-0.0895774222965087,-0.106276147541679,0.348719754043171,-0.35712786215223,0.175327709881037,-0.110768768751042,0.474178699722416,0.296438368395287,0.520144847736434,0.464482952821393,0.3058499389808,0.550160560012113,0.666499109465444,0.566056616985979,0.640638749149154,0.612210471954877,0.22734888474141,0.555222313448092,-0.117865745186117,0.0687312322420233,-0.199296888377444,-0.319845511637161,-0.65858114331129,-0.318035466375987,-0.314777007952465,-0.516027026273428,-0.278189820381165,0.228570575743958,-0.0773294372654776,0.160643262241693,-0.637930488913377,-0.391814221375003,-0.468281183798036,-0.612063774482647,0.0887653602464821,-0.206148718980747,-0.262536116095143,-0.334282180555126,-0.342498830307378,-0.375396589508232,-0.144749795008821,-0.155366491859528,-0.0704038727843472,0.0758842984369752,-0.015821909076129,-0.702458754640118
