"","Mean_2001","Mean_2002","Mean_2101","Mean_2102","Mean_2111","Mean_2112","Mean_2201","Mean_2202","Mean_2211","Mean_2212","Mean_2301","Mean_2302","Mean_2311","Mean_2312","Mean_2321","Mean_2322","Mean_2331","Mean_2332","Mean_2401","Mean_2402","Mean_2501","Mean_2502","Mean_2601","Mean_2602","Mean_2611","Mean_2612","Mean_2701","Mean_2702","Mean_3001","Mean_3002","Mean_4001","Mean_4002","Mean_4011","Mean_4012","Mean_4021","Mean_4022","Mean_4101","Mean_4102","Mean_4111","Mean_4112","Mean_4201","Mean_4202","Mean_5001","Mean_5002","Mean_5011","Mean_5012","Mean_5021","Mean_5022","Mean_5101","Mean_5102","Mean_5201","Mean_5202","Mean_5301","Mean_5302","Mean_5401","Mean_5402","Mean_6001","Mean_6002","Mean_6101","Mean_6102","Mean_6201","Mean_6202","Mean_6211","Mean_6212","Mean_6221","Mean_6222","Mean_6301","Mean_6302","Mean_6401","Mean_6402","Mean_7001","Mean_7002","Mean_7011","Mean_7012","Mean_7021","Mean_7022","Mean_7101","Mean_7102","Mean_8101","Mean_8102","Mean_8111","Mean_8112","Mean_8121","Mean_8122","Mean_8201","Mean_8202","Mean_8211","Mean_8212","Mean_8301","Mean_8302","Mean_9001","Mean_9002","Mean_9011","Mean_9012","Mean_9021","Mean_9022","Mean_9031","Mean_9032","Mean_9041","Mean_9042","Mean_9051","Mean_9052","Mean_9061","Mean_9062","Mean_9071","Mean_9072","Mean_9081","Mean_9082","Mean_9100","Mean_9110","Mean_9120","Mean_9130","Mean_9140","Mean_9150","Mean_9160","Mean_9170"
"Mean_2001",1,0.371013631298212,0.620114935925153,0.306825279871969,0.3340222717267,-0.125391585040436,0.526006702682164,0.0936477329457273,0.66269491895691,-0.0772366712155432,-0.120167709092797,0.467924109943972,-0.345378447030806,0.476197990210153,0.523747979160249,0.617266234303603,-0.110641321719663,0.30126490646885,0.750178833432508,0.562726780620213,0.67693772425106,0.331581022289493,0.146282373732365,0.00993997754919271,0.400195621472578,0.406205764496237,0.32677467451318,-0.228363935083171,-0.119513817448559,0.637028034571768,0.274612605642789,-0.169759598258405,0.0478087231885055,-0.150209423297182,0.403602102256563,0.140833603845565,-0.102930865842528,0.301231503897766,0.0159104565978276,0.171177769441071,0.40119980168663,0.557603410544785,-0.543738218645189,-0.520843491949766,-0.539263297934059,-0.40957448151028,-0.361108086025974,-0.450786556862764,-0.507828549272948,-0.426316387171439,-0.54517639762418,-0.473850395805573,0.0427651243794855,-0.127015621302791,-0.362432942094636,-0.207083798383363,0.111047350144996,0.140808501591152,-0.840934257883697,-0.476722875929008,0.292726545898541,-0.0770437167196551,-0.357932768389546,0.455686364579492,-0.265020048973264,-0.15925637715705,-0.165478993471524,0.467638471752908,0.168327709220247,0.195526815972013,0.338259759651135,0.426201963295475,0.404895299543941,0.371727762989979,-0.0426976413458122,0.0425127243862584,0.488257115683434,0.10571738503816,-0.224302658757065,0.0337390231138708,-0.275611000353437,-0.0493268188185089,0.103257298290811,0.772052643023704,-0.257401981671793,-0.401135151779975,-0.606674263686357,-0.51014649040397,-0.612863130303085,-0.0576702511248489,-0.344525649293065,-0.378464908659423,0.0739434509008841,0.512083611122856,-0.602643039495409,-0.265761563987059,-0.430908763607517,-0.125951407658783,-0.339775770152774,-0.207468044163204,0.334246540261481,0.307737535511968,0.285941586779133,0.500917799080497,-0.320283836734283,0.194673220673594,-0.328411873454361,0.436394724674627,-0.602872576772212,-0.153134210320802,-0.0395274842529681,-0.114260225655838,0.626283658598752,-0.194659970475258,0.272910389600171,-0.52783474056172
"Mean_2002",0.371013631298212,1,0.414107438514435,0.179075164662891,0.294143048097465,-0.46482887213706,0.201429005535523,-0.265677291026845,0.594960936046059,-0.529947028712716,0.484972272341474,0.128990486315936,0.213081512569724,-0.167103681403415,0.217584242766014,0.182721968510372,0.717266999577521,0.858070145207382,0.747153880305327,0.66241280445824,0.382960231509154,0.443877405977384,-0.604785360560989,-0.410970137143336,0.0635822220370175,0.0338745943773099,0.0192093884178708,-0.270953421861102,0.461689341214984,0.732705262783389,0.468841971800899,0.269843462128985,0.31224879368317,0.0242688122206203,0.0984697004645366,-0.0149356271009464,0.247607728238144,0.523152062522782,0.0108268582259486,0.18423791639104,-0.0866430360374265,0.675940046159378,-0.198413654037125,-0.264597113985681,0.165144632458964,-0.287942846008573,-0.120537570227173,-0.210153699300728,-0.312211556384775,-0.537374927419498,-0.415018725437055,-0.514842436242083,-0.0947622897533718,-0.342639756523476,-0.00309703941543638,-0.0738962100218416,0.766693638668411,0.785840207377224,-0.216302656608462,-0.591169841770828,0.0746313129546841,-0.535339947112195,0.0823617595660934,-0.211255811487613,-0.674132120680205,-0.38593157752113,0.515394309475598,0.346432290227515,0.72780119720906,0.612706860694809,0.0189634892440762,0.323780361731992,0.115769033771672,0.678355004758705,-0.328985742150855,0.42861314258432,-0.384219678337751,0.296628125055428,0.474076193313829,0.77618698917901,0.496541171641677,0.401856441216891,0.0200820234271779,0.432848650347175,0.231028693359291,-0.136501876627935,-0.548211656884374,-0.795916568127813,0.31267020077164,-0.375618203470145,-0.116579229142668,-0.436256077548268,0.342512405909041,0.300343640331022,-0.324575018947074,0.25581074312274,0.585408303076178,0.708868011297022,-0.134543016149756,-0.202554320851051,0.6530071239908,0.636811986123817,0.441722188525006,0.623415634467118,-0.644485679809788,0.398574914173019,-0.115197777932775,-0.155480980005267,-0.615194186527046,0.652891104395158,0.703068729825051,0.544112596719941,0.262410941297936,-0.0230736878169606,-0.349349684496527,-0.227884319077138
"Mean_2101",0.620114935925153,0.414107438514435,1,0.833272190895892,0.784916630816539,-0.0648665599813476,0.940434212414095,0.466936603405844,0.93054361030043,0.0357942786614723,-0.330901916257428,0.834305621069107,-0.426026751457664,0.457338496725077,0.256224833095736,0.550294729104098,-0.0427682458729524,0.568960826094569,0.68078485247034,0.819926373046725,0.827531818858171,0.779599528736127,0.0318015718790227,0.405532460754515,0.785730556155772,0.791799325458935,0.555811474725963,-0.0233884355603316,0.121597640765232,0.794342750162418,0.806399304619178,0.597776978177317,0.421572927872601,0.328188510963885,0.179784871282643,0.255514546583541,0.273076264165729,0.469215323495924,0.478974032966727,0.647343642018862,-0.157385668152988,0.225996598055077,-0.907005711943668,-0.930131616133771,-0.712365761474457,-0.908490772550279,-0.836746577286674,-0.907220033092997,-0.949522219724539,-0.883398361778366,-0.979023995726614,-0.914332533873999,-0.670543216852561,-0.400466908276768,-0.703372417347962,-0.715455242316142,0.0640765066817424,0.257345465681235,-0.810918191022812,-0.352524955089295,0.290272914453341,-0.0196836096523153,-0.523169064803968,0.5287745177019,-0.425421216826195,0.237317838966618,-0.188075668284094,0.00461970314646395,0.200697778259088,0.0917179878053804,0.731590997287028,0.888389108895386,0.364266591466266,0.792848932882657,0.416613923013377,0.374247779777329,0.377690220396442,0.700481142197123,0.154677346334743,0.474648301962112,-0.146704647211062,-0.00853767405018146,-0.00851210008910089,0.63652753640226,-0.45844083148116,-0.315888734775112,-0.46780147419557,-0.535079994944531,-0.432542760622106,-0.350153872253186,-0.800632685408829,-0.857773885141936,0.467245159547438,0.772498689473255,-0.0120885548212718,0.208844751336953,-0.219468544742612,-0.280824237500727,-0.855951051389738,-0.789803601727173,0.431663441243728,0.867841197062482,0.693031520411065,0.619072625582349,-0.218621618118053,0.452924135508127,-0.452676546470121,0.728747741964137,-0.628400444246159,0.0619127806831129,0.343503178675322,-0.454921600307064,-0.0323761810644144,-0.747737855163184,-0.354193092578972,-0.625635181585536
"Mean_2102",0.306825279871969,0.179075164662891,0.833272190895892,1,0.937509078101652,0.327850822145598,0.913999081429585,0.787586738420019,0.795923901551944,0.339468871840763,-0.693549555909871,0.70948818188821,-0.741210335994474,0.124336579048095,-0.0604194884623038,0.139467475517862,-0.361765271874294,0.211353495319613,0.23664665223924,0.57538007184428,0.86029397489348,0.934609443577674,0.190199228450537,0.608529058480239,0.925864947620138,0.928881947450188,0.82134028566874,0.420822933414198,-0.162406530150066,0.599741481481166,0.77579189576368,0.809621153419386,0.209341349522003,0.405767901566136,0.100013794496538,0.433318195908108,0.0316615821170124,0.00838215046175716,0.555850885684706,0.41259417724703,-0.581441531455177,-0.0934224637399466,-0.904032402725409,-0.885128962685816,-0.64838201121619,-0.911698312066149,-0.899847426940354,-0.950672485158404,-0.864977644035953,-0.791028181016049,-0.862869693586872,-0.894766428546528,-0.75847360892064,-0.727788359133939,-0.77523583927991,-0.934510708766204,-0.333498696769105,-0.0400636309851537,-0.494266121965278,0.111153889913883,0.45142866066513,0.311343001335957,-0.808052818458944,0.248772740047807,-0.168811275094409,0.645845107381279,-0.100497305433698,-0.263800480733236,0.000369777172131536,-0.196512640511408,0.830351565048046,0.970356912117663,0.0634865886274201,0.649640005147878,0.588323745604044,0.0676692747828981,0.236555818600814,0.623982269882275,-0.121684736294276,0.264792802227154,-0.439099763002587,-0.398715794532696,-0.355116067555891,0.189781635498038,-0.758310148836812,-0.542391548082023,-0.0848141815559167,-0.178791328683753,-0.452593053856098,-0.618682089105891,-0.959325570989133,-0.951229614621573,0.354301695985995,0.403242811198259,0.242838946850497,0.414216078928527,-0.260119113509994,-0.480091727704579,-0.890897668465803,-0.93513637249654,0.0382716223272234,0.747459590696658,0.630419086422365,0.281741182582573,0.0918520110334615,0.613946628088153,-0.73674348348992,0.721649837526351,-0.416818439083595,0.0795681391284567,0.14092043694018,-0.710202347825527,-0.413678932179429,-0.716720387059848,-0.225964516744297,-0.489918018466055
"Mean_2111",0.3340222717267,0.294143048097465,0.784916630816539,0.937509078101652,1,0.137160880350007,0.78181152893927,0.598104789563711,0.828650326673488,0.090599887748639,-0.617211817996164,0.494643099907077,-0.71980976673126,-0.0592225492592199,-0.0123840468160414,0.166688521729153,-0.242171671839125,0.275390886436269,0.27475081826386,0.639562415821778,0.855513501145049,0.9016591077759,0.101488048351781,0.61776991610504,0.923100600691878,0.864287595473379,0.730285038612563,0.28126558492148,-0.0955205634705955,0.527436562485715,0.852083789339525,0.731583422358859,0.345263691395331,0.45579438776739,0.321690460026964,0.610676853105875,0.0464938846460293,0.115674694783327,0.560430001310477,0.387152058359423,-0.548887551328988,0.0685915700382702,-0.892396988358511,-0.899208856114287,-0.594052096619586,-0.891790375868341,-0.911058237147916,-0.932048364384342,-0.850376463106437,-0.851178386437617,-0.847111838003723,-0.924196809211328,-0.736911553199792,-0.773353851497842,-0.785283833142551,-0.948264290669533,-0.185203026032011,0.116619422110448,-0.446701614939508,-0.0444910349310662,0.261444156261872,0.0825519754856939,-0.71507673739261,0.111222055857044,-0.283084865370504,0.490374592672885,0.193015681304291,0.0339085883406087,0.227902359074711,0.0872915810737237,0.794239917226128,0.950223365885846,0.0636154530600794,0.666202059090133,0.609824402798655,0.0848831315738755,0.290633410522969,0.701639562576832,-0.0612145140501516,0.348890296401163,-0.324201555818236,-0.238051963846539,-0.390859684823915,0.0930553563336031,-0.597283588418798,-0.442915885668729,-0.196018087873914,-0.282576822753652,-0.377418836334574,-0.526976780252773,-0.883746409341979,-0.94634937784827,0.529554020789598,0.329658249846396,0.163174125113085,0.388958586530363,-0.172888270547135,-0.35215774090975,-0.897455908047009,-0.929926558453483,0.129480272923074,0.723028792745255,0.597506506081415,0.413272350863521,-0.100819534608955,0.551014110957493,-0.820597325097524,0.651054710363037,-0.301393411878493,0.335576643914402,0.292137095308703,-0.574295747129641,-0.209807654250505,-0.639161931090907,-0.21803756180914,-0.454431680846192
"Mean_2112",-0.125391585040436,-0.46482887213706,-0.0648665599813476,0.327850822145598,0.137160880350007,1,0.23476550746907,0.825018141761647,-0.182366365490491,0.960348191638912,-0.722625361470824,0.126500155379324,-0.649739300193904,-0.191008401881227,-0.0702599621197764,-0.631915868611272,-0.772514613042126,-0.672870623883809,-0.561069618707045,-0.519859466999559,0.163889196409672,0.270065892267873,0.715483538897935,0.354593782132436,0.348475617551671,0.472190652952293,0.729570955010618,0.945024189815616,-0.8561429311202,-0.00698030952675554,-0.111987548263853,0.28784239503607,-0.789265858098514,-0.404371799142187,-0.028310325743955,0.262842446227105,-0.326206374650553,-0.819708246370438,0.275817671403816,-0.272848636158334,-0.480140510603585,-0.711572574592446,-0.0193710982282559,0.0711043356489626,0.012883955178124,0.0512783081744267,0.00394840142403605,-0.0784363640694953,0.124303511366956,0.311026794978435,0.100129356862987,0.0916326354057027,-0.135260135131279,-0.366753403964989,0.047502350660499,-0.186258605849954,-0.851677106776697,-0.864611787479093,0.142151568333201,0.893913546299702,0.543279209750082,0.965381646577163,-0.72164243216253,-0.229445313174464,0.790391057783624,0.887036293993406,-0.359822795432699,-0.548919193646345,-0.818274063747778,-0.898165228377772,0.0334981236797119,0.125734631743791,-0.63045648885616,-0.396515242175951,-0.0417892877295211,-0.783913306913076,0.0222808983251478,-0.448466456860843,-0.727987955329542,-0.486302413913037,-0.824865810667578,-0.943235386479402,-0.171499187021003,-0.199917937197506,-0.711282625774521,-0.661214356955279,0.749796251976985,0.747149587029261,-0.265457680458213,-0.534474712516934,-0.293841578143775,-0.104613856184061,-0.62246434334589,-0.334754185337267,0.0182642449848459,0.441265039824558,-0.261805688606522,-0.488846243758254,0.0445497731793455,-0.0633947357681322,-0.871875972173298,-0.223084705427147,-0.314992094193248,-0.779271719707884,0.426916816061167,0.198567241473097,-0.475496823835634,0.134557539686984,-0.144578749857586,-0.592304580565192,-0.754017922398437,-0.537481704020281,-0.54159239859646,0.0871545204945154,0.238324160765699,-0.240178368082404
"Mean_2201",0.526006702682164,0.201429005535523,0.940434212414095,0.913999081429585,0.78181152893927,0.23476550746907,1,0.714653192043566,0.839646886579965,0.337894044587268,-0.554749131498788,0.911160991086156,-0.602565107949125,0.466027672061389,0.100212108408826,0.383534523090109,-0.308798376067466,0.322064642865569,0.465777732424443,0.651209685879473,0.853698125547175,0.832437853814653,0.190660845401808,0.469706314659477,0.832687142773586,0.879247106540487,0.722737293488056,0.242738424282659,-0.0899317500306285,0.73522639952277,0.686034239430763,0.655732430172455,0.205841602650825,0.300997321445877,0.0273707885992994,0.21408882606517,0.0913256620566207,0.17192166858799,0.455546437834546,0.509423045028402,-0.305464185011932,0.0146174559197823,-0.907658753292774,-0.885125805380093,-0.74385454018329,-0.894743885153868,-0.84139368630496,-0.919182200393497,-0.900460267821631,-0.768191713512568,-0.910492463370727,-0.855913430210337,-0.652980113096138,-0.490940459221991,-0.735584051732225,-0.777949844487372,-0.234772303867423,-0.00675585835987709,-0.729991084389553,-0.0517570599759541,0.507162475497325,0.289605649639203,-0.71909019375016,0.525062055288061,-0.21891672284777,0.49207094970211,-0.363092008242447,-0.259633538758303,-0.0510805312775837,-0.220748845895117,0.795562986065504,0.911677703599149,0.260640407551996,0.681817175879073,0.462048387903993,0.189788938266474,0.332277371840397,0.573403872769913,-0.0765990251439831,0.248472186549664,-0.399752415923587,-0.308991820365752,-0.146810788204714,0.521467496480243,-0.70976458455941,-0.504967724047754,-0.258560967849268,-0.305750300738945,-0.562560311914257,-0.493964871111822,-0.905073958087612,-0.867126082071772,0.258382251241757,0.638579885985384,0.093804337630992,0.243825822751967,-0.368089549378247,-0.488672077782415,-0.842920009866442,-0.821033068263982,0.186627783232057,0.768896515143424,0.661283153518213,0.377322143887463,0.0605154266088102,0.552994337399297,-0.522351237363745,0.769598182297258,-0.593763225962147,-0.144246092808781,0.0897691095507728,-0.66456636755979,-0.256098240487945,-0.744098080645129,-0.213614534293744,-0.575180526093082
"Mean_2202",0.0936477329457273,-0.265677291026845,0.466936603405844,0.787586738420019,0.598104789563711,0.825018141761647,0.714653192043566,1,0.329112014427207,0.841142804886054,-0.871251211170387,0.56417036036585,-0.816922059579714,0.0655940859039959,-0.0731845538112578,-0.256099539258623,-0.729292708844965,-0.31555991429222,-0.217961156598926,0.000503498685016158,0.575708858260675,0.676328061429318,0.597135462141981,0.610792558395618,0.755156620230732,0.84484638151379,0.9148956593441,0.814060210891855,-0.615623928057646,0.326068456957849,0.362814103660962,0.645693457177002,-0.354759428511647,0.00170042830803634,-0.0101961752579535,0.360609261837212,-0.149950725710193,-0.485261934909381,0.507619521611093,0.129478631662989,-0.58929124444964,-0.553227524921725,-0.553155617370386,-0.484134093552651,-0.431776040706181,-0.51283760323266,-0.534843060407454,-0.613347476565341,-0.447918911593867,-0.254384184077122,-0.454151657829972,-0.443263248568214,-0.54929826979349,-0.571704651584256,-0.439745925411419,-0.652300232623165,-0.764769264469899,-0.607152392572978,-0.246932373205105,0.627975546081872,0.595620741621851,0.816233643725209,-0.906711738601656,0.110589788113186,0.419644081250345,0.945153368183394,-0.405538369760023,-0.564123682865718,-0.581122894930695,-0.738822989783136,0.528148156319424,0.635106204113948,-0.303714757892632,0.116022609290467,0.359943729398696,-0.414933494983375,0.203017179674384,0.095923183131319,-0.509875660881121,-0.180601322105608,-0.781908919217335,-0.816017295999897,-0.262137578019891,0.028351652481579,-0.899478542268358,-0.684116019360328,0.428394104076392,0.391614783369292,-0.46786386591016,-0.635949946716935,-0.748847311941044,-0.594361393303898,-0.190459977118897,0.0941189128210754,0.197856651047505,0.474088443798827,-0.380250313761574,-0.658876429596546,-0.51167586426995,-0.582748853335377,-0.523104890926564,0.295016982911323,0.176817964847651,-0.331501021117942,0.377802893385696,0.43799508726783,-0.661281963054845,0.565018331774526,-0.326014915548275,-0.419880930130763,-0.421871448559183,-0.811912813443008,-0.614370300159146,-0.426404087628851,-0.00207640687843293,-0.447366270017656
"Mean_2211",0.66269491895691,0.594960936046059,0.93054361030043,0.795923901551944,0.828650326673488,-0.182366365490491,0.839646886579965,0.329112014427207,1,-0.151284169243047,-0.251937831691356,0.701042481700744,-0.440761390205303,0.283028082294567,0.115677591285385,0.523833595824147,0.0547979171516826,0.624294826184652,0.731508519803528,0.906603549779892,0.911796824775785,0.837726190353765,-0.185620809988994,0.225992733742597,0.716110917937549,0.685854916033119,0.504798262887196,-0.0845679846740488,0.189119470083822,0.812950076162467,0.764362658238298,0.518688470659417,0.463077824595876,0.414403363749294,0.181829527968313,0.251549673951322,0.0690878439565288,0.424745278498105,0.277480153042773,0.429150358909203,-0.217796692573902,0.487225245797755,-0.896014475013025,-0.902858125897882,-0.629304532864784,-0.897245384318481,-0.830661744543363,-0.883808071656207,-0.913498158815435,-0.935065491507789,-0.929089060729903,-0.965136562424542,-0.500681472981813,-0.578108709204074,-0.746506873561561,-0.742438749857832,0.184006458564859,0.443747703169454,-0.705160215438509,-0.432248925893236,0.356086837807145,-0.165470880508987,-0.508115495647637,0.364596788678731,-0.60913454583555,0.0907242701680835,0.0847440013608968,0.162171742404196,0.463823693251199,0.303852477747114,0.755361085751255,0.906942160299798,0.410761877518108,0.891376521335844,0.369372037307959,0.393148559724517,0.220438781829461,0.708656322161356,0.118199385258001,0.47923562306499,-0.0902848393768412,0.0221984203902388,-0.246325293659686,0.521433089623127,-0.432591675526366,-0.408982952304253,-0.627405249821286,-0.703294298516328,-0.432273465654811,-0.44159679267761,-0.799820121036584,-0.908884618370914,0.506913169846983,0.594554638830457,-0.076268440427747,0.128521563567804,-0.157158181228162,-0.132677856090794,-0.821440559712609,-0.810606088336089,0.54399891212468,0.850749153474662,0.790836723772049,0.729973177890796,-0.242709900102241,0.617862611774411,-0.530062341461519,0.5797614119425,-0.571774741183557,0.321890375582891,0.440935977315753,-0.310818942440452,0.098298208580682,-0.608822009243952,-0.187543066887962,-0.451156055286251
"Mean_2212",-0.0772366712155432,-0.529947028712716,0.0357942786614723,0.339468871840763,0.090599887748639,0.960348191638912,0.337894044587268,0.841142804886054,-0.151284169243047,1,-0.704867273564159,0.302820897376951,-0.587836186269352,0.0421538018473461,-0.0504687889156061,-0.487056096823956,-0.78323463828048,-0.624645464241791,-0.487659871057655,-0.476932033316225,0.151174276848358,0.235989435599513,0.728823671832687,0.35948288594988,0.342066697033146,0.49429196179805,0.681074928594225,0.864206433580519,-0.798513597079822,0.0302884657955761,-0.124767258434786,0.280955042084768,-0.732352902770113,-0.36933815308105,-0.109369498895074,0.151151286490944,-0.26195857675951,-0.714436028229311,0.267040018707352,-0.157767848580476,-0.392217623483271,-0.731554047553181,-0.0710720100470557,0.02014179017915,-0.0935689552227639,0.000620102970309767,-0.0415037419219759,-0.119773134857861,0.0504601719536876,0.286637342388827,0.0334666560247323,0.08158027384728,-0.171752832612093,-0.23087279938075,-0.00589496606925877,-0.171672592375121,-0.849394203222215,-0.870917388135126,0.0215084016306225,0.848509668453536,0.569535238087251,0.988512831704996,-0.688816041022492,-0.0162809083084918,0.767882002319092,0.867169228465204,-0.552409032836994,-0.623285042700667,-0.880018949369799,-0.948895150014073,0.085647368190389,0.138277876054606,-0.504332068012357,-0.351374897123462,-0.00946036261616591,-0.673792371778723,0.116805447073809,-0.37791682347888,-0.677199270163613,-0.495271637199528,-0.813104528557502,-0.893573970079434,-0.0775926495132841,-0.0577684466677447,-0.726345714020343,-0.601346539433018,0.673797267192223,0.710408363387377,-0.346918536147233,-0.461544074794108,-0.331018647124889,-0.0939393471169423,-0.641148548516075,-0.175590425754114,0.0424447599507556,0.376610112367769,-0.353579170854615,-0.590719548318757,-0.00860495843333959,-0.0788568297722978,-0.794051987317722,-0.176720375605257,-0.253890412757546,-0.733989463605782,0.473518179246238,0.181435086435231,-0.342115689576412,0.211165885920019,-0.179077715747118,-0.736942517952255,-0.77650069673306,-0.609505094103379,-0.545388807017842,-0.00795538544212072,0.174354833992492,-0.263290473208161
"Mean_2301",-0.120167709092797,0.484972272341474,-0.330901916257428,-0.693549555909871,-0.617211817996164,-0.722625361470824,-0.554749131498788,-0.871251211170387,-0.251937831691356,-0.704867273564159,1,-0.343733329661035,0.938819877682169,-0.00611240562009105,0.135681386855667,0.165545364909396,0.901352147357605,0.543333185406655,0.36581522048956,0.068817079298685,-0.543772127983226,-0.52048248916726,-0.680702489944518,-0.752678614686692,-0.767197525791028,-0.787144306541139,-0.811233306028176,-0.683556502145226,0.693699530222921,-0.0166747937064622,-0.272149337722088,-0.39495026049486,0.257958097959942,-0.133488971218039,-0.211532842895897,-0.55038270931784,0.33770682013843,0.537349277036252,-0.416825416749966,0.00953282502193118,0.475069746389539,0.480516372422115,0.572170404386595,0.490080070946619,0.551197793370757,0.465786474661872,0.59741522687842,0.597091109414662,0.401241845912692,0.203801885272669,0.347756164807365,0.364536293445362,0.433004878010046,0.54180843961936,0.584529591517309,0.7129358931747,0.882531154507943,0.669500960455545,0.20760045374424,-0.595687257203556,-0.425916948901756,-0.718625869140985,0.879654022778253,-0.131310912643732,-0.439695317397673,-0.854077970142287,0.264863241902554,0.282681260403136,0.510499753029243,0.57682275601423,-0.599511917154031,-0.568522443864234,0.207250374150942,0.0312410899085105,-0.56999031051286,0.511837182832204,-0.472712166119878,-0.135610851703548,0.676263686371985,0.429982436920591,0.884457744993923,0.785945970172833,0.408823096573161,0.193688762650179,0.867948403507593,0.581013434111494,-0.351307917539593,-0.461290228437471,0.656041277809978,0.387437515240798,0.703148035513924,0.492896895150205,0.0888432645964045,0.0758947914542404,-0.186468391542523,-0.220182877678834,0.629438168447987,0.844723187136792,0.548834190801631,0.571259313665827,0.574380749528012,-0.0507892204001544,-0.0823225735028016,0.304649321297478,-0.436506564124663,-0.300433504982258,0.7530027417922,-0.602013174827816,-0.0376168621163045,0.354267569867423,0.517265079095551,0.910958129767493,0.377384671053578,0.360973809327548,-0.256533696499944,0.289036098830448
"Mean_2302",0.467924109943972,0.128990486315936,0.834305621069107,0.70948818188821,0.494643099907077,0.126500155379324,0.911160991086156,0.56417036036585,0.701042481700744,0.302820897376951,-0.343733329661035,1,-0.341096515020992,0.720394400814521,-0.0125845808433578,0.507765156842707,-0.210987026990935,0.349653165974456,0.502667154301183,0.610012101847477,0.67421993835973,0.625453745918457,0.03262928641484,0.220754682807724,0.55067307615069,0.631251580434402,0.466295547938767,0.0674862329288405,0.0953815710903557,0.679978613056838,0.430031828129403,0.482464937718511,0.224746582426131,0.333836195093188,-0.294247673004039,-0.184153927029259,0.0583975856081982,0.215537503478813,0.189196495973311,0.461859824465166,-0.11705294403568,0.0731052649843356,-0.759167953175683,-0.718504365412658,-0.715177249000636,-0.767713104197086,-0.67865418956017,-0.746589473322023,-0.785067667773216,-0.630175560636818,-0.772081585621178,-0.676306990557841,-0.442361636872182,-0.233087424212789,-0.642178171035211,-0.561076903328014,-0.149829856833505,0.0518995240567207,-0.70826248625923,-0.113968260476602,0.549211958463664,0.246484624696845,-0.497510133388113,0.716823545676557,-0.294495349697913,0.302335311860533,-0.587638487796835,-0.424737226026647,-0.0738132716994324,-0.272954011782006,0.720680183658955,0.726705171907614,0.467798442773529,0.658385474955287,0.373800383726763,0.370851060934313,0.200020656311766,0.488568440609834,0.0239508162993759,0.163286652090044,-0.260420018155153,-0.197302881145364,-0.0866031859035538,0.606727147783102,-0.60587276631742,-0.372819433804838,-0.348058895016322,-0.362749948199402,-0.555904467471179,-0.349581525345626,-0.760096032199747,-0.671075946184494,0.139512519187515,0.687483704337039,0.160909309206383,0.00557456960314718,-0.410782588078729,-0.456525511604637,-0.687367282413495,-0.65381558794237,0.314737569379871,0.685682389700205,0.707592454688381,0.385566469897643,0.235580783201717,0.508582639051303,-0.159827971832558,0.673980743265091,-0.557625047643385,-0.289647518275003,0.0625402724161417,-0.575416100022399,-0.269307375415575,-0.713284550648671,-0.157321480250516,-0.37905813402191
"Mean_2311",-0.345378447030806,0.213081512569724,-0.426026751457664,-0.741210335994474,-0.71980976673126,-0.649739300193904,-0.602565107949125,-0.816922059579714,-0.440761390205303,-0.587836186269352,0.938819877682169,-0.341096515020992,1,0.0740479101678254,0.0584216539890493,0.124700730529283,0.805125924616319,0.394624028804428,0.158988109268752,-0.0937545704099233,-0.734212213895658,-0.662263882947834,-0.574360693841408,-0.617205150489768,-0.812220435633488,-0.821043156864935,-0.884866684100499,-0.649344638360594,0.692941070532013,-0.229033181120968,-0.34506836158741,-0.369187114095595,0.270187666215659,-0.0758842688028617,-0.324524749427219,-0.607248014283058,0.428171910585784,0.493068156001527,-0.348214831436366,0.0943821631722403,0.476055185684227,0.218708481940263,0.645413711517693,0.559047349891206,0.526693001796947,0.522372654608985,0.628174276802227,0.656547343118861,0.463448262945244,0.321036121970453,0.434529567458892,0.504077043684422,0.350117525879183,0.712878150189941,0.613320256045657,0.744670684314425,0.739013383714411,0.509723516876656,0.293233678295641,-0.459785065833798,-0.533928614536603,-0.621740302206714,0.952970967437206,-0.036927657847666,-0.290890537821918,-0.752308836737408,0.0820265511756179,0.0865343266239596,0.313227637602696,0.405986805412705,-0.618560676933747,-0.667003749094448,0.188814935349917,-0.114549896359435,-0.441730840949621,0.520819392527643,-0.419145517586432,-0.132160862739796,0.716139744724663,0.33768796268951,0.878947028628691,0.780787012197645,0.486680277116601,0.0742276067787248,0.882204465230781,0.752910713090309,-0.166168097341755,-0.249217320684306,0.696312958338132,0.529187264170052,0.756115381203349,0.619322477964251,0.0750882000567677,0.0802908770364356,0.0337472092643731,-0.227321969082903,0.568817520142064,0.688398426866772,0.561573940862156,0.606999437456299,0.451743590513899,-0.142738118353002,-0.169212850603368,0.157651463105575,-0.266879736977234,-0.457533045923787,0.893390758581373,-0.548607266698132,0.13931906683968,0.197205503063442,0.436088430319973,0.777759523652051,0.186920231162743,0.276196462595734,-0.34167157508401,0.35247040827175
"Mean_2312",0.476197990210153,-0.167103681403415,0.457338496725077,0.124336579048095,-0.0592225492592199,-0.191008401881227,0.466027672061389,0.0655940859039959,0.283028082294567,0.0421538018473461,-0.00611240562009105,0.720394400814521,0.0740479101678254,1,0.145153161049386,0.785753588079392,-0.122361864131223,0.186367116538034,0.48120552233145,0.382477073611228,0.202987399326957,-0.0488348859528827,0.0423122957678426,0.0334762196155763,0.0743799798539904,0.126630764903979,-0.0974139971635371,-0.418751187008016,0.255063471475223,0.243338348580121,-0.019848929452501,-0.163079733496354,0.284839166113755,0.212268204940189,-0.290626602666385,-0.473062894286154,0.0963815767131102,0.371029431115198,-0.116422532105445,0.412527922639322,0.542356729452681,0.162976456976964,-0.387051095169382,-0.358688770219601,-0.67910332551366,-0.347227728637718,-0.287508520186234,-0.300761036885093,-0.436757025831144,-0.237000009217,-0.383655172973066,-0.16936574009022,-0.0158850419697621,0.43293780347463,-0.361074243526902,-0.0545813857937752,-0.0147109808492205,0.0329667244435589,-0.716293264517839,-0.366149303656455,0.146516342210479,-0.0164067424358793,0.0257667402379715,0.963333570195233,-0.237076247363846,-0.173600947975531,-0.791116695583124,-0.192670983217157,-0.125635952185777,-0.144240704133965,0.39423785632195,0.186018422454858,0.74619013321961,0.265366489728684,0.267153246045812,0.464957740148329,0.397257724426827,0.225360404090595,0.106862421261456,-0.114173056204061,-0.0456235834174523,0.140808701366008,0.247762836571654,0.651025403111426,-0.154444737316057,0.11730476846661,-0.445278305492029,-0.297316496142903,-0.535419779471153,0.34085839643166,-0.222487229679975,-0.0701630333459291,0.0880690795612642,0.702589066962689,0.0769028340684712,-0.546797629027319,-0.589699746594806,-0.420560854295218,-0.319500504858915,-0.136660848032619,0.395143694659895,0.230751830495465,0.391091118526523,0.38479090082781,0.260288507917617,-0.052282785708113,0.359193736285008,0.549005434413058,-0.237166364666779,-0.518870134471021,-0.0584154925608341,-0.346276558693383,0.133203191386974,-0.522369388101263,0.0632134068432895,-0.166070086750459
"Mean_2321",0.523747979160249,0.217584242766014,0.256224833095736,-0.0604194884623038,-0.0123840468160414,-0.0702599621197764,0.100212108408826,-0.0731845538112578,0.115677591285385,-0.0504687889156061,0.135681386855667,-0.0125845808433578,0.0584216539890493,0.145153161049386,1,0.252718730170158,0.140795375064329,0.234357696713565,0.433508803693894,0.0897711184475493,0.0297460428092316,-0.107621627860306,0.454827619878543,0.222093110912203,0.207030512935787,0.207153210935537,0.132760397696682,-0.159946603750486,-0.159089974213714,0.320967791983167,0.321399266618598,-0.116852716287036,-0.0943160120040885,-0.619467520950445,0.682105699364515,0.357119182754973,0.595139907145967,0.439174097911765,0.5267129258679,0.507246088366531,0.529136818639006,-0.00895261005676016,-0.0171034937266728,-0.116065376193381,-0.0515826538295264,0.0554267721396345,0.130011228828505,0.00300144555585618,-0.084237251320038,-0.0161540890847443,-0.222437055506789,-0.0135368228026497,-0.193828629475757,0.326317398441255,0.317578605411556,0.250737162757932,0.225602238201817,-0.0757527175802927,-0.553577838425965,-0.379303249306172,-0.391373538500734,-0.133021938400839,0.0439100881709502,0.106566846218487,0.208696687062458,-0.106789771443861,-0.122573875676996,0.477901244320731,-0.173306440055967,0.0908008632785135,-0.326026457894377,-0.0649579521868021,-0.151127651167175,-0.15403970387516,-0.305343163175808,-0.146734337324894,0.502530273551176,-0.187294608385039,0.134794654932084,0.310592772328305,0.04429788263043,0.203140642904872,0.823196424573186,0.673531640631054,0.295043823298276,0.137224549187477,0.00308373198621705,-0.0338890893201429,0.109242093135071,0.280081453069641,0.237833079992692,0.0908054707515465,0.0875731280915933,0.524312656447151,-0.618897048916527,0.154280602506963,0.09990214097465,0.218917670654779,0.059992211400952,0.263565146293728,-0.00939350472782524,0.106381598100332,-0.395927168450638,0.115778261743608,-0.740900486703731,-0.540736057010008,-0.107285492996684,0.238475701669327,-0.554054089390847,-0.243040206637119,0.0293938655080482,0.203852875342646,0.467848233523361,-0.0489715546530907,-0.28410466481527,-0.822613269212605
"Mean_2322",0.617266234303603,0.182721968510372,0.550294729104098,0.139467475517862,0.166688521729153,-0.631915868611272,0.383534523090109,-0.256099539258623,0.523833595824147,-0.487056096823956,0.165545364909396,0.507765156842707,0.124700730529283,0.785753588079392,0.252718730170158,1,0.190489417005197,0.498612385375549,0.731647183426314,0.717719894031371,0.329501036154175,0.0289851361273809,-0.224217832184096,0.0555849779916372,0.158800637991032,0.0873338673153997,-0.231686964294755,-0.757218035072185,0.535036938614568,0.300324900368473,0.267867644664139,-0.189158473259557,0.686696548890746,0.428270033270033,0.0386137909368178,-0.225780284949635,0.210273778355057,0.71220439434461,-0.0722055808770057,0.508871296375392,0.609687425051499,0.569473024854198,-0.525086463633893,-0.551319549248319,-0.709048209218008,-0.494396503825536,-0.445881785750966,-0.422661054370805,-0.596978386766017,-0.543396772700642,-0.544780121490571,-0.399875354919958,-0.0742336354854211,0.29500186296826,-0.5015441551714,-0.189119044587523,0.353594265388898,0.46477685192143,-0.782385499143236,-0.8004417106006,-0.167135865059081,-0.530619618641165,0.177347188945504,0.845719479968466,-0.629332429599642,-0.500292951472267,-0.294286705712238,0.308529295283154,0.400838531810697,0.435582921531249,0.471136465812566,0.305747097394595,0.900896041069362,0.510440927657705,0.394586611265492,0.678625648942276,0.469780705887273,0.514920679156019,0.359246995254318,0.197580367257643,0.245213921071252,0.517530758598384,0.181723289233103,0.627912827792357,0.112373603039605,0.295308924448947,-0.791256475463142,-0.670327020155836,-0.429026407694897,0.464210973770801,-0.205201946811284,-0.222432792136308,0.55428050986294,0.755348153430219,-0.0389266971295392,-0.623032345465468,-0.429537299249541,-0.154030074014165,-0.483897449677005,-0.271866393800457,0.738376560851593,0.402825011391261,0.53105233177152,0.817404603223343,-0.118615046386625,-0.0854457281645311,0.192427919489754,0.55728401044176,-0.174477456885469,0.0189411996150396,0.380175083371903,-0.127014796839952,0.465377185405517,-0.568992559538032,-0.00667656357335461,-0.184731370028798
"Mean_2331",-0.110641321719663,0.717266999577521,-0.0427682458729524,-0.361765271874294,-0.242171671839125,-0.772514613042126,-0.308798376067466,-0.729292708844965,0.0547979171516826,-0.78323463828048,0.901352147357605,-0.210987026990935,0.805125924616319,-0.122361864131223,0.140795375064329,0.190489417005197,1,0.793598446671553,0.495884682072004,0.351365647899609,-0.296827358691248,-0.174821732882013,-0.764058064991666,-0.551309554303525,-0.461224297089842,-0.516697982846229,-0.610377761191761,-0.62607662912755,0.802292986922257,0.208634282867152,0.138578130094269,-0.0169969810733743,0.487111640360533,0.0706728111925955,-0.109792183012322,-0.327941239156327,0.516612524967998,0.698342895720287,-0.139190100038011,0.247059771914269,0.214902021020177,0.509713387605877,0.28839595064835,0.171842542981657,0.440034671886637,0.135462994928481,0.28734976402375,0.276911412343314,0.0896552483578965,-0.162178212590874,0.0182654582629632,-0.00177954111796957,0.0711888597392178,0.257005681565985,0.36368782634984,0.384277574727578,0.967949517125643,0.849257281824599,0.115489156197147,-0.68325221090392,-0.443763165652329,-0.814649802452747,0.727147777003165,-0.179926465637869,-0.629082247220581,-0.726845345042261,0.450821952637511,0.293057175973009,0.699493597182331,0.710654896331894,-0.369368356137061,-0.228645319363233,0.187305734292113,0.346162420463522,-0.371204636423023,0.652405644399687,-0.478814896260092,0.199130902017008,0.851764329592841,0.758619345278115,0.951005713228528,0.841608032572755,0.325693063204036,0.208637346307227,0.782119004005845,0.531451729466114,-0.416590579276648,-0.62962413901193,0.719335378614772,0.181785590573938,0.429125179070451,0.127721602522919,0.395765194975594,0.231556245603297,-0.0752206107475648,0.0359427387583262,0.773720617810397,0.880185365992005,0.225063037869947,0.219811599019067,0.707075220997413,0.317636535080866,0.159286288837192,0.515634387534072,-0.591826050839484,-0.120875083603009,0.499209196479087,-0.42694135833097,-0.171474553277245,0.631535569494516,0.811622169208242,0.820957598780593,0.235504245051751,0.102583671201353,-0.529079140927194,0.114457457408642
"Mean_2332",0.30126490646885,0.858070145207382,0.568960826094569,0.211353495319613,0.275390886436269,-0.672870623883809,0.322064642865569,-0.31555991429222,0.624294826184652,-0.624645464241791,0.543333185406655,0.349653165974456,0.394624028804428,0.186367116538034,0.234357696713565,0.498612385375549,0.793598446671553,1,0.833213000519065,0.8033223491943,0.283989736164,0.346665347731098,-0.641515224047655,-0.248049194223517,0.0844145179666244,0.0431489896404901,-0.162098244281221,-0.528731262805361,0.742877109215831,0.674327447595519,0.578673474365305,0.336236592417231,0.648534097610387,0.274598993551793,-0.0238406820299491,-0.155906105210534,0.538766856558417,0.834237462436933,0.124178479622959,0.554215942626985,0.0766757657775152,0.595971300960649,-0.320891693916997,-0.421368436309811,-0.0766176574560014,-0.447158626511973,-0.273222726463975,-0.326215079682587,-0.504063642365101,-0.674913100260515,-0.575924108867313,-0.565065366577329,-0.308504271252593,-0.0595091526124363,-0.144551779162049,-0.124155960957377,0.833845832328397,0.86995004687437,-0.395720345572858,-0.776984790108537,-0.140351764460341,-0.679606307089096,0.267652281394226,0.177413878682748,-0.803942453159024,-0.466789112013766,0.255650097838614,0.227711290926988,0.717477233056495,0.638559948533115,0.161390618637682,0.361934962115207,0.403698548673599,0.789268558298893,-0.0572796492935012,0.771242258133135,-0.201807973503651,0.577172643089361,0.775585209802277,0.892698432802032,0.683488927267357,0.668207658342909,0.21531416660958,0.55991110701549,0.339927402444872,0.208331197451562,-0.653542243723248,-0.868849391948815,0.302303249969697,-0.0902678553722878,-0.148624635237561,-0.429098212160053,0.592540478353861,0.6418925707865,-0.0736037093968397,0.121877854912437,0.486117026452267,0.558288879857316,-0.331030234849334,-0.30613151446132,0.859757244747597,0.789377587183129,0.586330146534506,0.811577882644988,-0.584349730321345,0.219563113860402,0.134414718575906,0.0834170708181854,-0.533131449634425,0.5649863718512,0.870706240023624,0.400851330813479,0.173394925147003,-0.36235779860981,-0.602447147982221,-0.255079324217145
