"","Mean_2001","Mean_2002","Mean_2101","Mean_2102","Mean_2111","Mean_2112","Mean_2201","Mean_2202","Mean_2211","Mean_2212","Mean_2301","Mean_2302","Mean_2311","Mean_2312","Mean_2321","Mean_2322","Mean_2331","Mean_2332","Mean_2401","Mean_2402","Mean_2501","Mean_2502","Mean_2601","Mean_2602","Mean_2611","Mean_2612","Mean_2701","Mean_2702","Mean_3001","Mean_3002","Mean_4001","Mean_4002","Mean_4011","Mean_4012","Mean_4021","Mean_4022","Mean_4101","Mean_4102","Mean_4111","Mean_4112","Mean_4201","Mean_4202","Mean_5001","Mean_5002","Mean_5011","Mean_5012","Mean_5021","Mean_5022","Mean_5101","Mean_5102","Mean_5201","Mean_5202","Mean_5301","Mean_5302","Mean_5401","Mean_5402","Mean_6001","Mean_6002","Mean_6101","Mean_6102","Mean_6201","Mean_6202","Mean_6211","Mean_6212","Mean_6221","Mean_6222","Mean_6301","Mean_6302","Mean_6401","Mean_6402","Mean_7001","Mean_7002","Mean_7011","Mean_7012","Mean_7021","Mean_7022","Mean_7101","Mean_7102","Mean_8101","Mean_8102","Mean_8111","Mean_8112","Mean_8121","Mean_8122","Mean_8201","Mean_8202","Mean_8211","Mean_8212","Mean_8301","Mean_8302","Mean_9001","Mean_9002","Mean_9011","Mean_9012","Mean_9021","Mean_9022","Mean_9031","Mean_9032","Mean_9041","Mean_9042","Mean_9051","Mean_9052","Mean_9061","Mean_9062","Mean_9071","Mean_9072","Mean_9081","Mean_9082","Mean_9100","Mean_9110","Mean_9120","Mean_9130","Mean_9140","Mean_9150","Mean_9160","Mean_9170"
"Mean_2001",1,0.715282088922722,-0.0568026909443682,-0.465083586698042,-0.518721515268166,-0.0584965320042511,0.14125735932697,-0.0976906840840744,-0.326964860372426,0.405028653974813,0.496155565406093,0.497335746226519,0.390962134480849,-0.46562400309022,0.169956566873882,-0.455092134926937,0.318383116825753,0.528972666569722,0.875536163254114,0.401413555932679,0.187180155069966,0.00281492623626182,-0.261147268038786,-0.770725376643315,-0.596844990927034,-0.552248700846224,-0.46116561572375,0.561299345425613,0.422764243561054,0.398069428018523,-0.259961213906891,-0.23743112557558,0.510420121597826,-0.142297483981198,-0.289071665880206,-0.324395690121665,0.276135941283829,0.383941377706107,0.241261748943553,-0.00772141474661189,0.466051741966679,0.285626556467911,-0.431929860568627,-0.447309348047677,-0.0120682535211525,-0.438121610277719,-0.229440931244651,-0.278641988334361,-0.44217488282623,-0.671713173063427,-0.675068646139769,-0.790160754151235,-0.592589452141115,-0.570736301977049,-0.470590372586628,-0.254370970094738,0.925229565691957,0.891924133555314,-0.182044955460073,-0.233054917681281,0.690967047654332,0.432857587126924,0.85382831886001,0.195395523633274,-0.103893410319149,-0.328565583132008,-0.618587296889979,-0.587274363425303,-0.212932936181837,-0.0276905232299391,0.546017307923708,0.442686457268204,0.661411755816285,0.536008902481109,0.433582374023817,0.616863301741533,0.78106896295942,0.10971866117736,0.00102762459595943,-0.209276129597177,0.150240323491795,-0.0241607571829285,0.639075329321402,0.112947469122035,0.239676645343653,-0.36433792210554,0.111210601682019,-0.00728501470435097,0.845905776844839,-0.262979900195304,-0.151621878647733,0.322916882089066,0.242367328428478,0.478381987275721,-0.490633905914209,0.356538883165955,-0.144496027479324,-0.183361581800763,-0.284585217704974,0.02645392477146,0.54864871348671,0.718812945214304,0.461128944043606,0.693698172495144,-0.710588331834819,0.494035822191563,-0.0772375096476981,0.126477603236925,-0.0156005903656433,0.074862469728755,-0.447862406553052,-0.206641280103284,0.822095152920975,-0.324088029009635,-0.486503848138985,0.21744916402254
"Mean_2002",0.715282088922722,1,0.288695792580894,-0.124620083050381,-0.736449079302998,0.462368477051891,0.185206021905098,0.029948870635285,-0.557024643089827,0.584981691565093,-0.108318192937228,0.528372218227736,-0.300152787370341,-0.835506150596071,0.264249535757234,-0.431371579945618,-0.310672437218071,0.0933727737413326,0.87756055795859,0.836612042805122,0.306020722867197,0.338231186105802,0.367044584407206,-0.416036043607268,-0.586998415112799,-0.687071419391328,-0.443471441424531,0.845388067466876,-0.0794068355673107,-0.0157978057654514,0.113623931558877,0.0289815449668503,0.427982366832875,0.0356467224635326,0.296932492714466,0.135921950611234,0.119827789296309,-0.086368501171998,-0.304292605801453,0.104352863475356,0.288238310182546,0.370417282890898,-0.581426253366401,-0.599087672885844,-0.407662246127014,-0.673210774210348,-0.472840599194009,-0.49530795464146,-0.600197142974266,-0.74285190301733,-0.82747447729554,-0.830453335897443,-0.492313402701768,0.00666694751456447,-0.776937806267217,-0.653170333104077,0.585146619741237,0.927386706536547,-0.271576324237277,-0.468438291715484,0.708693116374663,0.378611186220742,0.715707737577907,0.574051126580509,-0.229284890652211,-0.20727730935595,-0.166297639670168,-0.384896634201104,0.131532398172979,0.289908348948204,0.303405160508072,0.457088755555901,0.6262560397791,0.428604618069841,0.676984841037316,0.646477089497218,0.854603709820633,0.478145820902719,-0.408468952157866,-0.16118715818654,-0.223636481958417,-0.475108177112658,0.690919775473855,0.223159055928492,-0.386425502441366,-0.330536473410971,0.313496861148868,0.477863600438243,0.398271656018052,-0.45593123312972,0.445567181700922,0.642870704339516,0.727592851748005,0.798206070900934,-0.136322876480694,0.0276366670696047,-0.274991639351965,-0.4876492203314,-0.347266433314235,-0.229847673858052,0.781590076015023,0.900787508475262,0.658273006302392,0.677058161717388,-0.33709414559448,0.846786741097385,0.259106850897199,0.538124876617436,0.16583951482331,0.222740165725975,-0.597737157961202,-0.626338062577064,0.599896125070638,-0.384826557172339,0.0963950408555348,0.241267195341707
"Mean_2101",-0.0568026909443682,0.288695792580894,1,-0.296891513106337,0.116573230261149,-0.120502850053423,0.738472207806298,-0.285390681512211,0.273416158697651,-0.189777044994415,-0.699480484589663,0.000906109401461803,-0.480470915673384,-0.616913136875622,0.443608769808484,0.0911413269210319,-0.113946219370447,0.263458449482225,0.0547140710026484,0.287605640807675,-0.164116734158976,0.510414101358403,0.773302178083668,0.270585711948766,0.293795485341514,0.235681325469058,-0.0720843311285875,0.17172001157214,-0.0679579187850735,0.0465004955813833,0.581686989088764,0.606587666308656,0.145740948458911,0.12717909152277,0.500348798420578,0.232283796888766,0.0292650089653688,-0.456190572266652,-0.308170334566555,-0.429154317173884,-0.178740602799658,-0.0834180872548112,-0.16343407250292,-0.0771821396378245,0.0930991359741671,-0.0513398682864642,-0.13202546371445,0.0241015230775852,0.148993162343551,-0.335415539593538,-0.0813253359264103,-0.227133983259852,0.442255231164666,0.632829942376719,-0.248795239339041,-0.460283844687064,0.117991818953305,0.129247049562683,-0.208900976534191,-0.882471016036764,0.101612954126276,-0.188961971144246,0.115024844018582,0.476292412180596,-0.457308701816368,-0.618236650355928,0.0715547195494095,-0.461388495247827,0.0989318394378742,0.129066916785365,-0.0964735507258219,-0.22569092828574,0.0243959338404352,0.0689383819530129,0.46820998319206,0.104683702008185,0.130954532141325,-0.0808497254666767,-0.522561538128549,-0.723437606971315,-0.363728858294762,-0.0416551338172885,-0.100469009138129,0.453902562862896,-0.250734185961459,-0.632792682895059,-0.548985215964122,-0.204469823427704,-0.352964273152917,-0.648113250465379,0.86426072508547,0.690973580174322,0.317417228939757,0.600242459086165,0.408562936762098,0.089945656032822,0.26799970564697,-0.457269984089618,0.357048403355725,0.164919641780682,-0.183124163851201,0.202836420241503,0.251297786121668,0.0966372250693456,0.394071520515179,0.125767552984913,-0.533734376127744,0.284455483667153,0.550401262496667,0.116943965621968,-0.617208015977433,-0.396387891644213,0.135241679506452,0.0822344974111471,0.376026656216453,0.555270915366656
"Mean_2102",-0.465083586698042,-0.124620083050381,-0.296891513106337,1,-0.336919880592142,0.717591101415534,-0.4486918262954,0.748719279225218,-0.312989828890345,0.519245118969057,-0.408477884015096,0.356809326291339,-0.418717521928882,0.305777153509066,0.206417034869884,0.0989917362926571,-0.546793884503897,-0.733490546627127,-0.382304555476435,0.191901149790071,-0.299621016153326,-0.0128976301329789,0.261536971421736,0.627702158364068,-0.237496914247202,-0.0215762996802148,-0.14075460231065,0.184122247362335,-0.403157970191977,-0.578996804420786,0.102918993132467,0.327139841287849,0.0781296491499689,0.670719110219539,0.173521136050751,0.343828097760531,-0.420012894900725,0.0749485800375447,-0.418500687804694,0.352588348638627,0.299567281182224,0.376758801101277,-0.375332136443447,-0.39829906312204,-0.755726344840768,-0.467523478824375,-0.587593578797154,-0.646362695825433,-0.539477512152553,0.0339564952870493,-0.230570216310351,0.106566555983662,-0.38352247578251,0.0658515402969863,-0.323771418749788,-0.348456926534324,-0.641718388724783,-0.255443297581554,-0.32820837385114,0.457578789625504,-0.294343815544136,0.26465448566533,-0.512125068295958,0.273339460432282,0.0556925999692883,0.873647995132889,0.429365119769609,0.705499105332237,0.00355557843662123,0.101153826227196,-0.438798847703534,0.466175774182302,0.071623814791536,0.155474833754695,0.102546085703388,0.171415961822062,-0.0938164245075345,0.708364796082993,0.146016467373186,0.465771406421274,-0.578238487199547,-0.482579762642825,0.172805214775529,-0.390397088450916,-0.665554649156336,0.79422674814183,0.757277273409682,0.727113900807977,-0.527236970133509,0.0761738460683467,-0.0923911546552355,-0.457619772634812,0.210488363315022,-0.46299516136668,0.286520712918619,-0.342190179410693,-0.344695261949621,-0.0673098862754855,-0.688520812059238,-0.844223090154777,0.317241164663482,-0.278918635769275,-0.0559276633178382,-0.557365357100449,0.306766654616998,0.0529635619356099,0.72121963532055,-0.00311709442951459,0.179873022304837,0.0932910442130325,0.299437327539993,-0.356176224923309,-0.691472660488975,0.269482618068084,0.720904973639406,-0.0691101651161992
"Mean_2111",-0.518721515268166,-0.736449079302998,0.116573230261149,-0.336919880592142,1,-0.673938424152766,0.281502409218535,-0.275248993816994,0.817416828688349,-0.772611674215865,0.0912954026470589,-0.800759946770131,0.30455789049014,0.37521776801276,-0.222773078830758,0.129942493024687,0.207468631248415,0.0468539911656614,-0.693403506976178,-0.857521513735814,-0.0942218054362997,-0.381789837632219,-0.27298288383878,0.0569011392135067,0.626581902919881,0.693350938699851,0.490516780375863,-0.784371959661079,-0.16820021232691,0.157394172481674,-0.237976911015929,-0.15484146944744,-0.608078133677057,-0.37194643106763,-0.0727927027041007,0.0941413713268985,-0.0323000662073979,-0.33318060035279,0.323693412320236,-0.460825300889964,-0.471249964730328,-0.802207282875298,0.786666464167989,0.785182027896018,0.836255738424841,0.87850412211525,0.70784027481651,0.784793081870629,0.75803079036709,0.78258277507169,0.892383622385717,0.812778643241914,0.778469726482246,0.100463434936152,0.812756378609624,0.58729966385945,-0.203559254199481,-0.664488288580174,0.559271718175949,0.16203670172713,-0.306381232673638,-0.386322495643237,-0.362227276683555,-0.502838100574527,0.382371180610292,-0.189236794041205,0.260099061957154,0.104884446392602,-0.131576753787639,-0.427804836935307,-0.303481561555791,-0.884781554517825,-0.819561664953666,-0.694004834684415,-0.5490873125419,-0.810911481147822,-0.820586495903593,-0.823280591010596,-0.0809563202277796,-0.112494818437105,0.289189022115765,0.374725407299411,-0.947282845595017,0.041562396996648,0.359646005996445,-0.0429333943323403,-0.71863332237163,-0.749455703502448,-0.240331710180808,0.428532295306722,-0.124011771044754,-0.342867839795184,-0.687141469347555,-0.336039340942345,-0.0226727109523204,-0.0297529753009509,0.264427230569985,0.430783251951677,0.753251744947514,0.514858829517143,-0.751691772167806,-0.517910164479414,-0.727125996117107,-0.269932669800198,0.120743088157573,-0.748202535590287,-0.557759284240637,-0.423649125230496,-0.113417771309149,-0.254346409346924,0.312732402606927,0.429817271423744,-0.355930906851135,0.39942146413802,-0.345412264456108,-0.337909192858896
"Mean_2112",-0.0584965320042511,0.462368477051891,-0.120502850053423,0.717591101415534,-0.673938424152766,1,-0.207911268150114,0.610511519419729,-0.665581877196656,0.749022357096221,-0.353656550771726,0.433046931284257,-0.548354432697246,-0.206324878642959,0.011863792564861,-0.171004921989302,-0.783985362605983,-0.723012277248123,0.194293217854493,0.665303746671396,0.0423973613987789,0.0402746818175035,0.462641962362445,0.310420460763879,-0.547147315640843,-0.5684308255581,-0.381326460229857,0.582889016761672,-0.535846990924625,-0.668046628592739,0.203921084782283,0.194467228903625,0.304755422471627,0.516221383661632,0.312892145787326,0.505300932277629,-0.503041599931093,-0.251259211368496,-0.751761577458468,0.232428239542854,0.158149028225064,0.330117511332618,-0.520757123916979,-0.470550981984364,-0.823293513476606,-0.627375128119451,-0.677993950470156,-0.667586612415683,-0.702765473094676,-0.268225750060556,-0.560465586248283,-0.269093909094776,-0.431922331681135,0.251524751621775,-0.675939274846986,-0.661164911678177,-0.277363150671736,0.281753630746337,-0.297615425800966,0.15739101553926,0.27979802715964,0.43686524813569,0.0674290208695655,0.628378990435372,-0.0336618116118139,0.585169461395101,0.231586098158544,0.34246051317054,0.144323506061329,0.287757365713333,-0.332645472491798,0.514633095763542,0.257025233749632,0.149746841620258,0.319169227562204,0.323471775292785,0.282737566509762,0.740374840930365,-0.341524738873328,0.303368581234258,-0.588221621697672,-0.800663864617407,0.512351316891824,-0.320775339946082,-0.850962025713635,0.511920153590259,0.780190810937695,0.880405500160406,-0.238925216836033,0.0226389799337452,0.245845008958072,0.0736619576882993,0.519618652067771,0.0934110321603593,-0.0272477176533983,-0.580997197123633,-0.655579988487708,-0.529732044346691,-0.664733885600964,-0.745475469291102,0.613649674324967,0.224119743528702,0.228618494037178,0.00282685767370899,0.0396825592584677,0.494093473670364,0.831053691722277,0.427556035364413,0.137401685518638,-0.0860255926683089,-0.185133569813485,-0.627664786706401,-0.137961970262183,0.0641736638593569,0.590742986731536,0.010130505083178
"Mean_2201",0.14125735932697,0.185206021905098,0.738472207806298,-0.4486918262954,0.281502409218535,-0.207911268150114,1,-0.00264981646921597,0.517855981107654,-0.0224600338931468,-0.216625984626461,0.0177440864816711,0.107872462949491,-0.455133206075829,0.331164191738873,-0.340323997119869,0.0807372657384917,0.246111450281529,0.0067715141796545,-0.0426362454718335,-0.421456417329689,-0.12907692627157,0.398203689591751,0.0359621037897731,-0.081436355636913,0.224521358316108,-0.458910277296036,0.12112934353411,-0.0824906709747618,-0.044524046512296,0.105553148693267,0.493003881793319,0.350979241750827,0.200668221673589,-0.0113692754874626,0.129612645805262,-0.321162271253647,-0.508406809284006,-0.198093769040105,-0.900054990896448,-0.000325626333013431,-0.456419136632977,-0.156111714225824,0.0223860311705176,0.344540064481345,0.0736508224103282,-0.115382222418,0.12280776021361,0.0390813217895572,-0.226918152539252,-0.0457966958813883,-0.140124865258541,0.361579048745423,0.275694520768197,-0.129769875454251,-0.419208039505983,0.419574857419179,0.192350489032261,-0.193181513695526,-0.583183588330597,0.475258652223173,0.291862217266195,0.430269038428688,0.532784371607798,-0.0499771902614507,-0.509630367165297,-0.334962270601903,-0.697012517977485,-0.4757279792759,-0.441307611716986,-0.228161469686439,-0.318747912315477,-0.0237309257105041,0.0314075229223271,0.425720288964671,0.0524993104543402,-0.0788426571920278,-0.44810144382392,-0.61994380908821,-0.854834682760456,-0.379488686174775,-0.21052152451596,-0.180150720978982,-0.0607129160729479,-0.0830350308177215,-0.412957154930055,-0.56452439335006,-0.528937012651792,0.0413085395738838,-0.255101116310343,0.471467597710388,0.430205900240314,-0.0562489003525505,0.35575541738249,-0.209366786899664,-0.0351145319033043,-0.135243928938128,-0.543980844902625,0.300151992627654,0.163506345516335,-0.308141565586625,0.126129117446589,-0.22971001254466,0.0747091548885592,-0.174753001302312,-0.245504945999734,-0.587522265632696,-0.117359744202395,0.634973051228815,-0.415165115849471,-0.811170823281018,-0.457721579923048,0.279885553242283,0.420734343238514,-0.0912375517578854,0.527051868608304
"Mean_2202",-0.0976906840840744,0.029948870635285,-0.285390681512211,0.748719279225218,-0.275248993816994,0.610511519419729,-0.00264981646921597,1,-0.0206302546058098,0.774858540115954,-0.0886021297768314,0.535272393117605,0.0593391752094367,0.127738740510434,0.393327586524451,-0.480137871172645,-0.348002946496405,-0.618319820751213,-0.259408989919418,0.0263853673809624,-0.594809809989704,-0.436311261353586,0.0864291934435417,0.322463261556928,-0.678623272872908,-0.0030855577301008,-0.633339779785857,0.381027083974527,-0.404512688364414,-0.629399324795949,-0.329572178191795,0.373539206106763,0.362432787907646,0.771825841531091,-0.16978289015099,0.219791525916741,-0.606188209402579,-0.00545984883475591,-0.271055628532546,-0.151771402616151,0.633890685968564,0.108201424948795,-0.553184360672979,-0.52370777464266,-0.550669672116872,-0.535993215373084,-0.684567733345109,-0.674145487668098,-0.759373737059984,-0.107543952495312,-0.397913024185944,-0.0559361990144519,-0.542804517308295,-0.254459764602605,-0.373270848345873,-0.494717608131555,-0.153408349915542,0.0213555848623431,-0.477154182105178,0.463576682931017,0.19615547232559,0.807749254393901,-0.0743491392669602,0.471878993389669,0.391715932419114,0.82827923547885,0.0162276400220993,0.277199623666714,-0.597948046732973,-0.474544033360951,-0.417326247172596,0.435045250542664,0.226771550636004,0.302901384856062,0.387083027938237,0.346924736696135,-0.0732930446233848,0.418320545348639,-0.0543493187595708,0.126644137121955,-0.712528964504797,-0.728272396824589,0.171030912254168,-0.763528863029173,-0.561421690263648,0.778731620974827,0.701609637624064,0.423188951081981,-0.0620122302114669,0.154453704812261,-0.249417951790411,-0.474679959437003,0.105001035910974,-0.409591069481817,-0.19622661158849,-0.261079854052188,-0.631292026510144,-0.21537512519158,-0.759108423455124,-0.853852737628686,0.343659569169413,-0.0724429464029045,-0.361134387538365,-0.479772498072537,-0.278216102049779,-0.123920653293164,0.561438212282867,-0.366822619194513,0.49040850379991,-0.224649604243577,-0.105474491035137,-0.645191259766423,-0.45368189001706,0.482022287618025,0.340717227042726,0.0810600461056725
"Mean_2211",-0.326964860372426,-0.557024643089827,0.273416158697651,-0.312989828890345,0.817416828688349,-0.665581877196656,0.517855981107654,-0.0206302546058098,1,-0.450419132848533,0.0100759796855735,-0.365193468457455,0.406012601765705,0.11709034425304,0.277674503258969,-0.213623651715514,0.407276293601226,0.175593331610017,-0.627365154314092,-0.804870743702667,-0.508213881783746,-0.292390532556828,-0.124357270459884,0.100852874809312,0.330986051736713,0.866779253922726,0.067942034245954,-0.439824709811769,-0.0301724929603465,0.0419018775176587,-0.352334786520245,0.22538858669971,-0.306082207742441,-0.067740698623659,-0.168122399836131,-0.192826889412997,0.0395566799725397,-0.226717693579342,0.470166099801577,-0.600428456774947,0.006412486908891,-0.597533531799411,0.360665184839023,0.341028957607901,0.649454113260396,0.513938257468853,0.420266024181403,0.488681538195693,0.471261144820562,0.420648860845932,0.586809610854656,0.494136280654786,0.492003419003244,-0.0137030186820265,0.647214387839277,0.359418004756364,-0.0139828938856007,-0.50680860089043,0.0565441186342847,-0.0502831606353116,-0.212861329008352,-0.0306362405453793,-0.279880088382058,-0.286052302174288,0.432972975981193,-0.166904275923014,-0.00116219766353696,-0.222916540448492,-0.532128352762674,-0.74111608812969,-0.102625380748344,-0.64177097695757,-0.394908707766917,-0.243983018109143,-0.0360155194068705,-0.359036652209889,-0.639612026311981,-0.736379238706914,-0.0108005158700133,-0.434527955496513,0.0156258583111483,0.198227784443211,-0.79609663585509,-0.188504373057847,0.371280464708629,-0.141951477479563,-0.589704589861593,-0.775883273918957,-0.0439670613112399,0.0666673749660901,-0.0541618567080376,-0.213113583879796,-0.412848789200262,-0.225359079625369,0.0708961993732145,0.315384050590207,0.331706452928225,0.351415546285113,0.519672435902893,0.378028162050843,-0.658640435171471,-0.325167880409183,-0.710277540893385,-0.470056283267934,-0.027307661194924,-0.742230085691282,-0.626131470867965,-0.737010028151702,0.390714731959859,-0.11761580701333,-0.00210812061177902,0.106160386626823,-0.358960149912438,0.328146868141421,-0.252265214120811,0.0482894649358445
"Mean_2212",0.405028653974813,0.584981691565093,-0.189777044994415,0.519245118969057,-0.772611674215865,0.749022357096221,-0.0224600338931468,0.774858540115954,-0.450419132848533,1,-0.03875006565551,0.83087763727008,-0.0572766474827222,-0.304440001997636,0.414838890208641,-0.56041649652262,-0.306510901099591,-0.36546914973725,0.377370360485586,0.541590554709735,-0.305896125486065,-0.0899700327603492,0.209263791792047,0.0157823960905527,-0.897464381004102,-0.446857546382469,-0.782677204631765,0.825480813033041,-0.165958482205642,-0.503521820714983,-0.161562341548501,0.298627383116886,0.644180778510919,0.649850298002777,-0.0636970898961552,0.0712038813516573,-0.33568252936098,0.127159945842666,-0.316223437012616,0.0627208206018853,0.730129530917117,0.471999274018989,-0.847610481610218,-0.828912254170585,-0.762950219244941,-0.878120099866908,-0.839930555724294,-0.865883031561164,-0.959166851087477,-0.609137766792296,-0.847099340115866,-0.621454978372661,-0.827813444891301,-0.266759416835871,-0.751545233944121,-0.707564693355986,0.208868781266663,0.547189757230576,-0.649948344787918,0.110263419305436,0.482700306521599,0.846144219532105,0.340920380457484,0.640598024469272,0.10415500057398,0.535813411506854,-0.243752897206869,-0.0574611267477438,-0.391472235019507,-0.142286523267793,0.0125314980543456,0.766855905467131,0.69302403745714,0.624781016045436,0.679542686365835,0.751159715667593,0.522797469893897,0.657149310733338,-0.118791475498145,0.0112091818015065,-0.63281102425007,-0.757845187037131,0.683595811677142,-0.538175141912386,-0.535653513759912,0.39935897724291,0.817188118280799,0.636699456727756,0.27616028532656,-0.185407252901729,-0.0445817868039239,0.0189448542630422,0.526729930383214,0.0943940549193838,-0.234694268642042,-0.0962223580469258,-0.59169816429161,-0.447586802616416,-0.892480472813916,-0.774709265893049,0.711860681091796,0.427550836298514,0.196128696417265,-0.0150691486401533,-0.409360937696235,0.420601414581751,0.605995163924511,-0.0109305046974102,0.440637961401038,-0.0231954475697942,-0.403201957360113,-0.749407019121206,0.0795071977732918,0.0333857102983229,0.293970792533554,0.293489974297717
"Mean_2301",0.496155565406093,-0.108318192937228,-0.699480484589663,-0.408477884015096,0.0912954026470589,-0.353656550771726,-0.216625984626461,-0.0886021297768314,0.0100759796855735,-0.03875006565551,1,-0.104286812848577,0.863678714235073,0.339957285502071,-0.447415656837617,-0.307509984784352,0.501633265754321,0.305751641437473,0.244058073591415,-0.39589516568977,0.206847450167746,-0.627135090263463,-0.925365543573143,-0.729296825707267,-0.3135912089102,-0.252837475304005,-0.0773222375532318,-0.225588426147861,0.340125392039332,0.39246502705358,-0.701042339575402,-0.704792640311712,-0.016047273061604,-0.437036295358157,-0.754171726793481,-0.460059787632926,0.101679930581671,0.373271772460558,0.525607643044148,-0.0374606142230555,0.108461027516079,-0.233382842745231,0.271522477201168,0.254294995574517,0.431460798953642,0.279063500910895,0.383555449227728,0.317264262337049,0.0658001058306657,0.194469562378453,0.105882456749133,0.0602215789148301,-0.242394127102661,-0.751284591616491,0.339535312969007,0.518826756674774,0.499917069688511,0.192396560871215,0.343165357630171,0.52357309751154,0.307883447776224,0.227178047364451,0.420731557287704,-0.450774239323745,0.407468823909324,0.000152049226265741,-0.507690609897099,-0.16748425649138,-0.317996113434123,-0.36432324787847,0.273573252268639,-0.050901478824479,-0.00363145619539317,-0.068128134638398,-0.387433744610732,-0.103754361335302,-0.0362387279849044,-0.414305968221081,0.344749818268578,0.272909728048644,0.632046994895016,0.267787142572382,0.0446647640442405,-0.256530895629295,0.641284802919879,0.118979275416427,0.0118947977630462,-0.3617973619539,0.780299852561124,0.567729345693523,-0.795248441126859,-0.386284387593554,-0.506119807967176,-0.282295546202783,-0.745220662870734,0.110631778694405,-0.194504713240895,0.351257285693619,0.0369772106691296,0.302614477228122,-0.00163388397006686,0.0351827640971482,-0.274623058461503,0.304595521466851,-0.766517122623116,-0.225146540468177,0.0022009709213427,-0.329379101601353,-0.508150289974537,-0.324023022065543,0.201846243469327,0.450999059076829,0.396987335614205,-0.0930979694481702,-0.904073854292991,-0.389458913213358
"Mean_2302",0.497335746226519,0.528372218227736,0.000906109401461803,0.356809326291339,-0.800759946770131,0.433046931284257,0.0177440864816711,0.535272393117605,-0.365193468457455,0.83087763727008,-0.104286812848577,1,-0.0135399469906526,-0.273699331171654,0.651315146079869,-0.293388271261008,0.0974585964157032,0.107834120634206,0.411440551792996,0.551456813326668,-0.467459308005518,0.217532517977546,0.238663648783907,0.0876858799900713,-0.703150753640819,-0.269957543565343,-0.771930212449253,0.740079583605471,0.319317404104721,-0.136679715774479,0.0694796127519478,0.518399329502517,0.800869903239368,0.694223772764334,-0.18853850267466,-0.297770320666907,-0.0590242027963575,0.473181072597832,-0.0995601714308329,0.119195714125909,0.838593011447016,0.74784422736545,-0.970860494579524,-0.944278750472561,-0.741732009593381,-0.934268955774389,-0.856415273935075,-0.892975851466577,-0.844396288315049,-0.853042758621709,-0.889287537714338,-0.800254506468008,-0.834468915553135,-0.306159365085943,-0.744443036564291,-0.650948843485721,0.3035979327186,0.5353839504457,-0.860132352294155,-0.182478310277823,0.250608472722777,0.646454965009479,0.287110345799488,0.580579845037864,-0.281793047856916,0.241243565302262,-0.467870300686237,-0.287364834153768,-0.392344140434072,-0.0466520273559193,0.231934427927249,0.904451623963064,0.914752557710653,0.94268854841789,0.773009404309043,0.965620931483646,0.662037373340444,0.675747409178804,0.222090174733591,-0.204552709980539,-0.524280429899464,-0.341965082137096,0.798532458748378,-0.280942846603212,-0.236465488312437,0.101044169202231,0.606451777672547,0.438165715775447,0.267647042033982,-0.565276361201205,-0.0189865197653433,0.139192958719824,0.517552343081325,0.0999131357796497,0.0358878475362239,0.294638082808893,-0.193033840043116,-0.38625983691828,-0.840216967681952,-0.626325510804737,0.540358321291311,0.33660804768471,0.440329165399647,-0.0980259723776008,-0.220679011930878,0.363796557426457,0.278237315544215,-0.0608095054177137,0.552948010999649,0.190704999600056,-0.448762527060338,-0.568085146804334,0.173665742266793,-0.0936423950385543,0.333845994205098,0.626224494986063
"Mean_2311",0.390962134480849,-0.300152787370341,-0.480470915673384,-0.418717521928882,0.30455789049014,-0.548354432697246,0.107872462949491,0.0593391752094367,0.406012601765705,-0.0572766474827222,0.863678714235073,-0.0135399469906526,1,0.380964507367603,-0.114933222058203,-0.367425175162072,0.705887045283612,0.397910346837833,-0.0263684304162042,-0.624689686271607,-0.254888660978092,-0.685289230361501,-0.821314316413786,-0.512382589047763,-0.264071297290933,0.146206024340545,-0.253494940034104,-0.271443271141248,0.42605033620732,0.332068545250125,-0.709756255352329,-0.332693358633304,0.133966209198937,-0.16600466269369,-0.846417770521052,-0.544507736379065,0.00206455499128933,0.380395455822833,0.630878772392108,-0.36538899276588,0.303723364037649,-0.31398491810549,0.152698099423985,0.178101540080392,0.525365175067725,0.283440787459315,0.278023477948212,0.278340788441273,0.0801350664725332,0.147297505204405,0.166275824376739,0.0966911605303297,-0.160140410596585,-0.760403037493794,0.400386288174753,0.433856048225919,0.508188472783964,0.0185316954681643,0.0905883166098072,0.39819612574037,0.215557769846281,0.355789672097778,0.309834931644013,-0.352837127360631,0.434025625950008,-0.0341894383309987,-0.635791376541906,-0.341733932851245,-0.682051122728376,-0.691721805797708,0.191555337380654,-0.100921921691811,0.0191532775678619,0.0765587242868503,-0.207472395019267,-0.040288478292052,-0.200494424114757,-0.575100817745986,0.345924235888121,-0.092877081194768,0.376659404330993,0.289834721631194,-0.130235152799423,-0.418677698991641,0.698520486956547,0.0853996256354456,-0.172335845338241,-0.640949977483776,0.696267836628056,0.40480407684812,-0.776748282809763,-0.445336621852721,-0.618083573368075,-0.409171207060192,-0.666364350385762,0.285764931139234,-0.0896023645743805,0.304911910841464,0.0477721425998103,0.265103598825099,-0.261105102102844,-0.149530611029112,-0.495148781443668,-0.0111517729281257,-0.723407448533323,-0.539065891835978,-0.309303478734326,-0.671675691098469,-0.100567748981539,-0.393213040622743,0.0358669512886489,0.332434705081028,0.252656824927516,0.179971410829775,-0.83785931725193,-0.083701463974298
"Mean_2312",-0.46562400309022,-0.835506150596071,-0.616913136875622,0.305777153509066,0.37521776801276,-0.206324878642959,-0.455133206075829,0.127738740510434,0.11709034425304,-0.304440001997636,0.339957285502071,-0.273699331171654,0.380964507367603,1,-0.407862439648782,0.482432462958701,0.248919995435611,-0.114126462351702,-0.625678630208538,-0.591795178305453,-0.193748523427361,-0.465226853831274,-0.557280475895485,0.288845702096178,0.278181259881858,0.247368329805381,0.271036417320817,-0.732938877227086,0.197368239336447,0.108945558071625,-0.124136628505619,-0.19498247392335,-0.165249008289929,0.0866602025029295,-0.528311610815023,-0.128506114203664,-0.274517564079865,0.375192298416242,0.162389138618382,0.0878305442819155,-0.145655842363071,-0.124225072470872,0.37602545658529,0.435869228749248,0.151001244842805,0.434607257256518,0.214841377823442,0.21223600637715,0.27075845902924,0.568571929823445,0.523937341587597,0.625424551205569,0.128739142537937,-0.279356792067901,0.479152211413814,0.512455557797414,-0.461567584653853,-0.662416697030233,0.256695429906281,0.712731140341779,-0.531348453322089,-0.189278546631368,-0.495427956898425,-0.445368191137283,0.0867746125939388,0.403016323056774,0.000921428684950978,0.505876978798098,-0.101925975557688,-0.115704873860759,-0.354105473732562,-0.0744891531194809,-0.430894532296568,-0.243741459758831,-0.737190272505102,-0.448299957287925,-0.606956586181755,-0.16281079959442,0.563725140562754,0.435794715250869,0.247006243285467,0.431699653471599,-0.272383709499719,-0.276928463910315,0.306735335089692,0.593533449478718,0.0168580128170143,-0.202208255946199,-0.25560432312252,0.587380709078539,-0.720847951429022,-0.807184537490458,-0.773915511924144,-0.942556443006768,-0.12264638643952,-0.196483652109749,-0.0357460248544074,0.356409725312575,-0.0284739886722006,-0.059248443838908,-0.481625569034734,-0.869625910362595,-0.464049000711685,-0.496882424757907,0.140253916378703,-0.67162853945134,0.0551963463411411,-0.339985882998745,-0.388837660153477,-0.339757561876618,0.641429256347705,0.616130683575603,-0.422710819207101,0.422429330536133,-0.14145689642389,-0.297465360535885
"Mean_2321",0.169956566873882,0.264249535757234,0.443608769808484,0.206417034869884,-0.222773078830758,0.011863792564861,0.331164191738873,0.393327586524451,0.277674503258969,0.414838890208641,-0.447415656837617,0.651315146079869,-0.114933222058203,-0.407862439648782,1,-0.306563534141198,0.129994156105798,0.150765629366187,-0.00646950224979958,0.160255781908549,-0.62845154309691,0.344464857655681,0.41306763498245,0.211673650901055,-0.250189134741447,0.387378221589774,-0.446781577916278,0.525241407895924,0.113041426804852,-0.0953880199376466,0.0139019623456466,0.706411747245203,0.37250071166193,0.563710839224681,0.165872785487965,-0.150950905686062,0.167092498831248,0.225170621125286,0.166831260687792,-0.101421850850751,0.752616564967033,0.417100793757224,-0.676314907401048,-0.755767126679991,-0.339748110088229,-0.630562644616952,-0.572204331676833,-0.611157557770883,-0.484624723691013,-0.577175184260466,-0.502197723579507,-0.487122802198819,-0.409361672258955,-0.130071518375927,-0.399648375378674,-0.503106177605827,0.191691612822081,0.200906060657355,-0.731252574638393,-0.40280867553823,-0.0105174500137208,0.386702171260756,-0.0539555568740624,0.372023657863715,-0.0884302218123123,0.0750936372040154,-0.0625904196802168,-0.242826115164576,-0.438850632611572,-0.288017213204615,0.182364610019669,0.404222148979318,0.573003175812841,0.69368278357431,0.833009792129213,0.680328701643911,0.349415013867996,0.344343526239381,0.0738340052712421,-0.468140190256973,-0.603966076610854,-0.219074285712201,0.16455627334612,-0.0519103217951347,-0.199752354602905,-0.13027240585294,0.151484500834082,0.0843700551915836,-0.00682576604880882,-0.736648307468331,0.239868928755651,0.127654036196741,0.474698501006791,0.18781884107211,0.414541287629844,0.568806288961778,0.23259169393648,-0.0664746700257949,-0.409183202540932,-0.415985250462207,0.252716718912808,0.277742225271091,0.169401084197378,-0.321069229336301,0.0353600692372596,0.1229164962125,-0.175321877299392,-0.326018417512743,0.819825647468439,0.468292433554017,-0.345223528062874,-0.604421922241992,-0.19093031126825,0.0361081366401278,0.428857863054606,0.587545250917234
"Mean_2322",-0.455092134926937,-0.431371579945618,0.0911413269210319,0.0989917362926571,0.129942493024687,-0.171004921989302,-0.340323997119869,-0.480137871172645,-0.213623651715514,-0.56041649652262,-0.307509984784352,-0.293388271261008,-0.367425175162072,0.482432462958701,-0.306563534141198,1,0.0631761690599517,0.168556879154155,-0.262798103945212,0.0382749891252192,0.17913461454324,0.421109460583812,0.12688582392292,0.464315997944992,0.738971324564662,0.0917442743112698,0.585722496735235,-0.542109048872372,0.330153921014101,0.319649867132741,0.71891609910135,0.0541781625578865,-0.143676340147727,-0.0568447946719601,0.147881510100181,0.0526786021936778,0.089042562734034,0.237318396968802,-0.163150921936397,0.343425113922142,-0.525208707662071,0.232709588041834,0.287928214192606,0.356930512330335,-0.0136837637664365,0.30169037457635,0.162181360806499,0.18691139285407,0.474699481149372,0.168964801954382,0.357677332444929,0.262412898335063,0.408692060585476,0.367792098735551,0.1392812480407,0.23064613452044,-0.510710174818224,-0.460574665569344,0.204215444411703,-0.0995671144710862,-0.670580811665617,-0.780540973038347,-0.481060458427472,-0.229700449725824,-0.683797124992179,-0.210579754288248,0.21490144619104,0.333094665808707,0.617383477555313,0.676410897378664,-0.149496991895073,-0.0276662926693638,-0.287914116442494,-0.158414767628457,-0.534581767336549,-0.317354334406135,-0.15515837603594,0.121465227185359,0.325806920772779,0.155483364672452,0.22156726386355,0.647032990079017,-0.0329191104272185,0.524759471262791,0.119768208457309,-0.0901288967602219,-0.293440937597808,-0.00402085522079683,-0.631289078498246,-0.091440654379466,0.0844774063949464,-0.0245029746084581,-0.26675066190639,-0.259173777780929,0.47519948665716,-0.0997971703406102,0.416501512446066,0.0424926811596166,0.232158902308329,0.161537782746685,-0.410673886414893,-0.590282469016675,0.312499272240267,-0.134300456297265,0.780124175450598,-0.0994891662688428,-0.197632721339956,0.398928413281183,-0.374592612711324,0.108379130921497,0.394933903441884,0.580278082893739,-0.130988192337285,0.030130265816787,0.322492317369621,0.0527311003359286
"Mean_2331",0.318383116825753,-0.310672437218071,-0.113946219370447,-0.546793884503897,0.207468631248415,-0.783985362605983,0.0807372657384917,-0.348002946496405,0.407276293601226,-0.306510901099591,0.501633265754321,0.0974585964157032,0.705887045283612,0.248919995435611,0.129994156105798,0.0631761690599517,1,0.795454534822459,0.0171190619800326,-0.453441922232956,-0.302770984987225,-0.0151595312901143,-0.503776740673869,-0.259048300032835,0.152144156675525,0.382583813601247,-0.05096434975425,-0.273136699925421,0.869214987573525,0.553055016170595,-0.208866873415895,-0.0077893758657086,0.179195248046437,-0.174176681422396,-0.627077571919819,-0.870922681191237,0.453995345070895,0.612069478991226,0.765143588871643,-0.113904924138954,0.257625967039869,0.107093661237205,0.0432535546371821,0.0394899624195199,0.412922939176257,0.197025208974513,0.301883092407666,0.271598982335601,0.325867912165437,-0.136821934256929,0.16161175626474,-0.112068259935067,-0.0446935005935694,-0.4720756843648,0.404877607969801,0.486658949406019,0.374327871254025,-0.0989639324089928,-0.192943935918768,-0.124182293985868,-0.228473807847253,-0.0965497345706436,0.0559479469590186,-0.442511963738681,-0.0884038907512864,-0.420179218652965,-0.678642035853951,-0.539265688552367,-0.392917853907471,-0.331006055676034,0.552618958165058,0.0223640113242368,0.267218401319731,0.367491871347238,-0.0592763717727437,0.165181193482601,-0.000183866191641385,-0.456622724250455,0.620350107254713,-0.356581204111244,0.447091930995499,0.70973435068102,-0.0228737342638014,-0.0121498894910504,0.914512493287404,-0.406667109112773,-0.395619775696234,-0.694567384672157,0.492992085535229,-0.192056485666883,-0.44448109498828,-0.0514819546129209,-0.34926523934951,-0.190652549578065,-0.0604638811835033,0.728059764871242,0.544510404180133,0.34605713525758,0.196915047959075,0.516292265256092,-0.452825158443068,-0.188450531456835,-0.0463968655687995,-0.130852778205341,-0.200933318874312,-0.407252662089131,-0.638777095937101,-0.55980116633531,0.0434591606983415,0.0569363227578545,0.00792931688324424,0.537521798953387,0.294842532540914,-0.193652045705078,-0.543314236358999,0.328442898165243
